,0
0,"{'priors': array([52.08375032,  0.43122733,  0.22563887, -0.16944829, -0.2000993 ,
        0.28997553,  0.85907174,  0.28868811,  0.48560776,  0.24711479,
       -0.1192248 ,  0.25197069, -0.09861952, -0.38538469,  0.5014947 ,
       -0.25595914, -0.17346023,  0.44437505, -0.39414687,  0.15095715,
       -0.17361102, -0.08496201,  0.07909064,  0.31332557, -0.23506514,
        0.40946007, -0.36625202,  2.9252786 , -1.18246921,  1.83999801,
       -0.20707886, -2.10613518, -1.52838196, -6.0163362 ,  0.64310279,
       -1.257803  , -2.08460238,  1.7537501 , -2.70341686, -2.30375498,
       -1.2675216 ,  1.29678832, -2.68252284, -0.82483012,  1.00309371,
       -1.21385459, -0.60140038, -1.18618482,  3.68806509, -3.27541749,
       -1.08692043,  4.93313468,  6.58468241,  0.        ]), 'lt_0 - slope_sigma_log__': array(-7.54278868), 'lt_0 - slope_z_offset': array([ 4.32317775e-04, -7.06212014e-04, -1.93192809e-03, -8.10306349e-04,
       -2.45891440e-04, -1.56691089e-04, -4.15929397e-04,  5.47530225e-05,
       -8.55096050e-04, -1.81656162e-03, -5.57428410e-04,  4.12662135e-04,
       -3.72642862e-04, -2.64609497e-04, -1.24538827e-03, -5.94633646e-04,
       -2.71843267e-04, -3.77217391e-04, -6.38312483e-04, -2.00670711e-03,
       -1.13812229e-04, -5.67756743e-05,  1.05065498e-05, -2.96725318e-04,
       -3.46639362e-05,  5.84252053e-04, -2.65272849e-04,  1.08556318e-03,
       -5.74484947e-04, -9.12081360e-05, -8.04996042e-04, -3.82571487e-04,
        3.67364249e-04,  4.08097722e-04, -4.63096487e-04, -3.47778150e-04,
       -3.78005051e-05, -8.07023194e-04, -7.84282574e-04, -4.79736930e-04,
       -1.72394055e-04, -3.99699411e-04, -7.20816769e-05, -2.60091325e-04,
        7.42909639e-04, -2.23814606e-04, -1.07787701e-04, -9.91710353e-04,
       -4.74606734e-04, -3.18398756e-04, -1.62850199e-04,  7.28021515e-05,
       -1.34967763e-03,  1.91470320e-04, -8.46062473e-04,  4.60844172e-05,
       -4.59469417e-04, -4.49324418e-04, -9.11896384e-04, -1.30137545e-03,
       -3.33995138e-04,  9.27717557e-05, -8.99625365e-04,  4.13798987e-05,
       -5.46459033e-04, -8.87793027e-05, -5.17412014e-04, -3.04356069e-04,
        2.05022345e-04, -7.21014785e-04, -5.68611319e-05, -4.93975706e-04,
       -4.69575848e-04, -9.49568571e-05, -1.32617293e-04, -6.27437940e-04,
       -6.10852636e-04, -4.55695997e-04, -1.77999581e-03,  2.54001114e-04,
       -4.89211821e-04, -1.16779066e-03, -5.73931784e-04,  6.52008820e-05,
       -1.78303746e-04, -4.50533321e-04, -2.02804431e-05, -5.66576602e-04,
       -8.82365207e-04, -2.22003161e-04, -2.18904509e-03, -1.62326681e-03,
       -3.48398354e-04,  1.94441425e-04, -5.51800227e-04, -7.48529754e-04,
       -9.35018452e-04, -1.29645577e-03, -7.76353951e-05,  7.40042580e-06,
        1.38542507e-04, -3.25433312e-04, -7.54274731e-04, -8.64719653e-04,
       -4.08442807e-04, -1.14596679e-03, -7.24773354e-04, -3.84514185e-04,
       -7.46122052e-04, -2.52824111e-04, -1.04676014e-04, -3.63831006e-04,
       -6.44699050e-04,  1.50072463e-04,  1.27755893e-04, -6.81131334e-05,
       -2.49645450e-04, -6.11660718e-04,  4.83903333e-06,  9.11755969e-04,
       -4.28509273e-04, -5.58385762e-05,  2.28664334e-04, -5.35062755e-04,
       -4.40138585e-04, -9.53136169e-04, -2.35591332e-03,  5.53997301e-04,
       -3.37055357e-04, -7.19283271e-04, -9.38807685e-05, -6.73899036e-04,
       -4.82153959e-04, -1.53014514e-05, -7.32067168e-04, -7.32327015e-05,
       -6.27510270e-04, -3.25960963e-04, -1.51531015e-03, -5.76275901e-05,
       -1.59128903e-04, -3.52156960e-04, -5.36851884e-05, -5.61199930e-04,
       -3.32267221e-04, -1.70339383e-03,  7.50482193e-05, -1.06357102e-06,
       -8.96730067e-04, -9.96854995e-04, -6.08371678e-04,  4.57965952e-04,
       -8.51254954e-04, -1.05619107e-03, -3.17768085e-05, -3.39966622e-03,
       -7.71898141e-04, -2.27882089e-04, -1.52320465e-03, -1.30574399e-03,
       -4.57642070e-05, -7.85436886e-04, -2.90250815e-04, -1.65943122e-04,
       -1.34026657e-03, -1.64611101e-03, -6.81414142e-04,  4.89932883e-05,
       -5.58448648e-04, -2.68227982e-04, -4.76504760e-04, -1.60207098e-04,
       -3.99694869e-04,  2.68269975e-04,  1.52652569e-04, -4.54529201e-04,
       -4.96233211e-04, -7.47922850e-05, -6.21268266e-04, -7.31335219e-04,
       -1.03321445e-03, -1.12973882e-03, -3.23347866e-04, -3.57055108e-04,
       -8.00131839e-04,  1.50539123e-04, -1.65313765e-03, -9.07982622e-04,
        4.53012454e-04, -1.35477459e-03, -2.84945751e-04, -2.00483056e-04,
       -1.09411105e-03,  7.99627771e-04,  3.46829979e-05, -1.05988242e-03,
       -6.21985528e-04, -4.28887358e-04, -6.79653577e-04, -1.42564718e-04,
       -4.47962930e-04, -3.42931670e-04,  3.21496062e-05,  9.72839084e-04,
       -4.85407139e-04, -1.01443968e-04, -2.61502855e-04, -1.05485225e-03,
        2.29450093e-05,  3.26773856e-04, -3.60769283e-04, -1.20504523e-03,
        4.02673302e-04, -1.40207837e-04, -7.79902061e-05, -3.68584863e-04,
       -4.14375113e-05, -6.65669917e-04, -1.26125731e-03, -1.01067295e-04,
       -5.20537473e-05, -9.16576112e-04, -1.80444358e-04, -8.65992319e-05,
       -3.89187913e-04, -1.27753255e-03, -5.74449899e-04, -3.32206578e-04,
        5.58047310e-04,  1.21921031e-04, -3.61248570e-03, -8.20634253e-04,
       -1.66009737e-04,  3.75832031e-04, -1.23909130e-04,  7.02579371e-04,
       -6.12134392e-04, -6.51493483e-04, -1.05510815e-05,  4.21973801e-04,
       -7.74709138e-04, -3.14774727e-04,  7.87030939e-05, -2.37578210e-04,
       -5.94498842e-04, -4.68456271e-05, -1.16165722e-04,  4.92402198e-04,
       -7.57085288e-04, -3.33924786e-04, -1.08174665e-03, -7.80064064e-04,
       -8.33310766e-04, -4.50191041e-04,  1.11344007e-04, -1.18887927e-03,
       -1.82346981e-04,  2.90198871e-04, -4.95810984e-04, -8.46737268e-05,
       -3.70126658e-04, -5.69625295e-04, -4.74169779e-05, -6.27289504e-04,
       -7.22957971e-05, -3.10579001e-04, -5.60056899e-04, -1.80284171e-04,
        5.02771069e-04, -9.61188809e-04, -2.83162346e-04, -4.65619284e-04,
        1.60563276e-04, -4.25557446e-04, -1.49111768e-03, -2.39916618e-04,
       -2.60801977e-04, -5.70445959e-04,  5.12149042e-04,  3.13601399e-04,
       -4.24095283e-04, -2.72190144e-04,  3.43866308e-04, -1.61033897e-03,
       -6.29848289e-04, -2.22347707e-04, -2.92669755e-04, -5.15330116e-04,
        2.92645956e-04, -2.88782062e-04, -4.80518516e-04,  2.15824930e-05,
       -1.22588147e-03,  2.67291783e-04, -1.98569872e-03,  1.71257024e-05,
       -1.79472684e-03, -1.58937022e-04, -6.85266171e-04,  6.76808230e-04,
       -2.30710385e-04, -1.78532709e-04, -7.84064094e-04, -9.60208881e-04,
        2.72207271e-05, -8.56651209e-04, -2.78587672e-03, -1.49418064e-04,
       -6.14794092e-04, -6.00220219e-04, -9.14709159e-04, -7.84443746e-04,
       -1.12241075e-04, -9.86268603e-04, -9.45766912e-04, -3.53532159e-04,
       -6.70066119e-04, -9.94552773e-04, -1.81458172e-05, -6.23037207e-04,
       -7.53554151e-04, -7.10563995e-04, -7.92795525e-04, -2.75643947e-04,
       -2.21057409e-04, -2.09367865e-05, -1.11557262e-03, -4.06647450e-04,
       -1.15835846e-04, -4.76844655e-04, -3.02532920e-04, -9.81992673e-04,
       -3.04682222e-04,  3.47333917e-04, -5.88526162e-04, -1.93686284e-03,
       -7.62174836e-04, -2.46160629e-04, -1.45288202e-03,  1.94401589e-04,
       -1.75936241e-04, -1.62927037e-04, -3.88951210e-04, -1.64566861e-04,
       -1.12397866e-03,  1.43082428e-04, -6.70134061e-04, -6.15676659e-04,
       -5.96616778e-04, -6.36375811e-04, -5.35967937e-05,  2.44116921e-04,
       -2.33495027e-04, -4.78205044e-04, -8.87771971e-04, -5.24833096e-04,
        2.12315897e-04, -1.14516439e-03, -5.45807538e-05,  1.69972049e-05,
       -9.72046885e-04, -6.49641655e-04, -4.38594721e-05, -9.14572428e-04,
       -1.12202767e-04, -5.77344121e-04, -1.43840290e-04, -8.55641460e-04,
        1.35243011e-04, -6.27650286e-04, -1.16643475e-03,  1.50820627e-05,
       -1.28637262e-04, -4.46647180e-04, -6.80472601e-04, -7.14397578e-04,
       -3.71605316e-04, -1.73974069e-04,  1.39893811e-04, -1.31717102e-04,
       -2.53537951e-04, -2.81286031e-04,  2.37584799e-04, -2.52063540e-04,
       -1.72267923e-04, -6.07547668e-04, -5.03032476e-04,  1.73947900e-04,
       -5.43097229e-04,  9.06720767e-05, -4.66181300e-04, -1.59134893e-04,
       -5.36039261e-04, -2.37458761e-05,  7.19403656e-04, -5.11873127e-04,
        2.19501559e-04, -2.36443057e-04, -1.47723798e-04, -1.72156909e-04,
       -1.53287671e-03, -4.76846689e-04, -4.46573873e-05, -6.49754921e-04,
        2.99297153e-04, -4.03043104e-04, -4.52602394e-04, -1.50021089e-03,
       -8.01845013e-04, -5.20915317e-04, -2.29347870e-04, -2.65837169e-04,
       -1.08047917e-03,  3.20328896e-04, -3.23180164e-04, -2.54024071e-04,
       -4.42740093e-04,  3.70468235e-04, -5.53889399e-05, -2.77796693e-04,
        9.90014147e-04, -2.27793465e-04, -1.58592369e-03,  4.38802313e-05,
       -5.41728258e-04, -1.61140622e-03, -4.68610170e-04, -3.10870160e-04,
       -2.84819243e-04, -7.16727978e-04, -3.45191551e-04, -2.92236012e-03,
       -2.14179159e-04, -5.00995348e-04, -2.18417207e-05, -7.51001827e-04,
       -1.32536870e-04, -6.28232791e-04, -3.56537595e-04, -6.48944530e-04,
       -1.14977749e-04, -1.19933414e-04, -1.40857586e-04, -2.08908911e-04,
       -2.12783682e-04, -1.03106956e-03, -7.12029413e-04,  2.51468700e-04,
        1.44343513e+00]), 'lt_0 - delta': array([-2.49328836e-02, -1.44180976e-04, -1.84096738e-01, -4.23355846e-02,
       -1.51639465e-01, -4.91571513e-02, -1.65611970e-01, -4.67455138e-03,
        2.12301067e-01, -4.41064667e-02, -3.68643608e-02, -1.12593094e-01,
        3.57028430e-03,  1.87600074e-02, -1.91893543e+00, -1.46347489e+00,
       -1.70049939e-01,  6.15978816e-01,  7.74952113e+00, -1.91119688e-02,
       -6.84324059e+00,  8.20232490e-01, -1.48083014e+00,  8.50014706e+00,
       -7.02257593e+00]), 'lt_0 - intercept': array([-0.91970026, -0.91754963, -0.99845156, -0.91774467, -0.93715911,
       -0.8855775 , -0.88022616, -0.89816312, -0.92574533, -1.00479828,
       -0.89207929, -0.93424281, -0.8713255 , -0.88803636, -0.94771354,
       -0.90596047, -0.88890381, -0.89881536, -0.87836764, -1.05843248,
       -0.9403651 , -0.88821923, -0.9296628 , -0.88352879, -0.89413802,
       -0.92952275, -0.86166471, -1.08228227, -0.88308765, -0.88435849,
       -0.91497056, -0.90191695, -0.919848  , -0.95283778, -0.89872067,
       -0.88796582, -0.90184894, -0.98603395, -0.88391856, -0.88386944,
       -0.89942308, -0.89353325, -0.89140012, -0.88650842, -0.95862537,
       -0.89233511, -0.89600691, -0.91828238, -0.89061895, -0.8850745 ,
       -0.89839712, -0.88999772, -0.97300173, -0.8998368 , -0.91858315,
       -0.91408696, -0.86965923, -0.89857482, -0.95254887, -0.95869893,
       -0.90734812, -0.89864719, -0.91456778, -0.89083514, -0.90898837,
       -0.89391753, -0.89911138, -0.88620341, -0.90396093, -0.92077855,
       -0.89334055, -0.91071376, -0.91591878, -0.88340801, -0.90867596,
       -0.91042243, -0.90378933, -0.90298549, -0.98946972, -0.90361072,
       -0.87899061, -0.93059035, -0.88788427, -0.91354838, -0.88018625,
       -0.88458185, -0.89771313, -0.91395418, -0.89549098, -0.8957301 ,
       -1.06668022, -0.98037502, -0.87924087, -0.94895887, -0.9084642 ,
       -0.90959144, -0.92449863, -0.933351  , -0.90136029, -0.89452605,
       -0.90905488, -0.88420451, -0.90790749, -0.93633779, -0.86785911,
       -0.92395023, -0.9148693 , -0.91334592, -0.91725376, -0.89419837,
       -0.9397099 , -0.88371303, -0.88704793, -0.91519925, -0.90446756,
       -0.90103791, -0.88691427, -0.91584326, -0.91098251, -0.95799277,
       -0.90283043, -0.89249824, -0.94509649, -0.88968044, -0.89988758,
       -0.91265454, -0.99940908, -0.95602156, -0.90603876, -0.92829724,
       -0.9043009 , -0.88663103, -0.89318084, -0.89395682, -0.92180626,
       -0.8940729 , -0.89516533, -0.90169754, -0.93583958, -0.89552471,
       -0.88611843, -0.8758045 , -0.90344562, -0.92345341, -0.88108117,
       -1.13315269, -0.89771368, -0.89551302, -0.93414774, -0.9127691 ,
       -0.93227701, -0.93351255, -0.92245992, -0.93029878, -0.89790214,
       -1.17371374, -0.90786653, -0.88797239, -0.97172439, -0.95004165,
       -0.89832958, -0.93418217, -0.92112878, -0.88044965, -0.94586594,
       -1.05553221, -0.90002251, -0.89355493, -0.90047467, -0.87082193,
       -0.89008956, -0.89777505, -0.89162024, -0.90610861, -0.90163175,
       -0.89209348, -0.91225161, -0.8898569 , -0.90994381, -0.95705942,
       -0.91638684, -0.92890556, -0.89640749, -0.93270031, -0.96381984,
       -0.8956816 , -0.95369827, -0.92079602, -0.926731  , -0.93737768,
       -0.90467174, -0.88040782, -0.96202579, -0.94682537, -0.89361596,
       -0.91786999, -0.92661386, -0.90936951, -0.92617989, -0.89089676,
       -0.91162848, -0.87766694, -0.89050846, -0.97567593, -0.93761977,
       -0.88634805, -0.91863911, -0.91382833, -0.88904909, -0.91897091,
       -0.89736194, -0.93499331, -0.92115263, -0.90144257, -0.88426841,
       -0.88365138, -0.91518695, -0.89663166, -0.92426305, -0.87823816,
       -0.88553308, -0.92327699, -0.89401692, -0.89958583, -0.88734273,
       -0.93283034, -0.90323113, -0.88498547, -0.91286905, -0.91422986,
       -1.14745137, -0.89634903, -0.87706536, -0.93039661, -0.88469904,
       -0.93158233, -0.90666743, -0.89134445, -0.88317668, -0.92965358,
       -0.90435201, -0.89139902, -0.89849143, -0.88668325, -0.92615721,
       -0.89886421, -0.88756401, -0.9252698 , -0.90392763, -0.95412288,
       -0.94924998, -0.90333351, -0.94607122, -0.87945912, -0.89984536,
       -0.92692955, -0.90653198, -0.9040162 , -0.88929116, -0.90663704,
       -0.89169737, -0.89142905, -0.87991563, -0.89687296, -0.89799834,
       -0.92639901, -0.88568082, -0.88090156, -0.94156343, -0.93433735,
       -0.88026634, -0.88279767, -0.92089886, -0.89750241, -0.95958947,
       -0.95911439, -0.89002736, -0.91085205, -0.91610148, -0.90519521,
       -0.88742327, -0.88188924, -0.90961863, -1.01393182, -0.92312986,
       -0.8861984 , -0.88684094, -0.92000511, -0.95815407, -0.87925372,
       -0.88738499, -0.88189368, -0.94272882, -0.91347863, -1.04157676,
       -0.96325366, -0.95715829, -0.89414363, -0.9022015 , -0.93318951,
       -0.88948888, -0.92329298, -0.92776515, -0.93966373, -0.90263865,
       -0.89919928, -1.10208681, -0.8936611 , -0.90671374, -0.90696149,
       -0.90856211, -0.9618475 , -0.88439508, -0.92562483, -0.9360599 ,
       -0.87264771, -0.91036691, -0.91330284, -0.89600577, -0.90539365,
       -0.90082143, -0.93034457, -0.89485986, -0.87871033, -0.87863991,
       -0.88504906, -0.93125262, -0.88102949, -0.88166446, -0.89579102,
       -0.87303853, -0.92750995, -0.9005559 , -0.91480164, -0.92387538,
       -0.99482872, -1.05999687, -0.91429317, -0.9773992 , -0.96856244,
       -0.918717  , -0.88118109, -0.91575526, -0.90355104, -0.91217622,
       -0.8960989 , -0.97724233, -0.90832247, -0.89482369, -0.89176461,
       -0.89565316, -0.90925283, -0.87841711, -0.88521949, -0.95498209,
       -0.88400037, -0.91386254, -0.96066252, -0.90997913, -0.89024313,
       -0.92551287, -0.88975515, -0.88366196, -0.92488559, -0.8914654 ,
       -0.90110493, -0.8973434 , -0.91033119, -0.90827385, -0.9149193 ,
       -1.08168366, -0.92402898, -0.88787299, -0.93875056, -0.92223247,
       -0.89545607, -0.86589103, -0.88311983, -0.89075918, -0.89440861,
       -0.89732509, -0.8921425 , -0.91556829, -0.88220754, -0.8775195 ,
       -0.90885601, -0.88656529, -0.90789691, -0.9159525 , -0.92711983,
       -0.89401436, -0.87944701, -0.89613059, -0.9184091 , -0.94608367,
       -0.90473763, -0.90677348, -0.88899912, -0.89550694, -0.89444928,
       -0.98062213, -0.89562624, -0.89592655, -0.90979328, -0.91416142,
       -0.90463241, -0.9159873 , -0.97719903, -0.8917306 , -0.92299243,
       -0.87958461, -0.88161463, -0.95332625, -0.90945986, -0.93142905,
       -0.88332428, -0.92226614, -0.93906562, -0.93307027, -0.91427076,
       -0.95486814, -0.87941504, -1.01734931, -0.89486141, -0.92895976,
       -1.08053888, -0.89084182, -0.92069936, -0.8792383 , -0.92306028,
       -0.87019991, -1.0779538 , -0.94845967, -0.88127255, -0.900334  ,
       -0.89448444, -0.91258272, -0.94804468, -0.87898852, -0.91813227,
       -0.89452945, -0.90530204, -0.88423707, -0.89939249, -0.90509855,
       -0.94313898, -0.91519872, -0.90407873, -0.97179651]), 'fs_0 - beta_sigma(p=7,n=3)_log__': array([-13.25131073, -13.3100107 , -13.29699224, -13.31007888,
       -13.30661223, -13.25020089]), 'fs_0 - beta_z_offset(p=7,n=3)': array([[-1.83868884e-05,  7.82375861e-05,  1.96213312e-05,
         1.30467312e-05,  1.00442237e-05, -3.14172696e-05],
       [-7.93850408e-06,  4.77053888e-06,  1.18662271e-05,
         1.75120642e-05, -1.79561403e-06,  7.26753015e-06],
       [-5.86797290e-05, -1.04695417e-04, -7.21310978e-05,
        -3.80188595e-05, -3.60688755e-05,  1.17156689e-05],
       ...,
       [ 3.98884126e-05, -4.80699760e-05, -1.17278045e-05,
        -7.36382442e-06, -1.57409604e-05,  1.44527019e-05],
       [-4.35740723e-05,  4.35038996e-05,  3.73782245e-05,
        -2.49531079e-05,  2.99838032e-05, -3.33064828e-05],
       [ 1.11275354e-03, -7.88966028e-05,  1.08406045e-03,
         4.38613100e-04,  5.77693026e-05, -3.74929237e-04]]), 'fs_1 - beta_sigma(p=365.25,n=10)_log__': array([-13.16921824, -13.27949291, -13.24676062, -13.24302305,
       -13.33180451, -13.29040384, -13.34513023, -13.30529167,
       -13.25020487, -13.33714888, -13.31225537, -13.29498388,
       -13.27983673, -13.28398895, -13.35170758, -13.28889845,
       -13.25053849, -13.31545177, -13.25700379, -13.2731705 ]), 'fs_1 - beta_z_offset(p=365.25,n=10)': array([[ 7.66325454e-04,  5.87900166e-04,  3.47049538e-04, ...,
         4.53330872e-05,  1.20961194e-04,  6.14502142e-05],
       [-2.89363132e-04, -2.02150798e-04, -6.16844976e-05, ...,
        -5.81316717e-04,  3.46720200e-04, -3.18575751e-04],
       [-1.28188222e-03, -9.67138213e-04, -4.03555293e-04, ...,
        -5.08903853e-04,  3.34909661e-04, -1.99114078e-04],
       ...,
       [-2.40696532e-04, -2.38233250e-04, -5.92420325e-04, ...,
         6.75526217e-07, -3.18031108e-05, -7.91415567e-05],
       [ 6.07562120e-04,  4.60634264e-04,  2.99794237e-04, ...,
         2.79407130e-04, -2.76006708e-04, -2.84736528e-05],
       [ 2.90746719e-03,  1.36924921e-03,  1.00511983e-03, ...,
        -7.88608214e-04, -3.33415410e-04, -4.59428213e-03]]), 'sigma_log__': array(-3.10658857), 'lt_0 - slope_sigma': array(0.00052992), 'fs_0 - beta_sigma(p=7,n=3)': array([1.75804048e-06, 1.65781398e-06, 1.67953726e-06, 1.65770095e-06,
       1.66345760e-06, 1.75999272e-06]), 'fs_1 - beta_sigma(p=365.25,n=10)': array([1.90845176e-06, 1.70918670e-06, 1.76605798e-06, 1.77267111e-06,
       1.62207477e-06, 1.69063927e-06, 1.60060284e-06, 1.66565575e-06,
       1.75998570e-06, 1.61342891e-06, 1.65409692e-06, 1.68291377e-06,
       1.70859916e-06, 1.70151938e-06, 1.59010965e-06, 1.69318625e-06,
       1.75939863e-06, 1.64881819e-06, 1.74806030e-06, 1.72002712e-06]), 'sigma': array(0.04475337), 'prior_lt_0 - slope': array(1.84785561), 'prior_lt_0 - intercept': array(-0.03144956), 'prior_lt_0 - delta': array([-0.11526156, -0.097302  , -0.05999631, -0.01561293,  0.07474981,
        0.0648099 ,  0.13852113,  0.12486165,  0.13675261,  0.13432988,
        0.10897173, -0.03014727, -0.12118377, -0.31660021, -0.26771099,
       -0.26528866, -0.61807278, -0.33119931, -0.53219944, -0.068395  ,
        0.60043765,  1.85505086,  2.34039716,  0.53844609, -0.02023933]), 'prior_fs_0 - beta(p=7,n=3)': array([-0.00119835,  0.00035297, -0.00138649, -0.00052306, -0.00016133,
        0.00031722]), 'prior_fs_1 - beta(p=365.25,n=10)': array([-0.00238879, -0.00277287, -0.00618203, -0.00477218, -0.00674895,
       -0.00597535, -0.0022261 , -0.00500243, -0.00147558, -0.00265758,
       -0.00181507, -0.00144433, -0.00368485,  0.00253193, -0.00561688,
        0.00074291, -0.00020543,  0.00242806,  0.00418963,  0.00838646]), 'prior_sigma': array(0.08649127), 'lt_0 - slope_shared': array(1.84785561), 'lt_0 - slope': array([1.84785584, 1.84785523, 1.84785458, 1.84785518, 1.84785548,
       1.84785552, 1.84785539, 1.84785564, 1.84785515, 1.84785464,
       1.84785531, 1.84785583, 1.84785541, 1.84785547, 1.84785495,
       1.84785529, 1.84785546, 1.84785541, 1.84785527, 1.84785454,
       1.84785555, 1.84785558, 1.84785561, 1.84785545, 1.84785559,
       1.84785592, 1.84785547, 1.84785618, 1.8478553 , 1.84785556,
       1.84785518, 1.8478554 , 1.8478558 , 1.84785582, 1.84785536,
       1.84785542, 1.84785559, 1.84785518, 1.84785519, 1.84785535,
       1.84785552, 1.84785539, 1.84785557, 1.84785547, 1.847856  ,
       1.84785549, 1.84785555, 1.84785508, 1.84785536, 1.84785544,
       1.84785552, 1.84785565, 1.84785489, 1.84785571, 1.84785516,
       1.84785563, 1.84785536, 1.84785537, 1.84785512, 1.84785492,
       1.84785543, 1.84785566, 1.84785513, 1.84785563, 1.84785532,
       1.84785556, 1.84785533, 1.84785545, 1.84785572, 1.84785522,
       1.84785558, 1.84785534, 1.84785536, 1.84785556, 1.84785554,
       1.84785527, 1.84785528, 1.84785537, 1.84785466, 1.84785574,
       1.84785535, 1.84785499, 1.8478553 , 1.84785564, 1.84785551,
       1.84785537, 1.8478556 , 1.84785531, 1.84785514, 1.84785549,
       1.84785445, 1.84785475, 1.84785542, 1.84785571, 1.84785531,
       1.84785521, 1.84785511, 1.84785492, 1.84785557, 1.84785561,
       1.84785568, 1.84785543, 1.84785521, 1.84785515, 1.84785539,
       1.847855  , 1.84785522, 1.8478554 , 1.84785521, 1.84785547,
       1.84785555, 1.84785541, 1.84785526, 1.84785569, 1.84785567,
       1.84785557, 1.84785547, 1.84785528, 1.84785561, 1.84785609,
       1.84785538, 1.84785558, 1.84785573, 1.84785532, 1.84785537,
       1.8478551 , 1.84785436, 1.8478559 , 1.84785543, 1.84785523,
       1.84785556, 1.84785525, 1.84785535, 1.8478556 , 1.84785522,
       1.84785557, 1.84785527, 1.84785543, 1.8478548 , 1.84785558,
       1.84785552, 1.84785542, 1.84785558, 1.84785531, 1.84785543,
       1.8478547 , 1.84785565, 1.84785561, 1.84785513, 1.84785508,
       1.84785528, 1.84785585, 1.84785516, 1.84785505, 1.84785559,
       1.84785381, 1.8478552 , 1.84785549, 1.8478548 , 1.84785491,
       1.84785558, 1.84785519, 1.84785545, 1.84785552, 1.8478549 ,
       1.84785473, 1.84785525, 1.84785563, 1.84785531, 1.84785546,
       1.84785535, 1.84785552, 1.84785539, 1.84785575, 1.84785569,
       1.84785537, 1.84785534, 1.84785557, 1.84785528, 1.84785522,
       1.84785506, 1.84785501, 1.84785544, 1.84785542, 1.84785518,
       1.84785569, 1.84785473, 1.84785513, 1.84785585, 1.84785489,
       1.84785546, 1.8478555 , 1.84785503, 1.84785603, 1.84785562,
       1.84785504, 1.84785528, 1.84785538, 1.84785525, 1.84785553,
       1.84785537, 1.84785542, 1.84785562, 1.84785612, 1.84785535,
       1.84785555, 1.84785547, 1.84785505, 1.84785562, 1.84785578,
       1.84785542, 1.84785497, 1.84785582, 1.84785553, 1.84785557,
       1.84785541, 1.84785558, 1.84785525, 1.84785494, 1.84785555,
       1.84785558, 1.84785512, 1.84785551, 1.84785556, 1.8478554 ,
       1.84785493, 1.8478553 , 1.84785543, 1.8478559 , 1.84785567,
       1.84785369, 1.84785517, 1.84785552, 1.84785581, 1.84785554,
       1.84785598, 1.84785528, 1.84785526, 1.8478556 , 1.84785583,
       1.8478552 , 1.84785544, 1.84785565, 1.84785548, 1.84785529,
       1.84785558, 1.84785554, 1.84785587, 1.84785521, 1.84785543,
       1.84785503, 1.84785519, 1.84785516, 1.84785537, 1.84785567,
       1.84785498, 1.84785551, 1.84785576, 1.84785534, 1.84785556,
       1.84785541, 1.8478553 , 1.84785558, 1.84785527, 1.84785557,
       1.84785544, 1.84785531, 1.84785551, 1.84785587, 1.8478551 ,
       1.84785546, 1.84785536, 1.84785569, 1.84785538, 1.84785482,
       1.84785548, 1.84785547, 1.8478553 , 1.84785588, 1.84785577,
       1.84785538, 1.84785546, 1.84785579, 1.84785475, 1.84785527,
       1.84785549, 1.84785545, 1.84785533, 1.84785576, 1.84785545,
       1.84785535, 1.84785562, 1.84785496, 1.84785575, 1.84785455,
       1.84785562, 1.84785466, 1.84785552, 1.84785524, 1.84785597,
       1.84785548, 1.84785551, 1.84785519, 1.8478551 , 1.84785562,
       1.84785515, 1.84785413, 1.84785553, 1.84785528, 1.84785529,
       1.84785512, 1.84785519, 1.84785555, 1.84785508, 1.84785511,
       1.84785542, 1.84785525, 1.84785508, 1.8478556 , 1.84785528,
       1.84785521, 1.84785523, 1.84785519, 1.84785546, 1.84785549,
       1.8478556 , 1.84785502, 1.84785539, 1.84785555, 1.84785535,
       1.84785545, 1.84785509, 1.84785545, 1.84785579, 1.84785529,
       1.84785458, 1.8478552 , 1.84785548, 1.84785484, 1.84785571,
       1.84785551, 1.84785552, 1.8478554 , 1.84785552, 1.84785501,
       1.84785568, 1.84785525, 1.84785528, 1.84785529, 1.84785527,
       1.84785558, 1.84785574, 1.84785548, 1.84785535, 1.84785514,
       1.84785533, 1.84785572, 1.847855  , 1.84785558, 1.84785562,
       1.84785509, 1.84785526, 1.84785558, 1.84785512, 1.84785555,
       1.8478553 , 1.84785553, 1.84785515, 1.84785568, 1.84785527,
       1.84785499, 1.84785561, 1.84785554, 1.84785537, 1.84785525,
       1.84785523, 1.84785541, 1.84785551, 1.84785568, 1.84785554,
       1.84785547, 1.84785546, 1.84785573, 1.84785547, 1.84785552,
       1.84785528, 1.84785534, 1.8478557 , 1.84785532, 1.84785565,
       1.84785536, 1.84785552, 1.84785532, 1.84785559, 1.84785599,
       1.84785534, 1.84785572, 1.84785548, 1.84785553, 1.84785552,
       1.84785479, 1.84785535, 1.84785558, 1.84785526, 1.84785577,
       1.84785539, 1.84785537, 1.84785481, 1.84785518, 1.84785533,
       1.84785549, 1.84785547, 1.84785503, 1.84785578, 1.84785544,
       1.84785547, 1.84785537, 1.8478558 , 1.84785558, 1.84785546,
       1.84785613, 1.84785549, 1.84785477, 1.84785563, 1.84785532,
       1.84785475, 1.84785536, 1.84785544, 1.84785546, 1.84785523,
       1.84785542, 1.84785406, 1.84785549, 1.84785534, 1.84785559,
       1.84785521, 1.84785554, 1.84785527, 1.84785542, 1.84785526,
       1.84785555, 1.84785554, 1.84785553, 1.8478555 , 1.84785549,
       1.84785506, 1.84785523, 1.84785574, 1.84862051]), 'fs_0 - beta_shared': array([-0.00119835,  0.00035297, -0.00138649, -0.00052306, -0.00016133,
        0.00031722]), 'fs_0 - beta(p=7,n=3)': array([[-0.00119835,  0.00035297, -0.00138649, -0.00052306, -0.00016133,
         0.00031722],
       [-0.00119835,  0.00035297, -0.00138649, -0.00052306, -0.00016133,
         0.00031722],
       [-0.00119835,  0.00035297, -0.00138649, -0.00052306, -0.00016133,
         0.00031722],
       ...,
       [-0.00119835,  0.00035297, -0.00138649, -0.00052306, -0.00016133,
         0.00031722],
       [-0.00119835,  0.00035297, -0.00138649, -0.00052306, -0.00016133,
         0.00031722],
       [-0.00119834,  0.00035297, -0.00138649, -0.00052306, -0.00016133,
         0.00031722]]), 'fs_1 - beta_shared': array([-0.00238879, -0.00277287, -0.00618203, -0.00477218, -0.00674895,
       -0.00597535, -0.0022261 , -0.00500243, -0.00147558, -0.00265758,
       -0.00181507, -0.00144433, -0.00368485,  0.00253193, -0.00561688,
        0.00074291, -0.00020543,  0.00242806,  0.00418963,  0.00838646]), 'fs_1 - beta(p=365.25,n=10)': array([[-0.00238879, -0.00277286, -0.00618203, ...,  0.00242806,
         0.00418963,  0.00838646],
       [-0.00238879, -0.00277287, -0.00618203, ...,  0.00242806,
         0.00418963,  0.00838646],
       [-0.00238879, -0.00277287, -0.00618203, ...,  0.00242806,
         0.00418963,  0.00838646],
       ...,
       [-0.00238879, -0.00277287, -0.00618203, ...,  0.00242806,
         0.00418963,  0.00838646],
       [-0.00238879, -0.00277286, -0.00618203, ...,  0.00242806,
         0.00418963,  0.00838646],
       [-0.00238878, -0.00277286, -0.00618202, ...,  0.00242806,
         0.00418963,  0.00838645]])}"
