,0
0,"{'priors': array([ 5.05508043e+01,  1.49878744e+00,  9.59964651e-02, -2.25387624e+00,
       -3.05127388e+00, -4.37470275e+00, -2.99501723e+00, -2.37394368e+00,
       -5.34506981e+00, -2.45350983e+00, -5.22505378e-01, -6.07105549e+00,
       -1.45436848e+00, -3.08315018e+00, -9.43673666e+00, -1.16962416e+01,
       -1.36920754e+01, -3.76183688e+00,  1.69459233e+01,  3.01245664e+01,
        1.82925004e+01, -2.12846233e+01, -2.70846357e+01, -1.02401282e-01,
        1.14470736e+01, -6.86486833e+00, -3.70762997e+01,  1.21018687e+00,
       -5.42368191e+00, -3.34831526e+00, -1.87411385e+00,  5.23353018e+00,
        1.78843825e-02, -1.33027496e+00,  9.43664558e-01,  1.51749632e+00,
       -6.60061057e+00,  3.92427450e+00, -1.33470900e+00,  3.47141757e+00,
       -7.78073004e-01, -7.25663382e-01, -1.07689957e+00,  4.57251678e-01,
       -3.24403072e+00,  3.14293355e+00, -1.00132366e+00, -1.14045198e+00,
        1.84391818e+00, -8.16937909e-01, -6.13944845e-02, -6.49476492e+00,
       -1.16333273e+00,  0.00000000e+00]), 'lt_0 - slope_sigma_log__': array(-7.27408002), 'lt_0 - slope_z_offset': array([-8.56276512e-04, -7.95661296e-05, -1.78787766e-03,  3.24877010e-04,
       -1.08242068e-03, -1.19545809e-03, -3.46776973e-04,  2.08886686e-04,
       -5.72746865e-04, -9.38127106e-04, -1.02320867e-03,  9.72165892e-04,
       -1.15946318e-03, -1.33761394e-03, -7.12213727e-04, -7.44930073e-04,
       -7.26547271e-05,  1.83579279e-05, -2.88580095e-04, -5.21388674e-04,
       -8.72046361e-04, -3.60707759e-04, -2.13538790e-04, -6.28192982e-04,
       -1.23369064e-03,  2.54229918e-04, -2.02904593e-05, -5.59820684e-04,
       -6.88785406e-04, -7.55114354e-04, -2.07482689e-04, -1.06822136e-03,
        1.76867051e-04,  7.46002740e-04, -7.16190923e-04, -4.50044551e-04,
       -7.48590242e-05,  1.10712143e-03, -8.13818127e-04,  1.39015809e-04,
       -2.76734937e-04, -9.16914409e-04, -1.35225813e-03, -1.17551824e-03,
       -3.49291373e-04, -5.21206020e-04, -1.52823483e-03, -9.52228028e-04,
       -1.19573046e-03, -6.40608671e-04,  1.79055629e-04, -6.47255547e-04,
        8.09372212e-04, -4.95669309e-04, -6.96025270e-04, -5.27718114e-04,
        2.25568908e-04, -5.15211579e-04,  3.63165470e-05,  1.51026820e-04,
       -7.65403758e-04, -2.94080963e-03, -6.89058418e-04, -9.10826001e-04,
       -7.64689148e-05, -1.23999825e-03,  5.77814822e-05, -7.77193856e-04,
       -1.45567016e-03, -1.02335980e-04, -7.40325472e-04, -7.56715466e-04,
       -1.11947093e-03, -1.05522086e-03, -3.44616463e-04, -3.92138481e-04,
       -2.43040227e-04, -8.84993650e-04, -7.51534532e-04,  2.91138238e-04,
       -1.10135521e-03, -5.90968292e-04,  2.69238711e-04, -1.10709407e-03,
       -5.82385872e-04, -8.67263680e-04, -1.38218303e-03, -7.72411764e-05,
       -8.43737359e-04, -3.57989372e-04, -5.45668346e-04, -3.52899800e-04,
       -1.27911460e-03, -1.62233022e-03, -8.44979403e-04,  5.19259950e-05,
       -6.40371421e-04, -3.34016662e-04, -1.69122530e-03, -1.87580369e-03,
       -1.24331653e-04, -1.79018861e-03, -4.82002755e-04,  1.31506975e-04,
       -3.28231561e-04, -1.82947242e-03, -1.48122227e-03, -6.43956586e-04,
       -9.62211709e-04, -2.80731759e-04, -6.53208725e-04,  9.25765238e-05,
       -7.29050328e-04, -3.26858407e-03, -7.46153439e-04, -1.63858807e-03,
       -1.15627339e-03, -1.13153106e-03, -1.44719602e-03, -2.57347382e-03,
       -9.46564781e-04, -1.98432930e-04, -5.58712802e-04, -9.69467715e-04,
       -1.29535706e-03, -2.06389877e-03,  2.61918953e-04,  1.95113143e-04,
       -1.00874468e-03,  1.22032507e-04, -2.05145838e-04, -7.88263619e-04,
       -1.19165722e-03, -7.30551956e-04, -1.17880242e-03, -1.18862909e-03,
       -8.88220981e-04, -1.15942939e-03,  4.45687255e-04, -9.78790178e-04,
       -9.60769078e-04, -1.25726789e-03, -1.08113747e-03, -7.44441564e-04,
       -9.88353130e-04,  1.25680662e-03, -2.64272039e-04, -2.97267867e-05,
       -1.46791868e-03, -4.89750498e-04, -5.60416959e-04, -1.62665173e-03,
       -1.19078508e-03, -5.11831061e-06, -1.17620708e-03, -2.42336197e-03,
       -4.65389746e-05, -1.10826383e-03, -8.89681209e-04, -9.00475038e-04,
        1.58133077e-04, -9.61454897e-04, -6.79926808e-04, -1.49093344e-03,
        6.70615447e-04, -6.60746004e-04, -5.90000347e-04, -2.55507943e-04,
       -1.27261047e-03, -1.24315285e-03, -1.79679959e-03, -2.66370540e-04,
       -5.27639712e-05, -3.74719166e-04, -4.25342919e-04, -3.63634351e-04,
       -8.49594423e-04, -6.91764561e-04, -1.25131799e-03, -2.52316601e-04,
       -6.84183675e-04, -3.35316487e-04, -8.60425325e-04, -1.03142875e-04,
       -1.07361804e-03, -7.19784406e-04, -1.32316670e-03, -1.25380080e-03,
       -2.47897180e-04, -1.49829820e-03, -9.64893046e-04, -4.46179502e-04,
       -9.47364369e-04, -4.52247354e-05,  5.89387617e-05, -4.46676762e-04,
       -1.42327859e-03, -1.78073104e-03, -2.05188275e-03, -5.81668366e-04,
       -9.54630252e-04, -5.64942018e-04,  3.54967937e-04, -6.00073044e-04,
       -4.27253612e-04, -3.92824459e-04, -1.84652713e-04,  1.52749794e-04,
       -9.75086882e-04, -2.41880134e-04, -8.38643342e-04, -8.36762952e-04,
       -3.27614433e-04, -1.51155849e-03, -3.27541881e-04, -1.52620908e-03,
       -4.69209202e-04,  1.13693518e-05, -1.15553453e-03, -9.01380822e-04,
       -1.07178986e-03, -1.08739555e-03, -1.04382292e-03, -3.90435461e-04,
       -1.95669940e-04, -1.35307643e-03, -1.43309834e-04,  2.13273471e-06,
       -5.21542804e-04, -1.43227850e-03, -1.06703714e-03, -1.16077774e-03,
       -2.27532017e-04, -1.57349145e-03, -1.08001375e-03, -1.75074365e-03,
       -6.44085236e-04,  7.80658946e-04, -1.79977366e-03, -1.75093068e-03,
       -8.00923428e-04, -2.12765825e-04, -5.15364140e-04, -6.64590991e-04,
       -7.14712297e-04, -1.35612994e-03,  1.55254581e-04, -1.11347666e-03,
       -1.87620721e-03, -6.84401905e-05, -1.46885144e-03, -1.78056858e-04,
        9.12077926e-04, -1.63175906e-04, -2.63423098e-04,  5.12407844e-05,
       -1.80820644e-03, -1.18347160e-03, -1.13322143e-03, -1.06091062e-03,
        2.27584580e-05, -2.24925217e-03, -2.57517303e-04, -8.79827781e-04,
       -8.52183007e-04,  2.56155857e-04, -1.99585846e-04,  1.77946339e-04,
       -1.03321454e-03, -1.25620097e-03, -4.07001676e-04, -1.79792304e-03,
       -6.24106171e-04, -9.17860645e-04, -1.55836368e-03, -1.27838096e-03,
       -1.80602187e-03,  7.45055282e-06, -1.96468407e-04,  3.26787346e-04,
       -7.75977278e-04, -5.12669725e-04, -5.22633964e-05, -5.21576668e-04,
       -3.02002246e-04,  1.24632505e-03, -1.46752100e-03, -9.13693056e-04,
       -8.91466041e-04, -2.15070066e-03,  1.43173052e-04, -1.40939729e-03,
       -1.25369374e-03, -7.19556870e-04,  1.39496240e-04, -1.76935753e-04,
       -2.47604905e-03, -7.14734858e-05,  1.52225661e-03, -2.67287182e-04,
       -1.57171375e-03,  6.82047889e-04, -1.12585958e-03, -6.26316538e-04,
        2.55177084e-05,  1.05106176e-04, -1.37651951e-03, -5.42037096e-04,
        2.53624827e-04, -4.95968900e-04, -1.19710726e-03, -8.30843466e-04,
       -8.30936099e-04, -4.25239951e-04, -1.03095336e-03, -5.52366716e-04,
       -1.30442615e-03, -7.38348823e-04, -1.33405455e-03,  5.32176154e-04,
       -3.34214752e-04, -1.12515739e-03, -2.28782773e-05, -1.38547376e-03,
        2.42113307e-04, -8.62650373e-04, -7.57574284e-04,  8.13468882e-05,
       -1.11858066e-03, -1.04485907e-03, -1.26351494e-03, -1.35713362e-03,
       -1.40950115e-03, -5.34934337e-04,  3.19589932e-04, -1.53400547e-03,
       -1.18454462e-04,  2.63584063e-04,  1.48645045e-04, -6.64434377e-05,
        9.52695400e-05, -1.30615073e-03, -6.02050286e-04, -1.40519408e-03,
       -1.12348033e-03,  2.35984904e-04, -7.07721096e-04, -4.53136061e-05,
       -6.25424072e-04, -1.18063636e-03, -5.80956319e-04, -4.78935722e-04,
       -1.91127468e-04, -2.02356330e-04, -8.84574955e-04, -1.19716156e-03,
       -9.03195522e-04, -1.23737890e-03,  2.45536891e-04, -1.09332804e-03,
       -1.40168126e-03, -1.88790457e-03, -7.37826482e-04, -1.37154878e-03,
       -1.03823454e-03,  1.17528273e-04, -9.68252374e-04, -1.43627802e-03,
       -1.77132657e-04, -1.01649949e-03, -4.44059776e-04,  2.91570112e-04,
        9.24104956e-04, -4.58607417e-04, -5.70456747e-04,  6.39999592e-04,
       -9.27468717e-04, -6.67831343e-04, -1.24324782e-03, -1.26265914e-03,
        2.08647925e-04, -4.65630471e-04, -5.78236582e-04, -1.83607234e-04,
       -1.52483742e-04, -3.06017055e-04, -1.20514682e-03, -1.41897009e-03,
       -1.41209017e-03, -7.58355107e-04, -6.36706940e-04, -1.97681268e-03,
       -1.19645051e-03, -8.26645704e-04, -3.03727156e-03, -1.78752460e-03,
       -6.79183724e-04, -7.70349497e-04,  2.58995402e-04, -5.49251268e-04,
       -7.53974191e-04, -2.36727461e-04, -1.50990206e-03, -1.27058885e-03,
        4.41526010e-04, -1.20299232e-03, -1.20149898e-03, -1.34095332e-03,
       -9.77803034e-04,  1.38466083e-04, -2.15739017e-04, -6.39018333e-04,
       -6.74032878e-04, -4.08684254e-04, -2.18371451e-04, -1.77661384e-03,
       -1.88207458e-04, -1.59403102e-03, -1.18826956e-03, -1.02862853e-03,
       -1.37814998e-03, -1.84734968e-03, -1.30086873e-03, -2.53489959e-03,
       -1.23025956e-03,  5.75520535e-04, -5.72827094e-04, -7.29403922e-04,
        9.57613313e-04, -1.31246039e-03, -1.34624326e-03, -1.24822586e-03,
       -2.00593597e-03, -1.13739197e-03,  1.22018578e-03, -1.04256719e-03,
       -6.42389053e-04, -1.28081733e-03, -6.78837643e-04, -8.61071051e-04,
       -5.71771106e-04, -1.17604349e-03, -9.61884144e-04, -1.18493923e-03,
       -6.01697907e-04, -6.71481068e-06, -6.75586149e-04, -6.02540401e-04,
        9.70245774e-04,  4.86120851e-04, -5.27896892e-04,  1.64505456e+00]), 'lt_0 - delta_sigma_log__': array([-11.67624524, -11.63906476, -11.58380985, -11.48438867,
       -11.41051287, -11.38930057, -11.22003455, -11.13664864,
       -11.04089315, -11.03936902, -10.90870492, -10.80078432,
       -10.68230455, -10.59696309, -10.47820043, -10.35337257,
       -10.18099315, -10.14315653,  -9.94494042,  -9.75763133,
        -9.58748558,  -9.32131241,  -9.39523566, -10.24368706,
       -10.63838959]), 'lt_0 - delta_z_offset': array([[ 4.48592153e-09,  4.48592153e-09,  4.48592153e-09, ...,
         4.48592153e-09,  4.48592153e-09,  4.48592153e-09],
       [ 4.48592153e-09,  4.48592153e-09,  4.48592153e-09, ...,
         4.48592153e-09,  4.48592153e-09,  4.48592153e-09],
       [ 4.48592153e-09,  4.48592153e-09,  4.48592153e-09, ...,
         4.48592153e-09,  4.48592153e-09,  4.48592153e-09],
       ...,
       [ 4.48592153e-09,  4.48592153e-09,  4.48592153e-09, ...,
         4.48592153e-09,  4.48592153e-09,  4.48592153e-09],
       [ 4.48592153e-09,  4.48592153e-09,  4.48592153e-09, ...,
         4.48592153e-09,  4.48592153e-09,  4.48592153e-09],
       [ 3.98541896e-03,  4.52237216e-03, -3.61612811e-03, ...,
        -3.90971398e-03, -5.17387286e-03, -1.72973782e-03]]), 'lt_0 - intercept': array([-0.87499431, -0.91402972, -0.92207326, -0.91567399, -0.88686861,
       -0.89440354, -0.90484174, -0.90517407, -0.86915564, -0.87762263,
       -0.90481778, -0.93742552, -0.8872812 , -0.89327664, -0.90803049,
       -0.8653635 , -0.88172822, -0.88596257, -0.87158854, -0.92400653,
       -0.88929989, -0.88362902, -0.91659949, -0.85594892, -0.87858673,
       -0.90553897, -0.86406878, -0.96556403, -0.88325881, -0.87425528,
       -0.8873348 , -0.8754751 , -0.91304906, -0.92546965, -0.89378877,
       -0.86417829, -0.90679225, -0.9798885 , -0.88506095, -0.89391665,
       -0.88673769, -0.88305257, -0.89816544, -0.88652619, -0.8835772 ,
       -0.86493138, -0.917352  , -0.87201663, -0.89491909, -0.86783893,
       -0.89784695, -0.8716416 , -0.92408861, -0.87240913, -0.87250467,
       -0.8852868 , -0.89551771, -0.87672856, -0.89120052, -0.91933989,
       -0.86697797, -1.05259886, -0.88145329, -0.86822005, -0.8908056 ,
       -0.87975301, -0.90260894, -0.88618391, -0.89420603, -0.90362922,
       -0.86256464, -0.8699513 , -0.88863132, -0.88518873, -0.89722446,
       -0.88332483, -0.89377344, -0.91751081, -0.92851078, -0.91123978,
       -0.87677169, -0.87073799, -0.90799616, -0.93774968, -0.86731913,
       -0.85910674, -0.89273378, -0.90682859, -0.86325398, -0.88694057,
       -0.90207796, -0.8936292 , -0.89474703, -0.93899204, -0.89512519,
       -0.89107018, -0.87781406, -0.90761058, -0.89987869, -0.95118701,
       -0.88542504, -0.91350062, -0.86525181, -0.91682036, -0.90119292,
       -0.89998706, -0.8936536 , -0.87363812, -0.87707499, -0.90783651,
       -0.8569398 , -0.90576466, -0.88303347, -1.0100341 , -0.86612504,
       -0.92225399, -0.87116285, -0.88015227, -0.91172371, -0.9596859 ,
       -0.87837797, -0.90814385, -0.86810835, -0.88270887, -0.89370506,
       -0.97372779, -0.91295183, -0.94514395, -0.90022922, -0.89391845,
       -0.87900212, -0.86755215, -0.89384539, -0.86766609, -0.88810606,
       -0.8816036 , -0.9160479 , -0.89171768, -0.91611289, -0.87685771,
       -0.90162187, -0.89820652, -0.88374879, -0.88372026, -0.88438017,
       -0.97951567, -0.87863758, -0.88439304, -0.91161497, -0.86140292,
       -0.91200571, -0.96606288, -0.94619936, -0.94979089, -0.8944461 ,
       -0.98893777, -0.89653078, -0.92266621, -0.87434829, -0.87159627,
       -0.89281215, -0.88104562, -0.86831087, -0.91072268, -0.9636653 ,
       -0.89525784, -0.8919882 , -0.87101709, -0.90894212, -0.93456646,
       -0.89992718, -0.86921779, -0.88825672, -0.87419391, -0.86745649,
       -0.86862327, -0.87548288, -0.8849755 , -0.93252702, -0.8846303 ,
       -0.88996498, -0.91361618, -0.86932847, -0.89399805, -0.90347573,
       -0.90569586, -0.8832998 , -0.92061557, -0.90131569, -0.90221456,
       -0.87770716, -0.87751821, -0.87837137, -0.90423512, -0.91584254,
       -0.8921513 , -0.92727177, -0.91891701, -0.9321482 , -0.8675042 ,
       -0.87091989, -0.87737787, -0.90603817, -0.87942889, -0.88765205,
       -0.93593623, -0.95955448, -0.89730553, -0.87011982, -0.88582094,
       -0.89050374, -0.87746996, -0.88317288, -0.92454378, -0.87626964,
       -0.92280174, -0.8749312 , -0.89288505, -0.88944958, -0.87055633,
       -0.88556583, -0.8693982 , -0.87697615, -0.90053858, -0.88191013,
       -0.88951325, -0.89031044, -0.8945519 , -0.85954057, -0.90978255,
       -0.91142587, -0.89563965, -0.91128823, -0.90234232, -0.8933169 ,
       -0.96007109, -0.85807674, -0.93353929, -0.90823961, -0.91462737,
       -0.86319373, -0.87854768, -0.87322463, -0.87799536, -0.87342528,
       -0.90858253, -0.90828604, -0.88219774, -0.91679655, -0.9245012 ,
       -0.91234149, -0.95247187, -0.93900974, -0.89977349, -0.88819202,
       -0.88908346, -0.93724567, -0.88346138, -0.89344521, -0.9224678 ,
       -0.89011982, -0.92926634, -0.8731999 , -0.88783364, -0.86140972,
       -0.93282584, -0.87591534, -0.91535008, -0.88369259, -0.89048878,
       -0.90013792, -0.92556933, -0.8596936 , -0.86207031, -0.90369486,
       -0.89473183, -0.94687733, -0.90031186, -0.87955477, -0.89535633,
       -0.89022967, -0.85856736, -0.88685682, -0.86167243, -0.88387168,
       -0.9371609 , -0.95800026, -0.87151419, -0.87281907, -0.95597968,
       -1.0210424 , -0.89913146, -0.91404002, -0.86973504, -0.9286654 ,
       -0.89443846, -1.00989304, -0.89179725, -0.94023574, -0.89003092,
       -0.92255512, -0.93888456, -0.88733435, -0.88749757, -0.91409908,
       -0.90923981, -0.91070575, -0.87211457, -0.91236093, -0.87281369,
       -0.86937182, -0.87101326, -0.88696347, -0.89012806, -0.87565312,
       -0.88019734, -0.90767938, -0.85573049, -0.9014724 , -0.92406505,
       -0.86581063, -0.89476089, -0.88354706, -0.90660524, -0.91523117,
       -0.87364186, -0.86749538, -0.88711697, -0.90150519, -0.88283872,
       -0.8819855 , -0.89694263, -0.90193394, -0.90329451, -0.91762357,
       -0.94578678, -0.87614728, -0.91291774, -0.93237507, -0.89654973,
       -0.9269913 , -0.95588787, -0.90061425, -0.90497285, -0.92092033,
       -0.91696374, -0.91892038, -0.88624074, -0.90879733, -0.89387077,
       -0.87534259, -0.87100403, -0.87705129, -0.87510651, -0.87059553,
       -0.88304247, -0.88378532, -0.89331087, -0.90800346, -0.89267456,
       -0.92347196, -0.92041388, -0.88055246, -0.89104556, -0.89115744,
       -0.87852229, -0.87898569, -0.9000567 , -0.88175249, -0.89601486,
       -0.88398209, -0.9023777 , -0.96208553, -0.87079753, -0.86207215,
       -0.94247948, -0.87361487, -0.89773314, -0.88614616, -0.88876674,
       -0.91528954, -0.86958391, -0.8730189 , -0.88198946, -0.88502238,
       -0.87929645, -0.89835081, -0.90816118, -0.90823111, -0.87197459,
       -0.86965871, -0.9474153 , -0.91462293, -0.86282979, -0.98835331,
       -0.92575433, -0.87553957, -0.86534877, -0.91021597, -0.86362002,
       -0.88072416, -0.88350428, -0.94744039, -0.92034474, -0.92103493,
       -0.88415408, -0.93934178, -0.92718897, -0.86997595, -0.89860866,
       -0.88189891, -0.85624675, -0.89955229, -0.8658018 , -0.86904639,
       -0.91681607, -0.8956749 , -0.92703593, -0.88983424, -0.88180739,
       -0.92371337, -0.93292191, -0.89712267, -0.9673078 , -0.89763237,
       -0.92365176, -0.87108725, -0.88072501, -0.98328074, -0.89829962,
       -0.88399785, -0.90779243, -0.9272787 , -0.88572263, -0.9389774 ,
       -0.87180847, -0.85615239, -0.89765417, -0.88797382, -0.87155591,
       -0.9375254 , -0.88942315, -0.90669903, -0.90254913, -0.87602473,
       -0.89693702, -0.86411252, -0.87275963, -0.92678391, -0.91464508,
       -0.86665276, -0.94960643]), 'fs_0 - beta_sigma(p=7,n=3)_log__': array([-13.40914171, -13.4095564 , -13.3712126 , -13.37035898,
       -13.38583306, -13.45108605]), 'fs_0 - beta_z_offset(p=7,n=3)': array([[-1.01035489e-05, -1.88971454e-05, -2.09731425e-05,
        -9.88108669e-06, -1.64328207e-06, -2.31564528e-05],
       [-1.30838231e-05, -5.50366996e-05,  4.76992066e-05,
        -8.65992411e-05,  6.70521616e-05,  1.90480973e-05],
       [ 3.50026227e-05,  3.87439878e-05, -4.10781473e-05,
         4.43848938e-05, -2.90879666e-05, -2.61177619e-05],
       ...,
       [ 1.68138391e-05, -1.00402549e-04,  5.00188867e-05,
        -3.85583886e-05,  3.60406371e-05,  1.28047709e-05],
       [ 1.30580001e-05,  1.71524288e-05, -1.80306177e-05,
         9.08348361e-06,  9.73029246e-07, -7.14368870e-06],
       [-1.25771893e-04,  3.57508867e-04, -5.54322621e-04,
        -1.87936266e-04,  2.72194163e-04, -1.92393567e-04]]), 'fs_1 - beta_sigma(p=365.25,n=10)_log__': array([-13.37362001, -13.2449262 , -13.38973277, -13.41444397,
       -13.40998833, -13.4186727 , -13.39377563, -13.42754638,
       -13.41847213, -13.38973145, -13.44406232, -13.40796878,
       -13.39012924, -13.44540109, -13.38562127, -13.38988808,
       -13.39397799, -13.3718589 , -13.38107353, -13.40894315]), 'fs_1 - beta_z_offset(p=365.25,n=10)': array([[ 8.48308346e-05, -1.46424735e-04,  1.14942875e-04, ...,
         7.68736263e-06, -6.44931698e-05, -1.42116305e-04],
       [-2.45884924e-04,  6.12237808e-04, -6.47671838e-04, ...,
         8.22849242e-04, -6.11245499e-04,  7.70439977e-05],
       [ 5.10622870e-04, -1.01146786e-03,  8.85301617e-04, ...,
        -7.72694990e-05, -3.00405448e-04,  2.86536008e-04],
       ...,
       [-5.88592678e-04,  1.09034553e-03, -8.52682637e-04, ...,
         1.95537965e-04, -2.32500028e-04,  1.92273567e-04],
       [-8.67923023e-05,  1.71647049e-04, -1.42860068e-04, ...,
        -1.60974015e-04,  1.09579292e-04,  7.45627383e-05],
       [ 2.32872282e-04, -2.75319695e-03,  1.91550397e-03, ...,
        -7.42699611e-04,  2.45400741e-03,  1.61995968e-03]]), 'sigma_log__': array(-3.22547708), 'lt_0 - slope_sigma': array(0.00069328), 'lt_0 - delta_sigma': array([8.49319554e-06, 8.81492050e-06, 9.31569589e-06, 1.02894787e-05,
       1.10784047e-05, 1.13159133e-05, 1.34029657e-05, 1.45685037e-05,
       1.60324920e-05, 1.60569462e-05, 1.82982538e-05, 2.03835100e-05,
       2.29474315e-05, 2.49917923e-05, 2.81433228e-05, 3.18850737e-05,
       3.78835662e-05, 3.93444148e-05, 4.79697277e-05, 5.78514913e-05,
       6.85816484e-05, 8.94963777e-05, 8.31191312e-05, 3.55814166e-05,
       2.39776218e-05]), 'fs_0 - beta_sigma(p=7,n=3)': array([1.50135623e-06, 1.50073376e-06, 1.55939505e-06, 1.56072676e-06,
       1.53676183e-06, 1.43968524e-06]), 'fs_1 - beta_sigma(p=365.25,n=10)': array([1.55564546e-06, 1.76930065e-06, 1.53078058e-06, 1.49341670e-06,
       1.50008568e-06, 1.48711478e-06, 1.52460434e-06, 1.47397698e-06,
       1.48741308e-06, 1.53078260e-06, 1.44983280e-06, 1.50311825e-06,
       1.53017380e-06, 1.44789310e-06, 1.53708735e-06, 1.53054285e-06,
       1.52429586e-06, 1.55838753e-06, 1.54409353e-06, 1.50165437e-06]), 'sigma': array(0.03973682), 'prior_lt_0 - slope': array(1.84903607), 'prior_lt_0 - intercept': array(-0.02165464), 'prior_lt_0 - delta': array([-0.13344597, -0.11570525, -0.24412659, -0.17837761, -0.08179858,
        0.00960115, -0.0894897 , -0.02304847,  0.13762386,  0.0797164 ,
        0.14475585, -0.04346536, -0.57224344, -1.0963545 , -1.33236604,
       -0.63326033,  1.24605381,  3.2174843 ,  2.67884223, -2.04847298,
       -4.01566795,  0.87874018,  3.66630176, -0.92250551, -2.57672802]), 'prior_fs_0 - beta(p=7,n=3)': array([ 7.73832547e-04, -6.43504634e-04,  5.98442322e-04,  1.63836785e-04,
        2.01141924e-04, -1.75570523e-05]), 'prior_fs_1 - beta(p=365.25,n=10)': array([ 0.00552245, -0.01062525, -0.00458969,  0.00506093, -0.00125978,
        0.00676428, -0.00239464,  0.00169469,  0.00148909, -0.00011316,
       -0.00228021,  0.00201053,  0.00113771,  0.00090628, -0.00251497,
        0.00393021, -0.00148206,  0.00184511, -0.00261294, -0.00280112]), 'prior_sigma': array(0.10153264), 'lt_0 - slope_shared': array(1.84903607), 'lt_0 - slope': array([1.84903548, 1.84903602, 1.84903483, 1.8490363 , 1.84903532,
       1.84903524, 1.84903583, 1.84903622, 1.84903568, 1.84903542,
       1.84903536, 1.84903675, 1.84903527, 1.84903515, 1.84903558,
       1.84903556, 1.84903602, 1.84903609, 1.84903587, 1.84903571,
       1.84903547, 1.84903582, 1.84903593, 1.84903564, 1.84903522,
       1.84903625, 1.84903606, 1.84903569, 1.8490356 , 1.84903555,
       1.84903593, 1.84903533, 1.8490362 , 1.84903659, 1.84903558,
       1.84903576, 1.84903602, 1.84903684, 1.84903551, 1.84903617,
       1.84903588, 1.84903544, 1.84903514, 1.84903526, 1.84903583,
       1.84903571, 1.84903501, 1.84903541, 1.84903524, 1.84903563,
       1.8490362 , 1.84903562, 1.84903663, 1.84903573, 1.84903559,
       1.84903571, 1.84903623, 1.84903572, 1.8490361 , 1.84903618,
       1.84903554, 1.84903403, 1.8490356 , 1.84903544, 1.84903602,
       1.84903521, 1.84903611, 1.84903553, 1.84903506, 1.849036  ,
       1.84903556, 1.84903555, 1.8490353 , 1.84903534, 1.84903583,
       1.8490358 , 1.84903591, 1.84903546, 1.84903555, 1.84903628,
       1.84903531, 1.84903566, 1.84903626, 1.84903531, 1.84903567,
       1.84903547, 1.84903512, 1.84903602, 1.84903549, 1.84903583,
       1.8490357 , 1.84903583, 1.84903519, 1.84903495, 1.84903549,
       1.84903611, 1.84903563, 1.84903584, 1.8490349 , 1.84903477,
       1.84903599, 1.84903483, 1.84903574, 1.84903616, 1.84903585,
       1.84903481, 1.84903505, 1.84903563, 1.84903541, 1.84903588,
       1.84903562, 1.84903614, 1.84903557, 1.84903381, 1.84903556,
       1.84903494, 1.84903527, 1.84903529, 1.84903507, 1.84903429,
       1.84903542, 1.84903594, 1.84903569, 1.8490354 , 1.84903518,
       1.84903464, 1.84903626, 1.84903621, 1.84903537, 1.84903616,
       1.84903593, 1.84903553, 1.84903525, 1.84903557, 1.84903526,
       1.84903525, 1.84903546, 1.84903527, 1.84903638, 1.8490354 ,
       1.84903541, 1.8490352 , 1.84903532, 1.84903556, 1.84903539,
       1.84903695, 1.84903589, 1.84903605, 1.84903506, 1.84903573,
       1.84903569, 1.84903495, 1.84903525, 1.84903607, 1.84903526,
       1.84903439, 1.84903604, 1.84903531, 1.84903546, 1.84903545,
       1.84903618, 1.84903541, 1.8490356 , 1.84903504, 1.84903654,
       1.84903562, 1.84903566, 1.8490359 , 1.84903519, 1.84903521,
       1.84903483, 1.84903589, 1.84903604, 1.84903581, 1.84903578,
       1.84903582, 1.84903548, 1.84903559, 1.84903521, 1.8490359 ,
       1.8490356 , 1.84903584, 1.84903548, 1.849036  , 1.84903533,
       1.84903557, 1.84903516, 1.8490352 , 1.8490359 , 1.84903503,
       1.8490354 , 1.84903576, 1.84903542, 1.84903604, 1.84903611,
       1.84903576, 1.84903509, 1.84903484, 1.84903465, 1.84903567,
       1.84903541, 1.84903568, 1.84903632, 1.84903566, 1.84903578,
       1.8490358 , 1.84903595, 1.84903618, 1.8490354 , 1.84903591,
       1.84903549, 1.84903549, 1.84903585, 1.84903503, 1.84903585,
       1.84903502, 1.84903575, 1.84903608, 1.84903527, 1.84903545,
       1.84903533, 1.84903532, 1.84903535, 1.8490358 , 1.84903594,
       1.84903514, 1.84903597, 1.84903608, 1.84903571, 1.84903508,
       1.84903533, 1.84903527, 1.84903592, 1.84903498, 1.84903532,
       1.84903486, 1.84903563, 1.84903661, 1.84903483, 1.84903486,
       1.84903552, 1.84903593, 1.84903572, 1.84903561, 1.84903558,
       1.84903513, 1.84903618, 1.8490353 , 1.84903477, 1.84903603,
       1.84903506, 1.84903595, 1.84903671, 1.84903596, 1.84903589,
       1.84903611, 1.84903482, 1.84903525, 1.84903529, 1.84903534,
       1.84903609, 1.84903451, 1.8490359 , 1.84903546, 1.84903548,
       1.84903625, 1.84903594, 1.8490362 , 1.84903536, 1.8490352 ,
       1.84903579, 1.84903483, 1.84903564, 1.84903544, 1.84903499,
       1.84903519, 1.84903482, 1.84903608, 1.84903594, 1.8490363 ,
       1.84903554, 1.84903572, 1.84903604, 1.84903571, 1.84903586,
       1.84903694, 1.84903506, 1.84903544, 1.84903546, 1.84903458,
       1.84903617, 1.8490351 , 1.8490352 , 1.84903557, 1.84903617,
       1.84903595, 1.84903436, 1.84903602, 1.84903713, 1.84903589,
       1.84903498, 1.84903655, 1.84903529, 1.84903564, 1.84903609,
       1.84903615, 1.84903512, 1.8490357 , 1.84903625, 1.84903573,
       1.84903524, 1.8490355 , 1.8490355 , 1.84903578, 1.84903536,
       1.84903569, 1.84903517, 1.84903556, 1.84903515, 1.84903644,
       1.84903584, 1.84903529, 1.84903606, 1.84903511, 1.84903624,
       1.84903548, 1.84903555, 1.84903613, 1.8490353 , 1.84903535,
       1.8490352 , 1.84903513, 1.8490351 , 1.8490357 , 1.8490363 ,
       1.84903501, 1.84903599, 1.84903626, 1.84903618, 1.84903603,
       1.84903614, 1.84903517, 1.84903566, 1.8490351 , 1.84903529,
       1.84903624, 1.84903558, 1.84903604, 1.84903564, 1.84903526,
       1.84903567, 1.84903574, 1.84903594, 1.84903593, 1.84903546,
       1.84903524, 1.84903545, 1.84903522, 1.84903624, 1.84903532,
       1.8490351 , 1.84903476, 1.84903556, 1.84903512, 1.84903535,
       1.84903616, 1.8490354 , 1.84903508, 1.84903595, 1.84903537,
       1.84903577, 1.84903628, 1.84903671, 1.84903576, 1.84903568,
       1.84903652, 1.84903543, 1.84903561, 1.84903521, 1.8490352 ,
       1.84903622, 1.84903575, 1.84903567, 1.84903595, 1.84903597,
       1.84903586, 1.84903524, 1.84903509, 1.84903509, 1.84903555,
       1.84903563, 1.8490347 , 1.84903524, 1.8490355 , 1.84903397,
       1.84903483, 1.8490356 , 1.84903554, 1.84903625, 1.84903569,
       1.84903555, 1.84903591, 1.84903503, 1.84903519, 1.84903638,
       1.84903524, 1.84903524, 1.84903514, 1.8490354 , 1.84903617,
       1.84903592, 1.84903563, 1.84903561, 1.84903579, 1.84903592,
       1.84903484, 1.84903594, 1.84903497, 1.84903525, 1.84903536,
       1.84903512, 1.84903479, 1.84903517, 1.84903432, 1.84903522,
       1.84903647, 1.84903568, 1.84903557, 1.84903674, 1.84903516,
       1.84903514, 1.84903521, 1.84903468, 1.84903529, 1.84903692,
       1.84903535, 1.84903563, 1.84903519, 1.8490356 , 1.84903548,
       1.84903568, 1.84903526, 1.84903541, 1.84903525, 1.84903566,
       1.84903607, 1.84903561, 1.84903566, 1.84903675, 1.84903641,
       1.84903571, 1.85017655]), 'lt_0 - delta_shared': array([-0.13344597, -0.11570525, -0.24412659, -0.17837761, -0.08179858,
        0.00960115, -0.0894897 , -0.02304847,  0.13762386,  0.0797164 ,
        0.14475585, -0.04346536, -0.57224344, -1.0963545 , -1.33236604,
       -0.63326033,  1.24605381,  3.2174843 ,  2.67884223, -2.04847298,
       -4.01566795,  0.87874018,  3.66630176, -0.92250551, -2.57672802]), 'lt_0 - delta': array([[-0.13344597, -0.11570525, -0.24412659, ...,  3.66630176,
        -0.92250551, -2.57672802],
       [-0.13344597, -0.11570525, -0.24412659, ...,  3.66630176,
        -0.92250551, -2.57672802],
       [-0.13344597, -0.11570525, -0.24412659, ...,  3.66630176,
        -0.92250551, -2.57672802],
       ...,
       [-0.13344597, -0.11570525, -0.24412659, ...,  3.66630176,
        -0.92250551, -2.57672802],
       [-0.13344597, -0.11570525, -0.24412659, ...,  3.66630176,
        -0.92250551, -2.57672802],
       [-0.13344593, -0.11570521, -0.24412662, ...,  3.66630143,
        -0.9225057 , -2.57672806]]), 'fs_0 - beta_shared': array([ 7.73832547e-04, -6.43504634e-04,  5.98442322e-04,  1.63836785e-04,
        2.01141924e-04, -1.75570523e-05]), 'fs_0 - beta(p=7,n=3)': array([[ 7.73832531e-04, -6.43504662e-04,  5.98442289e-04,
         1.63836769e-04,  2.01141921e-04, -1.75570856e-05],
       [ 7.73832527e-04, -6.43504716e-04,  5.98442396e-04,
         1.63836650e-04,  2.01142027e-04, -1.75570248e-05],
       [ 7.73832599e-04, -6.43504576e-04,  5.98442258e-04,
         1.63836854e-04,  2.01141879e-04, -1.75570899e-05],
       ...,
       [ 7.73832572e-04, -6.43504784e-04,  5.98442400e-04,
         1.63836725e-04,  2.01141979e-04, -1.75570338e-05],
       [ 7.73832566e-04, -6.43504608e-04,  5.98442294e-04,
         1.63836799e-04,  2.01141925e-04, -1.75570625e-05],
       [ 7.73832358e-04, -6.43504097e-04,  5.98441457e-04,
         1.63836492e-04,  2.01142342e-04, -1.75573292e-05]]), 'fs_1 - beta_shared': array([ 0.00552245, -0.01062525, -0.00458969,  0.00506093, -0.00125978,
        0.00676428, -0.00239464,  0.00169469,  0.00148909, -0.00011316,
       -0.00228021,  0.00201053,  0.00113771,  0.00090628, -0.00251497,
        0.00393021, -0.00148206,  0.00184511, -0.00261294, -0.00280112]), 'fs_1 - beta(p=365.25,n=10)': array([[ 0.00552245, -0.01062525, -0.00458969, ...,  0.00184511,
        -0.00261294, -0.00280112],
       [ 0.00552245, -0.01062525, -0.00458969, ...,  0.00184511,
        -0.00261295, -0.00280112],
       [ 0.00552246, -0.01062526, -0.00458969, ...,  0.00184511,
        -0.00261295, -0.00280112],
       ...,
       [ 0.00552245, -0.01062525, -0.00458969, ...,  0.00184511,
        -0.00261294, -0.00280112],
       [ 0.00552245, -0.01062525, -0.00458969, ...,  0.00184511,
        -0.00261294, -0.00280112],
       [ 0.00552245, -0.01062526, -0.00458969, ...,  0.00184511,
        -0.00261294, -0.00280112]])}"
