,0
0,"{'lt_0 - slope': array([0.44896231, 0.60826018, 0.32430269, 0.57808629, 0.46051395,
       0.42265833, 0.54971689, 0.58232623, 0.51146124, 0.53071823,
       0.49007173, 0.59542892, 0.48051946, 0.40146245, 0.48601384,
       0.44922768, 0.53644254, 0.47643288, 0.51830967, 0.55491227,
       0.49991664, 0.44810922, 0.62872117, 0.47857049, 0.41865679,
       0.52677798, 0.62421308, 0.47868307, 0.44922789, 0.45722777,
       0.53432924, 0.48258691, 0.52463927, 0.58499332, 0.41943802,
       0.51999878, 0.51043052, 0.59331514, 0.4297388 , 0.60780763,
       0.47858215, 0.45196095, 0.42941501, 0.43556746, 0.51385281,
       0.44450829, 0.39645025, 0.51471743, 0.44447818, 0.55962516,
       0.60564929, 0.51983637, 0.56584238, 0.51511007, 0.51029363,
       0.49323517, 0.63713554, 0.55969015, 0.5838355 , 0.59496737,
       0.47184908, 0.40463116, 0.37355424, 0.40627011, 0.52144785,
       0.36894882, 0.6031742 , 0.52390115, 0.41020109, 0.57674727,
       0.48744737, 0.47538633, 0.41687521, 0.43889326, 0.55389997,
       0.51481973, 0.47497349, 0.55818701, 0.51226458, 0.58193669,
       0.38477534, 0.51720045, 0.4973761 , 0.50586107, 0.43046269,
       0.36735236, 0.33492486, 0.60202509, 0.45209417, 0.56528046,
       0.47562048, 0.56037289, 0.43016711, 0.40541958, 0.52352504,
       0.57591208, 0.48771196, 0.53969218, 0.37699693, 0.37863964,
       0.57937347, 0.45714868, 0.48010288, 0.68146162, 0.49282507,
       0.41583764, 0.39803916, 0.54767688, 0.46388067, 0.61974342,
       0.54215068, 0.63614664, 0.48761783, 0.4074029 , 0.47165553,
       0.34788228, 0.4474305 , 0.42273242, 0.43035823, 0.38517078,
       0.41144615, 0.63844853, 0.5938426 , 0.48911149, 0.41664429,
       0.41104222, 0.51231229, 0.63150142, 0.38681653, 0.52884783,
       0.40683071, 0.37527696, 0.43409199, 0.4469815 , 0.43246258,
       0.36751689, 0.53765994, 0.43825696, 0.5449933 , 0.44848277,
       0.47763369, 0.44496061, 0.41492679, 0.45704263, 0.41544689,
       0.44884878, 0.64142976, 0.45741003, 0.42856424, 0.46779756,
       0.55428361, 0.41395888, 0.4094408 , 0.54017952, 0.43976402,
       0.5142504 , 0.57334089, 0.52435447, 0.51845987, 0.39814153,
       0.58609105, 0.41143843, 0.59513735, 0.36954883, 0.65667841,
       0.41296367, 0.46277583, 0.54195929, 0.38506332, 0.45841103,
       0.32525603, 0.60646541, 0.5518462 , 0.52362348, 0.51937694,
       0.51574584, 0.38395369, 0.4316426 , 0.41496188, 0.61652673,
       0.40793656, 0.59827669, 0.50348676, 0.55361221, 0.41007714,
       0.51995742, 0.39215038, 0.40970121, 0.60732237, 0.44919105,
       0.47394365, 0.51240146, 0.42812205, 0.54459718, 0.55842535,
       0.49722581, 0.42465397, 0.41312235, 0.41592231, 0.51244355,
       0.3987092 , 0.49417827, 0.48393031, 0.40934887, 0.38024344,
       0.3996731 , 0.57461244, 0.51886057, 0.42886198, 0.46241221,
       0.42244821, 0.53980874, 0.49611572, 0.39713758, 0.47904291,
       0.54180591, 0.48656763, 0.49719429, 0.46636322, 0.52726096,
       0.50070474, 0.39147582, 0.42796097, 0.54059111, 0.59229781,
       0.31607923, 0.58586764, 0.59750958, 0.44617345, 0.37757312,
       0.60143082, 0.35161905, 0.47267468, 0.35241999, 0.37825388,
       0.48688549, 0.52985372, 0.6458784 , 0.35824166, 0.32737779,
       0.43274919, 0.5856678 , 0.48165902, 0.3931165 , 0.50563215,
       0.44010704, 0.62333205, 0.44739159, 0.35614303, 0.59826344,
       0.42250934, 0.63828343, 0.62545796, 0.5599631 , 0.55537051,
       0.57805447, 0.46241458, 0.50622   , 0.3963776 , 0.41698397,
       0.51155076, 0.41114446, 0.46316319, 0.49367833, 0.4198569 ,
       0.63349113, 0.48768263, 0.60611302, 0.46008694, 0.33838859,
       0.47762746, 0.54859515, 0.47294618, 0.40322967, 0.35030105,
       0.42253501, 0.42284397, 0.53297961, 0.51607088, 0.60731751,
       0.41866533, 0.54861308, 0.53635523, 0.5672408 , 0.58853444,
       0.58210757, 0.51477495, 0.43671144, 0.47995769, 0.39147514,
       0.61322726, 0.38966231, 0.41367137, 0.57512995, 0.51517084,
       0.55394729, 0.46384635, 0.5841723 , 0.56859001, 0.58258806,
       0.53206446, 0.57102124, 0.35270335, 0.43070749, 0.44977209,
       0.44352703, 0.3971802 , 0.53981917, 0.54257498, 0.40290155,
       0.36738744, 0.41593745, 0.40621585, 0.42765273, 0.37512407,
       0.47200501, 0.42602396, 0.47145547, 0.43023489, 0.60422456,
       0.48092827, 0.42862523, 0.56846928, 0.35247903, 0.58679909,
       0.43763059, 0.44666578, 0.58203802, 0.39718244, 0.46217041,
       0.38538398, 0.36037062, 0.43511002, 0.48412552, 0.64643604,
       0.42493496, 0.54915864, 0.56077815, 0.60184964, 0.56785069,
       0.57189088, 0.44660256, 0.52296568, 0.36593343, 0.47180783,
       0.59397435, 0.57029655, 0.56776577, 0.42110461, 0.39454138,
       0.54941253, 0.55690513, 0.47756172, 0.53837247, 0.51734378,
       0.39724004, 0.41467413, 0.4355289 , 0.5877729 , 0.4541866 ,
       0.42195601, 0.38520426, 0.53420924, 0.3803656 , 0.52919989,
       0.58719897, 0.45177674, 0.37674054, 0.55356684, 0.47797559,
       0.42700044, 0.5663064 , 0.54522102, 0.47392428, 0.46719646,
       0.58264249, 0.52786608, 0.52255886, 0.4816083 , 0.36695678,
       0.55167187, 0.52686779, 0.5084299 , 0.56171423, 0.57789138,
       0.56856856, 0.41677681, 0.38416382, 0.37555313, 0.4908208 ,
       0.55821588, 0.38788161, 0.47396953, 0.39187677, 0.35240545,
       0.38896454, 0.39100848, 0.5270372 , 0.58342617, 0.49946654,
       0.51584089, 0.45184874, 0.44243402, 0.44793158, 0.60838392,
       0.41678291, 0.49982884, 0.45353349, 0.52510528, 0.63317718,
       0.52115124, 0.52415834, 0.51414154, 0.56242213, 0.56121356,
       0.38632315, 0.55883505, 0.53420959, 0.37354771, 0.47486874,
       0.50325302, 0.44440587, 0.37675682, 0.43200383, 0.35145142,
       0.59987398, 0.4551702 , 0.46308227, 0.59553056, 0.41555167,
       0.35563774, 0.44559301, 0.40620456, 0.45250779, 0.59905603,
       0.4088547 , 0.48796189, 0.41746437, 0.38092217, 0.45709981,
       0.4549049 , 0.4485317 , 0.46806071, 0.49034687, 0.43997043,
       0.51795076, 0.43906539, 0.40645033, 0.44880394, 0.58574808,
       0.49603411]), 'lt_0 - intercept': array([0.54132611, 0.37420766, 0.65796659, 0.40867372, 0.53069839,
       0.56348415, 0.43505179, 0.40329285, 0.48329295, 0.44655821,
       0.49426122, 0.39429145, 0.50444636, 0.58365514, 0.49587543,
       0.54090329, 0.44265514, 0.5139096 , 0.47200719, 0.41907109,
       0.49020256, 0.54523431, 0.35441345, 0.51020419, 0.56970019,
       0.45965771, 0.37513118, 0.5053163 , 0.53761189, 0.53772148,
       0.45404749, 0.50666338, 0.45532513, 0.4053389 , 0.56997932,
       0.46946611, 0.47801518, 0.39336601, 0.55382522, 0.37906064,
       0.50735682, 0.5322516 , 0.55516526, 0.54952738, 0.4803635 ,
       0.55013774, 0.58480402, 0.47125864, 0.5370615 , 0.42134637,
       0.37441726, 0.46739481, 0.43098778, 0.47609339, 0.47272808,
       0.49952784, 0.34813484, 0.41752273, 0.39579579, 0.38534377,
       0.51963272, 0.58039232, 0.61492605, 0.58414523, 0.46378866,
       0.62177188, 0.37712253, 0.46634859, 0.58154671, 0.40320325,
       0.50301474, 0.51445196, 0.57149426, 0.55210375, 0.43028966,
       0.46439725, 0.50193618, 0.42267285, 0.4678789 , 0.39707869,
       0.60388269, 0.46989258, 0.49135393, 0.4847743 , 0.56172656,
       0.62333501, 0.65038223, 0.3773422 , 0.54236757, 0.4155562 ,
       0.51505759, 0.42180673, 0.55477583, 0.58639657, 0.45660725,
       0.40651464, 0.49843066, 0.44853392, 0.60412337, 0.60063336,
       0.40650818, 0.53058066, 0.50649472, 0.29625775, 0.49171647,
       0.57346364, 0.59350944, 0.43607285, 0.51887753, 0.35939092,
       0.44219328, 0.35033297, 0.4945513 , 0.5668639 , 0.51978984,
       0.63743617, 0.53722499, 0.56085192, 0.55831518, 0.59212806,
       0.57558333, 0.34247823, 0.38236504, 0.49302551, 0.56705862,
       0.5788201 , 0.48210366, 0.35089379, 0.60482268, 0.4559796 ,
       0.58369706, 0.61434446, 0.55040384, 0.54890477, 0.55279305,
       0.61905502, 0.43950862, 0.54511387, 0.44220125, 0.54051816,
       0.50319188, 0.53667436, 0.57563857, 0.53274696, 0.57251965,
       0.54013807, 0.34991741, 0.5368119 , 0.56105381, 0.52560148,
       0.42955189, 0.57547497, 0.57826087, 0.44388267, 0.54565361,
       0.46567941, 0.41177711, 0.46165305, 0.45945035, 0.58879593,
       0.39332733, 0.57888325, 0.38439603, 0.61981538, 0.3245304 ,
       0.57315703, 0.52728852, 0.43164423, 0.6016704 , 0.52680598,
       0.65624458, 0.37386985, 0.43132517, 0.46191462, 0.46149784,
       0.46889445, 0.60431249, 0.5523763 , 0.5633147 , 0.36032739,
       0.58082249, 0.38978561, 0.48550265, 0.42399856, 0.57303689,
       0.468966  , 0.59510709, 0.57526029, 0.37467819, 0.53820807,
       0.51338124, 0.48362406, 0.56217164, 0.44218591, 0.42415354,
       0.48371455, 0.56907063, 0.56861519, 0.55877519, 0.47087551,
       0.58976017, 0.48969933, 0.50591302, 0.57790333, 0.6069466 ,
       0.58492217, 0.40769562, 0.46688466, 0.55827343, 0.52641953,
       0.56331043, 0.43690494, 0.49400183, 0.58748354, 0.51216025,
       0.43941845, 0.50072904, 0.4946791 , 0.51335658, 0.45352906,
       0.48020188, 0.59792657, 0.56092402, 0.43667513, 0.38439446,
       0.66743668, 0.38941871, 0.38939589, 0.54913525, 0.613294  ,
       0.3846419 , 0.63847345, 0.51335133, 0.63367252, 0.60389503,
       0.50414798, 0.45402023, 0.34267194, 0.62589027, 0.65518837,
       0.5618895 , 0.38870294, 0.50394994, 0.59565614, 0.48678493,
       0.54141321, 0.35234082, 0.53600053, 0.62605016, 0.38632174,
       0.56566053, 0.34215051, 0.36698043, 0.42736216, 0.43059688,
       0.40549973, 0.52381441, 0.47539461, 0.59473554, 0.570595  ,
       0.47275942, 0.57951552, 0.52774127, 0.48521418, 0.57135607,
       0.34785663, 0.49681401, 0.3795579 , 0.53413996, 0.64352857,
       0.51025201, 0.42943525, 0.52272503, 0.58716093, 0.63648501,
       0.56471396, 0.56084852, 0.4559444 , 0.47413413, 0.37361389,
       0.56627727, 0.43096067, 0.45212625, 0.40801238, 0.39702571,
       0.41141509, 0.47901531, 0.55220876, 0.51168181, 0.59053918,
       0.36313877, 0.59324972, 0.56779057, 0.40225386, 0.4706107 ,
       0.42584068, 0.52599769, 0.3986052 , 0.42249262, 0.39555173,
       0.44730758, 0.41315927, 0.63881924, 0.55917092, 0.54061122,
       0.54708736, 0.59448852, 0.43833651, 0.44490873, 0.58378555,
       0.61769497, 0.57576736, 0.58160765, 0.56640339, 0.6111199 ,
       0.51593541, 0.55952074, 0.5143669 , 0.56430134, 0.37811333,
       0.50891268, 0.551727  , 0.40892301, 0.63277269, 0.39802532,
       0.55318439, 0.54478484, 0.39704761, 0.59022161, 0.52025565,
       0.59810994, 0.62506188, 0.55073358, 0.50096385, 0.3331965 ,
       0.56342948, 0.43346006, 0.42301755, 0.37898401, 0.41401635,
       0.4071832 , 0.54209914, 0.45844978, 0.62196381, 0.52131347,
       0.38571872, 0.40961249, 0.40849889, 0.56264162, 0.5937271 ,
       0.43003675, 0.41921387, 0.51066069, 0.44630203, 0.46293156,
       0.58765888, 0.57503625, 0.54638985, 0.39282436, 0.53635182,
       0.5683754 , 0.59141965, 0.45614007, 0.60888994, 0.45225216,
       0.40526883, 0.53559662, 0.61249059, 0.43279551, 0.50907645,
       0.56106627, 0.41189603, 0.43932764, 0.52037777, 0.5283121 ,
       0.40617323, 0.44990774, 0.46452401, 0.50310665, 0.61751295,
       0.43238224, 0.45739891, 0.4697348 , 0.42120818, 0.40303836,
       0.4098881 , 0.57369448, 0.5930731 , 0.60361951, 0.49800558,
       0.41986979, 0.59102492, 0.51351367, 0.59947004, 0.62964375,
       0.59206908, 0.59562518, 0.453401  , 0.40051395, 0.48925035,
       0.46402209, 0.53551957, 0.54406793, 0.53980905, 0.37504703,
       0.56921221, 0.49513972, 0.52525729, 0.45847239, 0.34544268,
       0.46835868, 0.45670357, 0.46922699, 0.41353444, 0.42966286,
       0.59530679, 0.42061667, 0.44365635, 0.61629934, 0.51206576,
       0.47863795, 0.5439822 , 0.61499059, 0.54936221, 0.63734944,
       0.38717009, 0.53851655, 0.52600019, 0.39232337, 0.5708495 ,
       0.63506446, 0.53878249, 0.58094494, 0.53264903, 0.39391501,
       0.57916734, 0.50336801, 0.57002854, 0.60004179, 0.53334568,
       0.5278836 , 0.53775476, 0.52412192, 0.50347023, 0.5451433 ,
       0.47095658, 0.55191863, 0.5877231 , 0.53541022, 0.39590929,
       0.50222395]), 'fs_0 - beta(p=7,n=3)': array([[-2.51363700e-04, -9.07098643e-04,  1.63738508e-04,
         2.32611963e-04, -1.04612656e-04,  1.85956454e-04],
       [-3.22679939e-04,  4.72885072e-04,  1.17421461e-05,
         1.82768890e-05,  2.20464356e-04,  4.42180541e-04],
       [-2.22707197e-04, -2.06123588e-04, -5.61577252e-05,
         3.46707664e-04, -1.42465474e-04,  1.82236013e-04],
       ...,
       [-1.24133005e-03,  1.84955844e-04, -3.08761803e-04,
         2.27777192e-04, -1.09403564e-05,  4.54178521e-04],
       [-7.49609301e-06,  4.40708113e-04, -1.18787534e-04,
         3.53468136e-04, -6.81525913e-05,  2.32115791e-04],
       [-2.49477205e-04,  3.94464727e-04, -6.25293078e-04,
         5.15382258e-04, -5.04952832e-04, -3.13836381e-04]]), 'fs_1 - beta(p=365.25,n=10)': array([[ 0.0059486 , -0.00855301, -0.00133084, ...,  0.00399735,
        -0.00149014, -0.00042126],
       [ 0.0062752 , -0.00315456, -0.00995863, ...,  0.00338835,
        -0.00165473,  0.00220775],
       [ 0.00539225, -0.01075577,  0.00306784, ...,  0.0010719 ,
        -0.00236701, -0.0014096 ],
       ...,
       [ 0.00475741, -0.0079898 , -0.00081124, ...,  0.00269423,
         0.00303086, -0.00675786],
       [ 0.00670183, -0.00450269, -0.00926852, ...,  0.00421072,
         0.0011616 , -0.00098889],
       [ 0.00624691, -0.00832411, -0.00362283, ...,  0.00353288,
        -0.00133365,  0.00250463]]), 'sigma_log__': array([-5.25768249, -5.58997849, -5.85337997, -5.28720705, -5.44749003,
       -5.7949476 , -5.24842324, -5.16911866, -5.04531292, -5.39252403,
       -5.15824246, -5.43646635, -5.03665497, -5.47769826, -5.04184839,
       -5.50295606, -5.04251551, -5.5641311 , -5.35950367, -5.64653051,
       -5.19394366, -5.31028197, -5.49017077, -4.89687633, -5.27028335,
       -5.33337275, -5.42066906, -5.27705885, -5.74703002, -5.84346829,
       -5.48089313, -4.91107254, -5.32694334, -5.3677268 , -5.73044509,
       -4.9539376 , -5.47343846, -5.39753343, -5.28328219, -5.54079201,
       -5.439739  , -4.88743459, -5.19008836, -4.96482001, -5.01204878,
       -5.34153104, -5.22789979, -5.19230061, -5.70292406, -5.70600137,
       -5.84511382, -5.31064581, -5.1282386 , -5.16713326, -5.27576185,
       -5.28002109, -5.5936275 , -5.5522291 , -5.2524333 , -5.44489417,
       -5.42116684, -5.60345035, -5.74425631, -5.74892477, -4.91905002,
       -5.71001551, -5.70818153, -5.34686633, -5.70128879, -5.40629112,
       -4.89413591, -5.35595215, -5.12375511, -5.15917626, -5.49368566,
       -5.53939325, -5.17807419, -5.63867467, -4.97649028, -5.7952565 ,
       -5.25062426, -5.30100368, -5.01088846, -5.34881363, -5.70446716,
       -5.55158752, -5.61928707, -5.71386311, -5.54914225, -5.49298436,
       -5.29941992, -5.539034  , -5.17029836, -5.6095852 , -5.04614841,
       -5.55828688, -5.29220698, -4.98969529, -6.02802612, -5.69014623,
       -5.13378951, -5.51689052, -4.92042044, -6.18686306, -5.47028511,
       -5.43739349, -5.93795532, -5.42971713, -5.07596615, -5.8782343 ,
       -5.33905886, -5.63317496, -5.58262213, -5.7416833 , -5.11778176,
       -5.84335668, -4.93171705, -5.62291243, -5.04009062, -5.9291773 ,
       -4.95354699, -5.71494598, -5.69171771, -4.99019706, -5.36862881,
       -5.80284559, -5.26510498, -5.53857767, -5.86906159, -5.21110277,
       -5.55628573, -5.50754729, -5.19406629, -5.49464594, -5.1065086 ,
       -5.88920612, -5.66825619, -5.11289884, -5.05914451, -5.32959138,
       -5.09415479, -5.17313341, -5.39834526, -5.30666896, -5.51513431,
       -5.65156493, -6.12725907, -5.5129639 , -5.28274216, -5.01151666,
       -5.5688078 , -5.25779125, -5.38590547, -5.36354828, -5.35505235,
       -5.56633326, -5.47203459, -5.25693516, -5.52943002, -5.50308287,
       -5.73145733, -5.47873071, -5.56033182, -5.41761185, -5.83716648,
       -5.37454079, -5.46085081, -5.35601601, -5.48579256, -5.4121803 ,
       -5.86697637, -5.88626021, -5.11650902, -4.94902816, -5.1386399 ,
       -5.19524088, -5.68987207, -5.40554272, -5.75266916, -5.88198819,
       -5.56056678, -5.58520877, -5.04748781, -5.53931639, -5.39089037,
       -5.32728179, -5.57672753, -5.43250939, -5.83681211, -5.13074368,
       -5.33097579, -5.28895947, -5.06916439, -5.17246963, -5.60979969,
       -5.13664474, -5.48753707, -5.91993523, -5.51924116, -5.33713781,
       -5.43270459, -5.49288388, -5.28730238, -5.43100731, -5.71333651,
       -5.13981198, -5.64657799, -5.3921388 , -5.20687278, -5.31720967,
       -5.28632697, -5.33897553, -5.57407107, -5.32278954, -5.57892534,
       -5.57778822, -5.38312235, -5.43382293, -5.17592273, -5.41454779,
       -5.33943856, -5.51479628, -5.58707938, -4.99524115, -5.75900376,
       -5.79285468, -5.82079594, -5.72506001, -5.18119862, -5.51039299,
       -5.43703309, -5.55119166, -5.04107837, -5.77316213, -5.37297396,
       -5.39362995, -5.45348728, -5.9425092 , -5.67347954, -6.01195728,
       -5.29797964, -5.77099463, -4.97731564, -5.75773331, -5.58851929,
       -5.25019537, -5.9571901 , -5.12833461, -5.7809674 , -5.53515873,
       -5.27626989, -5.40472664, -5.63596852, -5.18157816, -5.18685199,
       -5.81353033, -5.20906325, -5.53541646, -5.60647373, -5.31479096,
       -5.15636645, -5.71736188, -5.70977958, -4.95129399, -5.29998706,
       -6.01772045, -5.26946019, -5.81116489, -5.6108113 , -5.44132882,
       -5.90529808, -5.79025851, -5.33340854, -5.5211871 , -5.90915656,
       -5.17194451, -5.632726  , -4.9709855 , -5.34516114, -5.89424538,
       -5.44743639, -5.24380397, -5.38300403, -5.70370969, -5.38146901,
       -5.61923852, -5.30013516, -5.51902196, -5.2281272 , -5.45532065,
       -5.37684497, -5.40106592, -5.96134724, -5.68502745, -5.23520105,
       -5.38357367, -5.34711782, -5.62266448, -5.50616374, -5.64398143,
       -5.61944396, -5.51264547, -6.08465931, -5.28141614, -5.87758842,
       -5.88417892, -5.47333156, -5.56409924, -4.90662741, -5.46499735,
       -5.76933629, -5.32022106, -5.42858921, -5.19750658, -5.57135077,
       -5.45026168, -5.11618464, -4.89991668, -5.51763706, -5.99776433,
       -5.06084183, -5.36366538, -5.57762773, -5.9742873 , -5.41694703,
       -5.08001714, -5.44099926, -5.85449861, -5.50933425, -5.06508851,
       -5.72697175, -5.4484193 , -5.3014514 , -5.37450729, -6.15773825,
       -5.18117214, -5.22686197, -5.42319751, -5.80425615, -5.41941611,
       -5.34377672, -5.06009209, -5.69949552, -5.55177486, -5.44599805,
       -5.80312956, -5.4278359 , -5.62907458, -5.42007816, -5.99483477,
       -5.39110562, -5.44217622, -5.44038288, -5.06413257, -5.26714008,
       -5.67720374, -5.30244942, -5.46405553, -5.60648491, -5.35709325,
       -5.44728891, -5.6715736 , -5.61884252, -5.7377148 , -5.1777865 ,
       -5.4032495 , -5.32509116, -5.62657543, -5.07065706, -5.37895217,
       -5.81649302, -5.47401273, -5.5815042 , -5.49369414, -5.31017111,
       -5.13322912, -5.46984534, -5.21203502, -5.38981771, -5.63200958,
       -5.51065762, -5.22104068, -5.22140952, -5.59086304, -5.63959438,
       -5.46536462, -5.76013271, -5.4418806 , -5.67042695, -5.24971801,
       -5.51228538, -5.60927316, -5.37170057, -5.50592191, -5.55728366,
       -5.66230429, -5.15858118, -5.75437901, -5.32234849, -4.9140643 ,
       -5.51797835, -5.95873506, -5.92009295, -5.74796407, -5.83747331,
       -4.9561558 , -5.29479604, -5.40533744, -4.92146784, -5.88901409,
       -5.44256277, -5.36867672, -5.26434166, -5.61626245, -5.1332776 ,
       -5.93292793, -5.57443248, -5.5597299 , -5.47941962, -5.3425644 ,
       -4.99590952, -5.83129258, -5.50588164, -5.89530277, -5.64993053,
       -5.44940952, -5.42460286, -5.09133893, -5.50664684, -5.34762152,
       -5.64589558, -5.40755519, -5.57426759, -5.29974466, -5.43329839,
       -5.34312692, -4.92798418, -5.42186022, -5.47060717, -4.9473201 ,
       -5.47551378, -5.19151973, -5.05164306, -5.38323381, -5.32610288,
       -5.3947313 , -5.17036264, -5.66367567, -5.16858597, -5.73883035,
       -5.32175883]), 'sigma': array([0.00520736, 0.00373511, 0.00287018, 0.00505586, 0.0043071 ,
       0.00304289, 0.0052558 , 0.00568958, 0.00643945, 0.00455047,
       0.0057518 , 0.00435484, 0.00649544, 0.00417894, 0.00646179,
       0.00407471, 0.00645748, 0.00383291, 0.00470324, 0.00352974,
       0.00555008, 0.00494053, 0.00412714, 0.00746988, 0.00514215,
       0.00482776, 0.00442419, 0.00510743, 0.00319225, 0.00289877,
       0.00416561, 0.00736459, 0.0048589 , 0.00466472, 0.00324563,
       0.00705557, 0.00419678, 0.00452774, 0.00507574, 0.00392342,
       0.00434062, 0.00754074, 0.00557151, 0.00697921, 0.00665725,
       0.00478853, 0.00536478, 0.0055592 , 0.0033362 , 0.00332595,
       0.00289401, 0.00493874, 0.00592699, 0.00570089, 0.00511406,
       0.00509232, 0.0037215 , 0.0038788 , 0.00523477, 0.0043183 ,
       0.00442198, 0.00368513, 0.00320111, 0.0031862 , 0.00730607,
       0.00331262, 0.0033187 , 0.00476305, 0.00334166, 0.00448826,
       0.00749038, 0.00471997, 0.00595362, 0.00574643, 0.00411266,
       0.00392891, 0.00563886, 0.00355758, 0.00689823, 0.00304195,
       0.00524424, 0.00498659, 0.00666498, 0.00475379, 0.00333105,
       0.00388129, 0.00362723, 0.0032999 , 0.00389079, 0.00411554,
       0.00499449, 0.00393032, 0.00568287, 0.00366259, 0.00643407,
       0.00385538, 0.00503065, 0.00680774, 0.00241025, 0.0033791 ,
       0.00589418, 0.00401832, 0.00729606, 0.00205627, 0.00421003,
       0.00435081, 0.00263742, 0.00438434, 0.00624505, 0.00279972,
       0.00480039, 0.0035772 , 0.00376269, 0.00320936, 0.00598929,
       0.00289909, 0.00721411, 0.0036141 , 0.00647316, 0.00266067,
       0.00705833, 0.00329633, 0.00337379, 0.00680432, 0.00466052,
       0.00301895, 0.00516885, 0.00393212, 0.00282552, 0.00545565,
       0.0038631 , 0.00405604, 0.0055494 , 0.00410871, 0.00605719,
       0.00276917, 0.00345388, 0.00601861, 0.00635099, 0.00484605,
       0.00613249, 0.00566678, 0.00452406, 0.00495842, 0.00402539,
       0.00351202, 0.00218255, 0.00403413, 0.00507849, 0.00666079,
       0.00381503, 0.00520679, 0.00458069, 0.00468426, 0.00472422,
       0.00382448, 0.00420267, 0.00521125, 0.00396825, 0.00407419,
       0.00324235, 0.00417463, 0.0038475 , 0.00443773, 0.0029171 ,
       0.00463305, 0.00424994, 0.00471967, 0.00414525, 0.0044619 ,
       0.00283142, 0.00277734, 0.00599692, 0.0070903 , 0.00586566,
       0.00554288, 0.00338003, 0.00449162, 0.0031743 , 0.00278923,
       0.0038466 , 0.00375297, 0.00642546, 0.00392921, 0.00455791,
       0.00485726, 0.00378493, 0.00437211, 0.00291813, 0.00591216,
       0.00483935, 0.00504701, 0.00628767, 0.00567055, 0.0036618 ,
       0.00587738, 0.00413802, 0.00268537, 0.00400889, 0.00480962,
       0.00437126, 0.00411596, 0.00505538, 0.00437868, 0.00330164,
       0.00585879, 0.00352957, 0.00455223, 0.00547878, 0.00490643,
       0.00506031, 0.00480079, 0.003795  , 0.00487912, 0.00377662,
       0.00378092, 0.00459346, 0.00436637, 0.005651  , 0.00445135,
       0.00479856, 0.00402675, 0.00374595, 0.00677009, 0.00315425,
       0.00304927, 0.00296524, 0.00326316, 0.00562126, 0.00404452,
       0.00435238, 0.00388283, 0.00646677, 0.00310991, 0.00464031,
       0.00454544, 0.00428135, 0.00262543, 0.00343589, 0.00244929,
       0.00500169, 0.00311666, 0.00689254, 0.00315826, 0.00374056,
       0.00524649, 0.00258717, 0.00592642, 0.00308573, 0.00394558,
       0.00511146, 0.00449528, 0.00356722, 0.00561913, 0.00558958,
       0.00298687, 0.00546679, 0.00394457, 0.003674  , 0.00491831,
       0.0057626 , 0.00328837, 0.0033134 , 0.00707425, 0.00499166,
       0.00243521, 0.00514639, 0.00299394, 0.0036581 , 0.00433372,
       0.00272497, 0.00305719, 0.00482759, 0.0040011 , 0.00271448,
       0.00567353, 0.00357881, 0.00693631, 0.00477118, 0.00275525,
       0.00430733, 0.00528013, 0.004594  , 0.00333358, 0.00460106,
       0.0036274 , 0.00499092, 0.00400977, 0.00536356, 0.00427351,
       0.00462238, 0.00451177, 0.00257644, 0.00339644, 0.00532575,
       0.00459138, 0.00476186, 0.003615  , 0.00406166, 0.00353875,
       0.00362666, 0.00403542, 0.00227754, 0.00508522, 0.00280153,
       0.00278313, 0.00419723, 0.00383303, 0.00739739, 0.00423235,
       0.00312183, 0.00489167, 0.00438928, 0.00553034, 0.00380534,
       0.00429518, 0.00599887, 0.0074472 , 0.00401532, 0.0024843 ,
       0.00634022, 0.00468371, 0.00378153, 0.00254331, 0.00444068,
       0.0062198 , 0.00433515, 0.00286697, 0.0040488 , 0.00631335,
       0.00325693, 0.0043031 , 0.00498435, 0.0046332 , 0.00211704,
       0.00562141, 0.00537035, 0.00441301, 0.0030147 , 0.00442973,
       0.00477779, 0.00634498, 0.00334765, 0.00388056, 0.00431353,
       0.00301809, 0.00439259, 0.0035919 , 0.0044268 , 0.00249159,
       0.00455693, 0.00433005, 0.00433782, 0.00631939, 0.00515834,
       0.00342312, 0.00497938, 0.00423634, 0.00367396, 0.00471459,
       0.00430797, 0.00344244, 0.00362884, 0.00322212, 0.00564048,
       0.00450193, 0.00486791, 0.00360089, 0.00627829, 0.00461265,
       0.00297803, 0.00419437, 0.0037669 , 0.00411262, 0.00494108,
       0.00589749, 0.00421188, 0.00545057, 0.00456281, 0.00358137,
       0.00404345, 0.0054017 , 0.00539971, 0.00373181, 0.00355431,
       0.0042308 , 0.00315069, 0.00433133, 0.00344639, 0.005249  ,
       0.00403687, 0.00366373, 0.00464622, 0.00406264, 0.00385925,
       0.0034745 , 0.00574985, 0.00316887, 0.00488128, 0.00734259,
       0.00401395, 0.00258318, 0.00268495, 0.00318927, 0.0029162 ,
       0.00703994, 0.00501764, 0.00449254, 0.00728842, 0.00276971,
       0.00432838, 0.00466029, 0.0051728 , 0.00363821, 0.0058972 ,
       0.00265071, 0.00379363, 0.00384982, 0.00417175, 0.00478359,
       0.00676556, 0.00293428, 0.00406281, 0.00275234, 0.00351776,
       0.00429884, 0.00440682, 0.00614978, 0.0040597 , 0.00475946,
       0.00353198, 0.00448259, 0.00379425, 0.00499287, 0.00436866,
       0.0047809 , 0.00724109, 0.00441892, 0.00420868, 0.00710242,
       0.00418808, 0.00556355, 0.00639881, 0.00459295, 0.00486298,
       0.00454044, 0.00568251, 0.00346974, 0.00569261, 0.00321853,
       0.00488416])}"
