,0
0,"{'lt_0 - slope': array([0.50236579, 0.50729246, 0.47374003, 0.51482305, 0.50122366,
       0.50177607, 0.48522194, 0.50540304, 0.51460864, 0.49597647,
       0.46857814, 0.51844284, 0.47280985, 0.46672687, 0.49956406,
       0.50329992, 0.51953507, 0.50454419, 0.50802039, 0.47610645,
       0.48582473, 0.52158207, 0.50608999, 0.49044915, 0.49382452,
       0.51943826, 0.52235495, 0.50699011, 0.5019959 , 0.5196713 ,
       0.51608826, 0.48540541, 0.50831736, 0.5194963 , 0.50212457,
       0.50509996, 0.51264447, 0.49225672, 0.50615117, 0.51391731,
       0.51194656, 0.50706923, 0.47110356, 0.48386422, 0.50955327,
       0.51336609, 0.46372407, 0.50941403, 0.46728788, 0.497906  ,
       0.51721756, 0.50295724, 0.51638275, 0.50395308, 0.50830472,
       0.52141753, 0.51479447, 0.50752344, 0.51947887, 0.50942557,
       0.51411843, 0.45060789, 0.50770951, 0.50195434, 0.51500291,
       0.50607665, 0.51623063, 0.46910878, 0.48513244, 0.51523044,
       0.47199983, 0.50744239, 0.50889724, 0.46873013, 0.4995494 ,
       0.49374587, 0.51603811, 0.47124746, 0.48117216, 0.52144239,
       0.47662477, 0.4648078 , 0.51396146, 0.47818399, 0.50359346,
       0.49962679, 0.46879963, 0.5191226 , 0.5005479 , 0.51393692,
       0.48618475, 0.51166268, 0.47042473, 0.47107505, 0.48257848,
       0.51721382, 0.50738248, 0.47658581, 0.47571376, 0.45864204,
       0.50701026, 0.47055621, 0.51476899, 0.51169799, 0.51665808,
       0.47973898, 0.47305581, 0.47000577, 0.48181333, 0.49105931,
       0.51092778, 0.49380601, 0.51130833, 0.45573913, 0.50485197,
       0.47143511, 0.51376489, 0.46264307, 0.46837756, 0.45906694,
       0.49894233, 0.51578253, 0.47919695, 0.47569636, 0.47177738,
       0.45474361, 0.50886058, 0.48968411, 0.51998575, 0.51285438,
       0.52339675, 0.4975324 , 0.47651913, 0.50307951, 0.47097089,
       0.47102276, 0.47018697, 0.48713502, 0.50705583, 0.4664393 ,
       0.47366592, 0.46533839, 0.48741265, 0.50965045, 0.48954675,
       0.52049926, 0.49466214, 0.51790512, 0.47467139, 0.50883298,
       0.49349056, 0.45684817, 0.46503232, 0.49399508, 0.47221265,
       0.4741816 , 0.50816734, 0.4718586 , 0.50539119, 0.50629721,
       0.51836686, 0.50046644, 0.50249229, 0.46962369, 0.50476632,
       0.51458767, 0.52128764, 0.47052808, 0.4669554 , 0.47677265,
       0.50785362, 0.52136536, 0.5142967 , 0.5213678 , 0.52194208,
       0.4874112 , 0.49884111, 0.50347657, 0.51379775, 0.48533079,
       0.47499853, 0.47830405, 0.51743577, 0.48816052, 0.47056729,
       0.48462488, 0.46834945, 0.4730666 , 0.47872366, 0.50184346,
       0.51719128, 0.48757881, 0.51697371, 0.51467685, 0.49640974,
       0.46041098, 0.49393137, 0.47046377, 0.49714721, 0.50218006,
       0.5171858 , 0.52055282, 0.51978605, 0.51273201, 0.52163856,
       0.4935466 , 0.5109823 , 0.48349113, 0.5182907 , 0.47345555,
       0.50358712, 0.52031021, 0.47267213, 0.50658629, 0.46003898,
       0.51671551, 0.5209691 , 0.49500831, 0.47771656, 0.49562078,
       0.49775412, 0.47573007, 0.50053306, 0.51731715, 0.48107157,
       0.51692112, 0.50687569, 0.50175528, 0.47463089, 0.46949193,
       0.46665787, 0.51241743, 0.50633467, 0.46113029, 0.45409304,
       0.49820042, 0.51546364, 0.47946583, 0.47338355, 0.50569183,
       0.51544687, 0.50761487, 0.51811539, 0.49654237, 0.47624457,
       0.51769688, 0.4840146 , 0.46899918, 0.51595487, 0.47159177,
       0.46578969, 0.5167897 , 0.50694584, 0.51941788, 0.5160786 ,
       0.46044854, 0.50341628, 0.50641063, 0.46568144, 0.52006428,
       0.47218675, 0.51913845, 0.47771744, 0.49604927, 0.51178775,
       0.51577202, 0.51480989, 0.51181398, 0.46664357, 0.51968739,
       0.47559274, 0.49874954, 0.50596826, 0.47567286, 0.46527784,
       0.48519194, 0.51550172, 0.51850087, 0.52079462, 0.51507767,
       0.51989278, 0.52205539, 0.49630135, 0.51642944, 0.517893  ,
       0.46657915, 0.51328941, 0.47632683, 0.48506289, 0.50090033,
       0.47346715, 0.4908262 , 0.47654448, 0.49334212, 0.51541981,
       0.45987166, 0.51419898, 0.52376781, 0.50777662, 0.47469647,
       0.52200911, 0.4607488 , 0.50835407, 0.52052254, 0.52233265,
       0.47790615, 0.51428387, 0.4963392 , 0.50655684, 0.4831645 ,
       0.49539472, 0.48142389, 0.5114685 , 0.5060145 , 0.51499546,
       0.46854841, 0.50121772, 0.46867216, 0.52161471, 0.51248551,
       0.47097617, 0.52102042, 0.49399005, 0.51952648, 0.51426189,
       0.48065472, 0.51755933, 0.49745515, 0.47465968, 0.49931364,
       0.48669215, 0.46976934, 0.4952281 , 0.51776888, 0.45604614,
       0.50327138, 0.51885273, 0.51559602, 0.5019638 , 0.52172948,
       0.48105625, 0.48718694, 0.47570965, 0.50380091, 0.51710026,
       0.48527964, 0.52017844, 0.50219579, 0.49733292, 0.50032936,
       0.49253831, 0.50974183, 0.5161315 , 0.48319591, 0.49708312,
       0.49906312, 0.47556168, 0.52049943, 0.4918252 , 0.47048713,
       0.46336019, 0.47910401, 0.508166  , 0.47614533, 0.51985569,
       0.48550652, 0.47955295, 0.51553925, 0.47131492, 0.50620704,
       0.52553397, 0.51842505, 0.50555388, 0.51560881, 0.51341697,
       0.50671152, 0.47570839, 0.48402238, 0.47041391, 0.50190699,
       0.51639139, 0.5131204 , 0.51781576, 0.51059837, 0.51704364,
       0.48911236, 0.47308361, 0.47983393, 0.5001018 , 0.5107341 ,
       0.46746152, 0.46182026, 0.49212674, 0.46454899, 0.47840261,
       0.52229703, 0.50272046, 0.51371987, 0.51698484, 0.51239535,
       0.49893749, 0.47650268, 0.48277072, 0.50939952, 0.48811853,
       0.45412603, 0.47829472, 0.48263521, 0.51954922, 0.51122502,
       0.50191723, 0.50969623, 0.51363589, 0.51498706, 0.47478226,
       0.51084928, 0.47030196, 0.49746929, 0.49235356, 0.464015  ,
       0.49853422, 0.48877317, 0.47243082, 0.46145266, 0.51166832,
       0.513587  , 0.48537615, 0.50026229, 0.46929815, 0.48995901,
       0.48733403, 0.48474112, 0.46621892, 0.51867174, 0.48194483,
       0.49256062, 0.49435362, 0.50772788, 0.50621058, 0.49530547,
       0.46971809, 0.46003962, 0.47047596, 0.50252468, 0.51783901,
       0.51269203, 0.50362939, 0.52351733, 0.52168428, 0.51206164]), 'lt_0 - intercept': array([0.47244548, 0.46664941, 0.49397316, 0.45141133, 0.47023232,
       0.47102928, 0.47507551, 0.45974186, 0.46431945, 0.47760659,
       0.48870351, 0.44845484, 0.49497844, 0.49769837, 0.46659939,
       0.47522856, 0.45859837, 0.4621473 , 0.46661584, 0.48701456,
       0.48328767, 0.45231113, 0.46312487, 0.48227095, 0.48266999,
       0.45278245, 0.43934837, 0.45874916, 0.46636909, 0.45980258,
       0.45957004, 0.48813542, 0.46005638, 0.44956421, 0.46355321,
       0.47278862, 0.46584186, 0.46544878, 0.46701217, 0.45022096,
       0.4630673 , 0.46768128, 0.49837918, 0.48687637, 0.46167654,
       0.45998288, 0.50244096, 0.46923729, 0.50313473, 0.47518201,
       0.45478674, 0.47246756, 0.44920069, 0.46831398, 0.46983706,
       0.45737911, 0.44993918, 0.46558363, 0.45516885, 0.45532905,
       0.46723805, 0.50996923, 0.46509283, 0.47589255, 0.45829908,
       0.47031344, 0.45951838, 0.50423853, 0.48344648, 0.46442386,
       0.48798112, 0.47006271, 0.47051963, 0.49462477, 0.46731251,
       0.47379477, 0.44987224, 0.48630914, 0.47975436, 0.45338989,
       0.49266591, 0.49128357, 0.45360577, 0.47132032, 0.4719994 ,
       0.47976821, 0.50036208, 0.46218174, 0.4770746 , 0.45649448,
       0.46891076, 0.46524837, 0.49739236, 0.48401876, 0.48316308,
       0.45991016, 0.46565566, 0.48789797, 0.49136386, 0.50304023,
       0.46485756, 0.50329745, 0.46354464, 0.46284358, 0.45582108,
       0.49480012, 0.49562316, 0.4880717 , 0.48721097, 0.47370324,
       0.47032504, 0.46546504, 0.4629657 , 0.51372351, 0.47245633,
       0.48833309, 0.47478609, 0.49487108, 0.49577404, 0.50842319,
       0.47526843, 0.46261372, 0.47694978, 0.49323415, 0.49611538,
       0.50874477, 0.45356061, 0.46910796, 0.45359648, 0.4586014 ,
       0.45550951, 0.47241672, 0.49434621, 0.47609314, 0.49635618,
       0.49130863, 0.48525079, 0.48178527, 0.45512866, 0.4971131 ,
       0.49127753, 0.49829336, 0.47809409, 0.46520306, 0.46921033,
       0.44817982, 0.48035675, 0.45733278, 0.49124083, 0.46962391,
       0.47910472, 0.50516743, 0.48149891, 0.46646681, 0.49018041,
       0.48992856, 0.46032992, 0.48524414, 0.46823954, 0.47246025,
       0.45355984, 0.47290197, 0.47747485, 0.49420071, 0.46673379,
       0.46143425, 0.4570623 , 0.48670706, 0.490541  , 0.49759969,
       0.46537399, 0.45811119, 0.46307806, 0.45701509, 0.45553159,
       0.47799538, 0.47231283, 0.46410029, 0.46209259, 0.47295442,
       0.48684903, 0.48233515, 0.45982575, 0.47531549, 0.48137611,
       0.48193405, 0.49855202, 0.48701235, 0.49518981, 0.4759015 ,
       0.4630919 , 0.47728832, 0.4554005 , 0.46239106, 0.46509247,
       0.50071772, 0.47680892, 0.49677581, 0.48275699, 0.47388665,
       0.45663671, 0.45088997, 0.45492583, 0.46310454, 0.45067058,
       0.47322923, 0.46015688, 0.48243028, 0.45699255, 0.48215423,
       0.46862966, 0.46044598, 0.49335975, 0.4683355 , 0.50016195,
       0.46028913, 0.45568031, 0.47484296, 0.48129983, 0.47425684,
       0.47972256, 0.48647746, 0.47069881, 0.46152703, 0.48219337,
       0.45892854, 0.45679443, 0.47629705, 0.49356559, 0.49168106,
       0.49791281, 0.46151627, 0.46960372, 0.49947223, 0.50545284,
       0.47950435, 0.44772299, 0.48680914, 0.49395148, 0.47199866,
       0.4562958 , 0.4663367 , 0.46029282, 0.47512634, 0.48066992,
       0.45812853, 0.48881452, 0.50004603, 0.46128902, 0.48846102,
       0.48067784, 0.44851969, 0.46577162, 0.46008157, 0.45426042,
       0.50192546, 0.47463366, 0.46818892, 0.48313675, 0.45234255,
       0.49874114, 0.45980281, 0.48749565, 0.47841315, 0.46151835,
       0.45490586, 0.45439565, 0.46337542, 0.49929177, 0.45182281,
       0.48926631, 0.47807484, 0.47582276, 0.49799711, 0.50137874,
       0.47628555, 0.45514389, 0.4569262 , 0.45469108, 0.46081159,
       0.46160839, 0.4496691 , 0.47509899, 0.46236021, 0.45232381,
       0.49264243, 0.46665193, 0.49213843, 0.4754666 , 0.47424582,
       0.49512812, 0.47367372, 0.4943735 , 0.46842558, 0.45876149,
       0.50140008, 0.46301059, 0.44471411, 0.4646816 , 0.48463056,
       0.45144611, 0.48749316, 0.46244451, 0.45643339, 0.45491835,
       0.4882608 , 0.46309469, 0.46763453, 0.46477282, 0.4890811 ,
       0.46934159, 0.48740367, 0.46473265, 0.47614167, 0.46106334,
       0.49902957, 0.47611313, 0.48933741, 0.45326978, 0.46569788,
       0.49230501, 0.45719142, 0.47548547, 0.4545747 , 0.46421612,
       0.47438552, 0.45025313, 0.4701133 , 0.48751575, 0.47548884,
       0.47973403, 0.50207649, 0.4735391 , 0.45458477, 0.50542902,
       0.46549246, 0.45793703, 0.46638774, 0.46412071, 0.45685045,
       0.47614556, 0.475694  , 0.49253793, 0.46520779, 0.45704482,
       0.47494091, 0.45595138, 0.4648666 , 0.4715663 , 0.47799631,
       0.47725808, 0.45943873, 0.45699031, 0.48476741, 0.47382797,
       0.47467562, 0.49184712, 0.45440832, 0.47789413, 0.48925431,
       0.50392501, 0.47939718, 0.46855787, 0.48526291, 0.45076887,
       0.48233589, 0.48285502, 0.46123303, 0.49806668, 0.4658944 ,
       0.45050073, 0.45541515, 0.48038208, 0.46637264, 0.45677783,
       0.4740276 , 0.48727582, 0.48197839, 0.4972907 , 0.46769146,
       0.45890347, 0.4657618 , 0.45619693, 0.46433013, 0.46134834,
       0.47493983, 0.48387024, 0.47907005, 0.47500648, 0.46437456,
       0.49867389, 0.49688726, 0.48471755, 0.50913258, 0.48807588,
       0.45656133, 0.47716497, 0.45497215, 0.46269395, 0.46424265,
       0.46294543, 0.48316957, 0.48268753, 0.45885954, 0.485564  ,
       0.50240118, 0.48004082, 0.49291644, 0.4539265 , 0.46663215,
       0.47626566, 0.46288347, 0.46072229, 0.45600077, 0.49439613,
       0.46091487, 0.49738322, 0.47100322, 0.48021566, 0.50288967,
       0.46746976, 0.48166248, 0.48764283, 0.50249828, 0.4538765 ,
       0.46490664, 0.47771651, 0.46000949, 0.49854695, 0.47724953,
       0.47217865, 0.47879651, 0.49411198, 0.44867306, 0.48090103,
       0.4828344 , 0.47430601, 0.4630035 , 0.47675268, 0.45941396,
       0.49351495, 0.50107655, 0.48844792, 0.46803978, 0.45304782,
       0.46812447, 0.46905095, 0.44691111, 0.45219426, 0.46385861]), 'fs_0 - beta(p=7,n=3)': array([[ 9.15626697e-04,  6.14009535e-05,  4.29983996e-05,
         2.12375455e-04, -2.05007874e-04, -3.18382282e-04],
       [ 6.43514966e-04,  1.71735109e-04,  2.39518267e-04,
        -1.57054340e-04,  1.41637950e-04, -5.55300511e-05],
       [ 1.46217057e-03, -1.00864061e-03,  4.29189954e-04,
         9.54748169e-04, -4.97808722e-04, -7.26860200e-05],
       ...,
       [-2.44790417e-04,  3.37328481e-04, -4.89334701e-05,
        -3.20147576e-04,  1.96795280e-04,  3.11659279e-05],
       [ 1.53186903e-03,  1.89915430e-04,  3.63081499e-04,
         4.39081926e-04, -9.73203274e-05, -1.21969658e-05],
       [ 1.89984146e-03,  1.13150030e-03, -2.24877889e-04,
         1.07543287e-03, -6.05606972e-04, -3.76306735e-04]]), 'fs_1 - beta(p=365.25,n=10)': array([[ 5.03884151e-03, -3.83046023e-03,  1.77784132e-04, ...,
         3.19541031e-03,  1.66892756e-03, -2.25118372e-03],
       [ 3.13490120e-03, -2.09059864e-03,  8.51643441e-04, ...,
         3.90147076e-03,  6.10700879e-03, -2.98029539e-03],
       [ 7.51972867e-03, -6.80179443e-03, -4.09945569e-04, ...,
         1.81268417e-03, -3.19478246e-03,  5.62821697e-03],
       ...,
       [ 7.88074627e-04,  1.71091800e-03, -2.66737545e-04, ...,
         9.82465644e-04,  3.42734530e-03, -4.16845179e-03],
       [ 1.07258959e-03,  9.60290827e-04, -4.71466060e-06, ...,
         2.08707577e-03,  4.99379273e-04, -9.62920200e-04],
       [ 2.36665859e-03, -1.24417537e-03,  9.98145430e-04, ...,
         1.56826161e-03,  5.40393771e-03, -6.63752678e-04]]), 'sigma_log__': array([-5.04332308, -5.29540299, -5.19102902, -5.19192823, -5.21958314,
       -5.39133715, -4.61244222, -4.9127321 , -5.16051505, -4.96756479,
       -4.80430855, -5.4018948 , -4.99340941, -5.1162691 , -4.94320583,
       -4.94347102, -5.12154052, -4.88947296, -5.21304872, -4.73195624,
       -4.87882305, -5.24348632, -5.33555177, -4.64336623, -4.88633101,
       -5.52166513, -4.97605526, -4.92934355, -5.18051708, -5.4196049 ,
       -5.28459038, -4.70449732, -5.0275479 , -5.57113821, -5.29332776,
       -4.89665147, -4.90140499, -4.82480143, -5.27784165, -5.3910588 ,
       -5.00707723, -4.77155774, -5.04695897, -4.71430966, -5.095378  ,
       -4.68432114, -5.17028591, -5.27352468, -5.31534989, -4.97534247,
       -5.51340039, -5.0710681 , -4.79325213, -4.9096666 , -5.26598566,
       -5.33091551, -5.22856572, -5.08158437, -5.33883803, -5.16491508,
       -5.27878231, -5.08004594, -5.10546517, -4.9371112 , -5.31795816,
       -4.97787905, -5.28516636, -5.21425498, -5.09097202, -5.28030427,
       -4.69700792, -5.10085235, -4.97834973, -4.81090138, -4.84327606,
       -4.74094003, -5.23874195, -4.88518769, -4.99276446, -5.51856407,
       -4.83563814, -4.84001009, -4.93125764, -4.58744502, -5.03163154,
       -4.80735117, -5.05379956, -5.40789467, -5.04816452, -5.48120279,
       -4.67834544, -5.22813092, -5.0074258 , -4.8258793 , -4.63210328,
       -5.21036671, -5.07546161, -4.58067898, -5.20814781, -5.43210326,
       -5.01353159, -5.02603661, -5.27964318, -5.37418327, -5.12701611,
       -4.92713648, -4.74592898, -4.79410962, -4.63993742, -4.88790107,
       -5.32791213, -4.70431725, -5.18342938, -5.1498349 , -5.21223443,
       -5.20643212, -4.89813554, -5.27456834, -5.115016  , -5.21892579,
       -4.89151439, -5.22077658, -4.73438652, -4.91098771, -4.98264248,
       -5.34202276, -5.19361485, -4.66559589, -5.20737886, -4.99896818,
       -5.49991028, -4.70316677, -4.78629203, -5.25693489, -4.91747365,
       -5.10640694, -4.73489687, -5.00980579, -4.84032138, -4.9890998 ,
       -4.9822702 , -5.11301262, -4.26872335, -5.30878055, -4.39623622,
       -4.99813866, -5.35689482, -5.19825537, -5.03074401, -5.0265076 ,
       -5.08304838, -5.21949949, -4.81281855, -4.77824567, -5.09951881,
       -4.96633466, -5.0471651 , -5.01140646, -5.11885521, -5.12514951,
       -5.44416182, -4.9547367 , -4.83598448, -4.97206868, -4.96511017,
       -5.09616046, -5.33876848, -5.10178963, -5.04868892, -4.93764014,
       -5.26895384, -5.33733447, -5.15733075, -5.35490298, -5.4056299 ,
       -4.61622783, -5.1143979 , -5.1775213 , -5.33541141, -4.71406719,
       -4.86654242, -4.70900195, -5.19136351, -4.83730641, -4.69543364,
       -4.94620308, -5.24811649, -4.61282069, -5.21210214, -5.14428505,
       -5.11417603, -4.6474949 , -5.33030866, -5.49310386, -4.81576833,
       -4.96830661, -5.27577359, -4.7497338 , -4.86094826, -5.32745486,
       -5.3122079 , -4.96796794, -5.43935208, -5.29265772, -5.32689582,
       -4.60592578, -5.31709781, -4.98060834, -5.39631432, -4.89151458,
       -5.0908355 , -5.34646251, -4.67722859, -5.03037446, -5.18734975,
       -5.47501943, -5.6206904 , -5.14294598, -4.78627254, -4.94845938,
       -4.77949192, -5.12196383, -4.78357005, -5.19097966, -4.94696425,
       -5.23746484, -4.93443878, -4.66537823, -4.88733921, -4.76242786,
       -5.10092019, -5.10714096, -5.28634736, -4.90126183, -5.5206772 ,
       -5.04184061, -5.18784345, -5.08513191, -5.12187687, -5.12378662,
       -5.36217082, -5.29109239, -5.24444767, -5.06111196, -5.01825495,
       -5.42089499, -4.68098537, -5.06263838, -5.1640878 , -5.09983974,
       -4.74331997, -5.48119169, -4.85286926, -5.17232201, -5.49373926,
       -5.14830874, -5.25555573, -5.05021754, -4.76870921, -5.26451711,
       -5.17192093, -5.51312009, -4.77735425, -4.88471635, -5.27767184,
       -5.41170606, -5.20122873, -5.22857755, -5.21792863, -5.40018981,
       -5.23365622, -4.61253417, -5.06669575, -5.29987854, -5.11564059,
       -4.82656674, -5.2617    , -5.18623375, -5.64890974, -5.3804257 ,
       -5.47151961, -5.49257187, -4.64988431, -5.09925868, -5.47238717,
       -4.96490728, -5.11160893, -4.84862905, -4.82301251, -4.53097601,
       -5.02904336, -5.31899435, -4.90734325, -4.69868717, -4.99416976,
       -5.35784611, -5.25034365, -5.39690794, -5.06512691, -4.90644568,
       -5.44056294, -5.19088913, -4.9169401 , -5.5791703 , -5.57106961,
       -4.85631609, -5.39154761, -4.81356878, -5.00829048, -5.00377496,
       -4.599043  , -5.11197744, -4.98123473, -4.97818681, -5.24144251,
       -5.00918919, -5.01669538, -5.22140331, -5.3817469 , -5.26188244,
       -4.81054776, -5.35693966, -5.12148085, -5.60801035, -5.00213293,
       -4.48164045, -5.17461064, -4.99841073, -4.82718428, -5.00996944,
       -4.80538422, -5.09284596, -4.78893391, -5.36315029, -5.45833779,
       -4.70339132, -5.38520883, -5.15569173, -4.99595429, -5.26513192,
       -4.75930468, -4.50638033, -4.7249199 , -5.23336772, -5.31465176,
       -4.83778951, -5.44060368, -5.00154933, -5.30247667, -4.81474013,
       -4.6710961 , -4.96997264, -5.33862587, -4.9067207 , -5.20738544,
       -4.87083526, -4.97597846, -5.49430428, -4.89765894, -4.91230804,
       -4.98058101, -4.97696579, -5.21635963, -4.97508893, -5.36236774,
       -4.68712762, -4.91721451, -5.41634634, -5.0012556 , -5.07349798,
       -5.41446706, -5.48465272, -4.7890648 , -5.2369162 , -5.00881347,
       -5.14961502, -4.82340016, -4.84331367, -4.80322799, -4.78107603,
       -5.26495425, -5.11892946, -5.3632796 , -5.02838461, -5.27087325,
       -5.01789209, -4.86402589, -4.98945765, -4.95568696, -5.04665067,
       -5.33512703, -5.21302174, -4.62931173, -5.17639315, -5.13766186,
       -5.30491432, -4.92729501, -5.19146426, -5.07539662, -5.47899477,
       -5.09548601, -5.01833325, -4.84752988, -5.1698608 , -4.56825258,
       -5.07851242, -5.18763033, -4.98642872, -5.27662507, -5.10381398,
       -4.89852798, -5.21192482, -5.28617411, -5.32974169, -5.13159735,
       -5.33897579, -5.1594267 , -4.77265541, -5.16421299, -4.79953899,
       -5.39144713, -4.71106998, -5.26538058, -5.09339596, -4.96133211,
       -5.21892436, -4.36152921, -4.98544377, -4.88488505, -4.55419736,
       -4.859918  , -5.37762904, -5.04441672, -5.36464056, -4.63633669,
       -4.70411712, -4.98993642, -5.18668521, -4.96130566, -4.84087388,
       -4.93393561, -5.1145583 , -4.81131507, -5.09324055, -5.35639029,
       -5.17115069, -4.81161602, -5.44542228, -5.38855189, -5.25768871]), 'sigma': array([0.00645227, 0.00501459, 0.00556628, 0.00556127, 0.00540958,
       0.00455588, 0.00992754, 0.00735237, 0.00573874, 0.00696008,
       0.00819437, 0.00450803, 0.0067825 , 0.00599836, 0.0071317 ,
       0.00712981, 0.00596682, 0.00752539, 0.00544505, 0.00880922,
       0.00760596, 0.00528181, 0.00481725, 0.00962524, 0.00754907,
       0.00399918, 0.00690123, 0.00723125, 0.0056251 , 0.0044289 ,
       0.00506911, 0.00905446, 0.00655486, 0.00380615, 0.00502501,
       0.00747156, 0.00743613, 0.00802815, 0.00510343, 0.00455715,
       0.00669043, 0.00846718, 0.00642885, 0.00896605, 0.00612499,
       0.009239  , 0.00568294, 0.00512551, 0.00491556, 0.00690615,
       0.00403237, 0.00627571, 0.00828547, 0.00737495, 0.0051643 ,
       0.00483964, 0.00536121, 0.00621006, 0.00480145, 0.00571355,
       0.00509864, 0.00621962, 0.00606352, 0.0071753 , 0.00490275,
       0.00688866, 0.00506619, 0.00543848, 0.00615204, 0.00509088,
       0.00912253, 0.00609155, 0.00688542, 0.00814052, 0.00788119,
       0.00873044, 0.00530693, 0.00755771, 0.00678688, 0.0040116 ,
       0.00794162, 0.00790697, 0.00721742, 0.01017883, 0.00652815,
       0.00816947, 0.00638503, 0.00448106, 0.00642111, 0.00416432,
       0.00929438, 0.00536354, 0.0066881 , 0.0080195 , 0.00973426,
       0.00545967, 0.0062482 , 0.01024794, 0.0054718 , 0.00437389,
       0.00664739, 0.00656478, 0.00509425, 0.0046347 , 0.00593424,
       0.00724723, 0.00868699, 0.00827837, 0.0096583 , 0.00753723,
       0.00485419, 0.0090561 , 0.00560874, 0.00580036, 0.00544948,
       0.0054812 , 0.00746048, 0.00512017, 0.00600588, 0.00541314,
       0.00751004, 0.00540313, 0.00878784, 0.00736521, 0.00685592,
       0.00478618, 0.0055519 , 0.00941364, 0.00547601, 0.0067449 ,
       0.00408714, 0.00906652, 0.00834334, 0.00521125, 0.00731759,
       0.00605781, 0.00878335, 0.0066722 , 0.00790451, 0.00681179,
       0.00685847, 0.00601793, 0.01399964, 0.00494796, 0.01232364,
       0.0067505 , 0.00471553, 0.0055262 , 0.00653395, 0.00656169,
       0.00620098, 0.00541004, 0.00812493, 0.00841074, 0.00609968,
       0.00696864, 0.00642753, 0.00666153, 0.00598287, 0.00594533,
       0.00432146, 0.00704994, 0.00793887, 0.0069288 , 0.00697718,
       0.0061202 , 0.00480178, 0.00608585, 0.00641774, 0.0071715 ,
       0.00514899, 0.00480867, 0.00575705, 0.00472493, 0.00449122,
       0.00989003, 0.0060096 , 0.00564197, 0.00481793, 0.00896823,
       0.00769994, 0.00901377, 0.00556441, 0.00792838, 0.0091369 ,
       0.00711036, 0.00525741, 0.00992379, 0.0054502 , 0.00583264,
       0.00601093, 0.00958558, 0.00484258, 0.00411505, 0.008101  ,
       0.00695492, 0.005114  , 0.008654  , 0.00774314, 0.00485641,
       0.00493103, 0.00695727, 0.0043423 , 0.00502838, 0.00485913,
       0.00999245, 0.00490697, 0.00686988, 0.00453326, 0.00751004,
       0.00615288, 0.00476498, 0.00930477, 0.00653636, 0.00558679,
       0.00419015, 0.00362214, 0.00584046, 0.0083435 , 0.00709433,
       0.00840027, 0.0059643 , 0.00836608, 0.00556655, 0.00710495,
       0.00531371, 0.0071945 , 0.00941569, 0.00754146, 0.00854484,
       0.00609114, 0.00605337, 0.00506021, 0.00743719, 0.00400314,
       0.00646184, 0.00558404, 0.00618807, 0.00596482, 0.00595344,
       0.00469071, 0.00503626, 0.00527674, 0.00633851, 0.00661606,
       0.00442319, 0.00926988, 0.00632884, 0.00571828, 0.00609772,
       0.00870968, 0.00416436, 0.00780595, 0.00567138, 0.00411244,
       0.00580922, 0.00521845, 0.00640794, 0.00849133, 0.00517189,
       0.00567366, 0.0040335 , 0.00841824, 0.00756127, 0.0051043 ,
       0.00446402, 0.00550979, 0.00536115, 0.00541854, 0.00451572,
       0.00533399, 0.00992663, 0.00630321, 0.0049922 , 0.00600213,
       0.00801399, 0.00518648, 0.00559303, 0.00352135, 0.00460586,
       0.00420484, 0.00411724, 0.00956271, 0.00610127, 0.00420119,
       0.0069786 , 0.00602638, 0.00783912, 0.00804252, 0.01077016,
       0.00654507, 0.00489768, 0.0073921 , 0.00910723, 0.00677735,
       0.00471104, 0.00524572, 0.00453057, 0.00631311, 0.00739874,
       0.00433704, 0.00556705, 0.0073215 , 0.0037757 , 0.00380641,
       0.00777909, 0.00455492, 0.00811883, 0.00668232, 0.00671256,
       0.01006146, 0.00602416, 0.00686558, 0.00688654, 0.00529262,
       0.00667631, 0.00662639, 0.00539975, 0.00459978, 0.00518553,
       0.0081434 , 0.00471531, 0.00596718, 0.00366836, 0.00672359,
       0.01131484, 0.00565842, 0.00674866, 0.00800904, 0.00667111,
       0.00818556, 0.00614052, 0.00832132, 0.00468612, 0.00426063,
       0.00906448, 0.00458388, 0.00576649, 0.00676526, 0.00516871,
       0.00857157, 0.01103834, 0.00887142, 0.00533553, 0.00491899,
       0.00792455, 0.00433686, 0.00672752, 0.00497925, 0.00810933,
       0.009362  , 0.00694334, 0.00480247, 0.0073967 , 0.00547597,
       0.00766696, 0.00690176, 0.00411011, 0.00746404, 0.00735549,
       0.00687007, 0.00689495, 0.00542705, 0.0069079 , 0.00468979,
       0.00921311, 0.00731949, 0.00444335, 0.00672949, 0.00626048,
       0.00445171, 0.00414998, 0.00832023, 0.00531663, 0.00667882,
       0.00580164, 0.00803941, 0.0078809 , 0.00820322, 0.00838697,
       0.00516963, 0.00598242, 0.00468551, 0.00654938, 0.00513912,
       0.00661846, 0.00771934, 0.00680936, 0.00704324, 0.00643084,
       0.0048193 , 0.00544519, 0.00976148, 0.00564834, 0.0058714 ,
       0.00496712, 0.00724608, 0.00556385, 0.00624861, 0.00417352,
       0.00612433, 0.00661554, 0.00784774, 0.00568536, 0.01037608,
       0.00622917, 0.00558523, 0.00683001, 0.00510965, 0.00607354,
       0.00745755, 0.00545117, 0.00506109, 0.00484532, 0.00590712,
       0.00480079, 0.00574499, 0.00845789, 0.00571756, 0.00823354,
       0.00455538, 0.00899515, 0.00516743, 0.00613714, 0.00700359,
       0.00541315, 0.01275886, 0.00683674, 0.00755999, 0.01052294,
       0.00775112, 0.00461876, 0.00644522, 0.00467914, 0.00969314,
       0.00905791, 0.0068061 , 0.00559051, 0.00700378, 0.00790015,
       0.00719812, 0.00600863, 0.00813715, 0.0061381 , 0.00471791,
       0.00567803, 0.0081347 , 0.00431602, 0.00456858, 0.00520733])}"
