,0
0,"{'priors': array([ 1.44252100e-02, -2.28270676e+00, -1.38928618e+00,  1.96785209e+00,
       -1.85687698e+00, -2.20671829e+00, -2.80807285e+00, -4.91599851e+00,
       -8.29859083e+00, -4.68083615e+00,  9.50008641e-01, -4.59104527e+00,
       -2.47504915e+00, -1.41673144e+00, -1.29652601e+00, -2.50004480e+00,
       -1.34533046e+01, -1.17896184e+01, -6.07628359e+00,  1.02700737e+01,
        3.12566002e+01,  2.31489312e+01, -1.92960665e+01, -2.42672761e+01,
       -1.59258901e+00,  4.51176979e+00, -4.71158876e+01,  1.51309653e+00,
        1.14573362e+00,  4.32392749e+00, -3.71633254e+00, -1.31047967e+00,
       -5.72531542e-01, -3.15470305e+00,  1.52372450e+00, -5.04772042e-02,
       -2.37923829e+00, -5.78326563e-01, -4.34194371e-01,  1.19172818e-01,
       -8.87374245e-01,  2.08575618e+00,  2.40822110e+00, -1.09532437e+00,
        3.31417951e+00, -2.67584161e+00,  9.63119795e-01, -1.63799875e+00,
       -1.24294632e+00,  6.37039678e-02, -1.04186829e+00, -2.21983629e+00,
        2.06815164e+00,  0.00000000e+00]), 'lt_0 - slope_sigma_log__': array(1.74563987), 'lt_0 - slope_z_offset': array([ 0.12763471, -0.3856413 ,  0.38598589,  0.3075289 ,  0.62947269,
        0.35938944,  0.36750519,  0.39100289,  0.49924823,  0.5643671 ,
        0.17458734, -0.11228679, -0.02422007,  0.11987562,  0.40179131,
        0.15807798,  0.50276644,  0.48796548,  0.31204048,  0.37859752,
        0.63522332,  0.61536779,  0.1412621 ,  0.01473446,  0.26705963,
       -0.21920026,  0.17764118, -0.30604168,  0.30831631,  0.11446581,
        0.12753919,  0.12423193,  0.65262873,  0.47292424,  0.2950402 ,
        0.36727873,  0.55637551,  0.09300323,  0.08257425,  0.11997393,
        0.50716267,  0.01771714,  0.06014429,  0.00751196,  0.4919013 ,
        0.7423897 ,  0.06198481,  0.22244274,  0.21519691,  0.01943568,
        0.51410186,  0.13763433, -0.17111248,  0.13751467,  0.12269871,
       -0.11463322,  0.47645987,  0.48601348,  0.250623  ,  0.26905136,
        0.14135093,  0.27449938,  0.15649147,  0.20261761,  0.22311067,
       -0.08341719,  0.43720411,  0.42114762,  0.13923065,  0.4975829 ,
        0.03420726,  0.25272934,  0.25372996,  0.09443594,  0.24560064,
        0.45682759,  0.14422743,  0.87543725,  0.56241731,  0.57014398,
        0.14005095, -0.23006842, -0.03099583,  0.44575736,  0.03195077,
        0.10174248,  0.11991297,  0.5526055 ,  0.22670543,  0.24281416,
       -0.0724032 ,  0.24622089,  0.02803988,  0.36152151,  0.0686986 ,
        0.44145505,  0.05781607,  0.22636394, -0.01211934,  0.31771185,
        0.00648114,  0.49005055,  0.36787028,  0.31883929,  0.33988369,
        0.29329995,  0.1886361 ,  0.12088165,  0.10757621,  0.05895098,
        0.48768818,  0.3750135 ,  0.27605622,  0.22018194,  0.13252588,
        0.03534637,  0.23583384,  0.32615164,  0.18841508,  0.01526832,
        0.4237336 ,  0.49181346,  0.12300079,  0.02990812,  0.13698951,
        0.25162203,  0.3739289 ,  0.32383131,  0.62396905,  0.52459564,
        0.39344401,  0.206389  ,  0.17092565,  0.44316414, -0.02217101,
        0.42100503,  0.56716092,  0.43024367,  0.12394352,  0.62183135,
       -0.04232182,  0.02370284,  0.02217794,  0.45581172,  0.0888264 ,
       -0.06223534, -0.07561082,  0.3107706 ,  0.19252109,  0.60001836,
        0.27524513,  0.03240162,  0.32782319,  0.29122891,  0.45766006,
        0.40584895,  0.16418   ,  0.5401702 ,  0.00229171,  0.50905936,
        0.08348568,  0.12161492, -0.11111544,  0.61364514,  0.70377112,
        0.36961892,  0.44474478,  0.63426399,  0.26754576,  0.36158596,
       -0.06707149,  0.04514898,  0.1248152 ,  0.16411255,  0.14812067,
        0.61160786,  0.06844496,  0.5119256 ,  0.33035413,  0.35362246,
        0.71460004,  0.29130275,  0.0194527 ,  0.4486786 ,  0.11443356,
        0.09506728,  0.15550135, -0.30740393,  0.14863862,  0.53298475,
        0.25753579,  0.30593695,  0.21170507,  0.23687766,  0.10989236,
       -0.08020797,  0.58280764,  0.40575039,  0.30282145, -0.24479273,
        0.33792829,  0.08554997,  0.54797402,  0.64820259,  0.37722986,
        0.44116446,  0.03768283, -0.01705583,  0.19909226,  0.3220175 ,
       -0.07555186,  0.10304238,  0.37739266,  0.10706533,  0.18154884,
        0.07370708,  0.15028823, -0.01113363,  0.02126242,  0.19807144,
        0.77840188,  0.54636184,  0.12721033,  0.40891493, -0.1718385 ,
       -0.15397223,  0.11757489,  0.25328177,  0.14835666,  0.37248754,
        0.22082725,  0.03892652,  0.15207249,  0.16760883,  0.39207476,
       -0.00987773,  0.00954006,  0.33675229,  0.22821921,  0.72696161,
        0.47075883,  0.04579105,  0.33728667,  0.05487206,  0.00623453,
        0.55596307,  0.04048053, -0.34322146, -0.02898668,  0.70045519,
        0.58573982,  0.40144552,  0.14688269,  0.09159569,  0.36194714,
        0.21795939,  0.13403822,  0.36655304,  0.3706442 ,  0.61959347,
        0.15449918,  0.45687093,  0.11940946, -0.13929651,  0.33641219,
        0.30965006,  0.25598588,  0.47939504,  0.33009343,  0.10452452,
       -0.03402734,  0.1273047 ,  0.14851666,  0.28821224,  0.31763386,
        0.47647538,  0.33340512,  0.61058339, -0.0977487 ,  0.18031683,
        0.27213194,  0.06144681,  0.30967898,  0.30712787,  0.08164117,
        0.64608289,  1.29047494,  0.42187487,  0.32463147,  0.15023059,
        0.13658029,  0.12694584,  0.24239163, -0.14847334, -0.01681821,
        0.47965386,  0.31649817,  0.14008561,  0.27615852,  0.29008208,
       -0.09013924, -0.07214103, -0.13983423, -0.0703534 , -0.2339327 ,
        0.05681985,  0.25448501,  0.33492454,  0.3508236 ,  0.55387889,
        0.15572525,  0.32305698,  0.21079934,  0.2037189 ,  0.19536269,
        0.29820835,  0.06273974,  0.24414377,  0.26352495, -0.21075504,
       -0.19907714, -0.08332195,  0.41240056,  0.33589755,  0.19613351,
       -0.03796103,  0.15036397,  0.28661782,  0.20136223,  0.517388  ,
        0.51178553,  0.1320067 ,  0.25595348,  0.3647863 ,  0.32707073,
        0.2228484 ,  0.38505344,  0.09631544, -0.02101154,  0.55140238,
        0.51801387, -0.0101675 ,  0.34378038,  0.20834652, -0.43724494,
        0.55527433,  0.32383363,  0.3161845 , -0.01867528,  0.1809531 ,
        0.21049946,  0.07264058,  0.48805229,  0.48958497,  0.49796009,
        0.20619505,  0.23253456,  0.4554822 , -0.11334066,  0.47140336,
        0.44058209,  0.12526097, -0.03354402,  0.18268792,  0.06189678,
        0.04260817,  0.40510823,  0.25347506,  0.28214652,  0.5119818 ,
        0.45712287,  0.4082481 ,  0.32342065,  0.14779018,  0.42935555,
        0.16498343,  0.34366436,  0.13869322,  0.10389106,  0.53502492,
        0.33185135,  0.48600001,  0.13256024,  0.06984958,  0.09922562,
        0.72742684, -0.28149518,  0.1800501 , -0.02778739,  0.32641097,
        0.96371092,  0.47370123,  0.28608504,  0.51151729,  0.03465365,
        0.26741072,  0.17656084,  0.13707329, -0.34496898,  0.08233629,
        0.49279225,  0.25872322,  0.19967553,  0.45106633, -0.05211448,
        0.33386987,  0.33042582,  0.24250754,  0.37004086, -0.0106171 ,
        0.1036294 ,  0.45653401, -0.11255892,  0.31589894,  0.0525166 ,
        0.24667692, -0.13475312,  0.67529169,  0.190388  ,  0.3822223 ,
        0.47478432,  0.14420471,  0.17757643,  0.02628635, -0.12382767,
        0.34586594,  0.03950008, -0.12690662,  0.23175745, -0.07491016,
        0.15962545,  0.09020925,  0.5294221 ,  0.13285712, -0.44046915,
        0.05906585,  0.24780261,  0.27082513, -0.2421541 ,  0.34947085,
        0.70390889,  0.09118159,  0.89598241,  0.63486369,  0.35543091,
        0.13096111]), 'lt_0 - intercept': array([-5.74507037e-01,  2.25336606e+00, -2.07621775e+00, -1.60124560e+00,
       -3.47485749e+00, -1.89645157e+00, -1.94090527e+00, -2.08453477e+00,
       -2.73335911e+00, -3.09500081e+00, -8.32674619e-01,  7.61309883e-01,
        2.88774987e-01, -5.24836836e-01, -2.14196639e+00, -7.33727180e-01,
       -2.75219455e+00, -2.65860696e+00, -1.61952141e+00, -2.02011372e+00,
       -3.51840151e+00, -3.41317770e+00, -6.69089421e-01,  6.98384765e-02,
       -1.36169393e+00,  1.31714551e+00, -8.40540580e-01,  1.80918323e+00,
       -1.60672794e+00, -5.17196614e-01, -5.92507721e-01, -5.46259176e-01,
       -3.61786918e+00, -2.69162577e+00, -1.52897331e+00, -1.94487950e+00,
       -3.06461961e+00, -4.47186590e-01, -3.14588612e-01, -5.36357872e-01,
       -2.75401157e+00,  1.85988368e-02, -1.89148183e-01,  8.84713858e-02,
       -2.74059341e+00, -4.14932133e+00, -1.92897484e-01, -1.11758092e+00,
       -1.06668793e+00,  3.23602628e-02, -2.82625348e+00, -6.32022155e-01,
        1.05652635e+00, -6.20048311e-01, -5.47682739e-01,  7.08918513e-01,
       -2.59826466e+00, -2.62678209e+00, -1.30009059e+00, -1.40097481e+00,
       -6.43363812e-01, -1.42278809e+00, -7.32709117e-01, -9.98705894e-01,
       -1.10106297e+00,  6.01834283e-01, -2.36906664e+00, -2.25520178e+00,
       -6.35065668e-01, -2.70092146e+00, -4.63881096e-02, -1.28638867e+00,
       -1.28697078e+00, -3.81017399e-01, -1.25388809e+00, -2.47431797e+00,
       -6.72846413e-01, -4.91086661e+00, -3.09036123e+00, -3.15069765e+00,
       -6.33623047e-01,  1.39668079e+00,  3.02774670e-01, -2.49533086e+00,
       -4.03436186e-02, -4.13409741e-01, -5.18971983e-01, -3.05614256e+00,
       -1.13176211e+00, -1.25699904e+00,  5.31253506e-01, -1.24900935e+00,
       -1.18252465e-02, -1.98002848e+00, -2.29631930e-01, -2.39303789e+00,
       -1.74871882e-01, -1.15555340e+00,  2.12937023e-01, -1.66638557e+00,
        1.09601841e-01, -2.66345290e+00, -1.95356111e+00, -1.69325811e+00,
       -1.78742752e+00, -1.52737664e+00, -9.12529621e-01, -5.45546889e-01,
       -4.56776890e-01, -2.12876008e-01, -2.64666196e+00, -1.99691266e+00,
       -1.41561483e+00, -1.10501042e+00, -6.22049791e-01, -8.21340210e-02,
       -1.19428330e+00, -1.70197244e+00, -9.17524679e-01,  5.02177308e-02,
       -2.28493374e+00, -2.67453891e+00, -5.59491748e-01, -2.23181718e-02,
       -6.26418024e-01, -1.27324849e+00, -2.00914695e+00, -1.70790048e+00,
       -3.44748554e+00, -2.86187316e+00, -2.12058587e+00, -1.00648160e+00,
       -8.10711546e-01, -2.38162982e+00,  2.61016316e-01, -2.26150911e+00,
       -3.11059174e+00, -2.32378653e+00, -5.86956082e-01, -3.44084301e+00,
        3.55106376e-01,  1.60476226e-02,  1.79816700e-03, -2.46068371e+00,
       -3.42707229e-01,  4.93266916e-01,  5.36455682e-01, -1.61509534e+00,
       -9.48921645e-01, -3.33400017e+00, -1.43659668e+00, -4.42510628e-02,
       -1.74141898e+00, -1.50449878e+00, -2.55680161e+00, -2.18981071e+00,
       -7.75954986e-01, -2.94704549e+00,  1.23269835e-01, -2.78227140e+00,
       -3.26132295e-01, -5.47526429e-01,  7.49691640e-01, -3.38595584e+00,
       -3.93347647e+00, -1.95985467e+00, -2.39004635e+00, -3.54001860e+00,
       -1.36228230e+00, -1.90592439e+00,  5.02565161e-01, -1.35131309e-01,
       -5.69404007e-01, -7.91895780e-01, -6.90266614e-01, -3.36328519e+00,
       -2.62442847e-01, -2.80036745e+00, -1.73282297e+00, -1.89745439e+00,
       -3.95817128e+00, -1.50716872e+00,  2.87279779e-02, -2.43128888e+00,
       -4.98865688e-01, -4.43098491e-01, -7.27702841e-01,  1.86513423e+00,
       -7.06966768e-01, -2.93771973e+00, -1.30928164e+00, -1.60928712e+00,
       -1.05263310e+00, -1.18155243e+00, -4.93496331e-01,  5.92159113e-01,
       -3.28459195e+00, -2.16913689e+00, -1.57553901e+00,  1.46595967e+00,
       -1.77768263e+00, -3.25046156e-01, -3.03627398e+00, -3.59646133e+00,
       -2.03178575e+00, -2.38264719e+00, -7.09032102e-02,  2.42676272e-01,
       -9.99951608e-01, -1.68701467e+00,  5.54160028e-01, -4.81893468e-01,
       -2.00361209e+00, -4.57392534e-01, -8.78658320e-01, -3.01874582e-01,
       -7.22483743e-01,  2.01131396e-01,  2.68680272e-02, -9.72686562e-01,
       -4.34031704e+00, -2.99648677e+00, -5.74087242e-01, -2.20632056e+00,
        1.07574705e+00,  9.80266887e-01, -5.47895935e-01, -1.28858892e+00,
       -7.04923006e-01, -1.98117606e+00, -1.09010293e+00, -7.98409909e-02,
       -7.09300479e-01, -8.52144304e-01, -2.11733359e+00,  1.67699856e-01,
        8.64593846e-02, -1.77814831e+00, -1.13067473e+00, -4.04620198e+00,
       -2.62386242e+00, -1.17802913e-01, -1.79294569e+00, -1.53758348e-01,
        1.10237130e-01, -3.05958902e+00, -9.13459189e-02,  2.03538734e+00,
        2.66293784e-01, -3.88260910e+00, -3.23424775e+00, -2.14369525e+00,
       -6.81883532e-01, -3.85234201e-01, -1.92315463e+00, -1.08707516e+00,
       -6.15626646e-01, -1.95397728e+00, -1.96003028e+00, -3.41852489e+00,
       -7.17300347e-01, -2.49513601e+00, -5.37657798e-01,  8.97565894e-01,
       -1.77437393e+00, -1.60953887e+00, -1.30056481e+00, -2.61091760e+00,
       -1.72515685e+00, -4.38637215e-01,  3.22097365e-01, -5.69352923e-01,
       -6.94809909e-01, -1.48682357e+00, -1.66015407e+00, -2.59422028e+00,
       -1.74653503e+00, -3.37521178e+00,  6.65208868e-01, -8.78049896e-01,
       -1.40073878e+00, -2.28286588e-01, -1.63688132e+00, -1.60383388e+00,
       -3.08187557e-01, -3.60109417e+00, -7.36380365e+00, -2.27576773e+00,
       -1.69729349e+00, -6.98446484e-01, -6.63338415e-01, -5.94577048e-01,
       -1.24361520e+00,  9.46617317e-01,  2.34801240e-01, -2.60740516e+00,
       -1.65466806e+00, -6.77872067e-01, -1.41207456e+00, -1.50472445e+00,
        6.35378345e-01,  5.29519595e-01,  8.97758212e-01,  4.97467569e-01,
        1.43680309e+00, -1.62828026e-01, -1.28481292e+00, -1.76002508e+00,
       -1.86065315e+00, -3.10304248e+00, -7.40132465e-01, -1.69904903e+00,
       -1.05680001e+00, -9.97352602e-01, -9.47088269e-01, -1.54241217e+00,
       -2.06574692e-01, -1.22699743e+00, -1.35019078e+00,  1.30045749e+00,
        1.23365046e+00,  5.99020449e-01, -2.22264354e+00, -1.78093741e+00,
       -9.66209504e-01,  3.59084958e-01, -7.00471834e-01, -1.47606511e+00,
       -9.87582128e-01, -2.84547651e+00, -2.81282874e+00, -5.98906943e-01,
       -1.30052865e+00, -1.96975359e+00, -1.71509422e+00, -1.11160441e+00,
       -2.09818318e+00, -4.33861187e-01,  2.47023170e-01, -3.05952735e+00,
       -2.84219813e+00,  1.72150055e-01, -1.81801510e+00, -1.04058848e+00,
        2.56390922e+00, -3.04623288e+00, -1.72700011e+00, -1.64545410e+00,
        2.39284878e-01, -8.70627803e-01, -1.03195143e+00, -2.73273211e-01,
       -2.65333607e+00, -2.67884513e+00, -2.72247638e+00, -1.01519919e+00,
       -1.17330469e+00, -2.46234676e+00,  7.69725201e-01, -2.54473978e+00,
       -2.37543258e+00, -5.47940842e-01,  3.17578331e-01, -8.84665900e-01,
       -1.96958240e-01, -9.09430111e-02, -2.17075181e+00, -1.32465674e+00,
       -1.45406449e+00, -2.80016564e+00, -2.51489447e+00, -2.19271671e+00,
       -1.68624610e+00, -6.78389154e-01, -2.30352549e+00, -7.99744693e-01,
       -1.80169271e+00, -6.41276411e-01, -4.49035358e-01, -2.93113304e+00,
       -1.76013671e+00, -2.64372301e+00, -5.98257513e-01, -2.56295319e-01,
       -4.19870353e-01, -4.09296785e+00,  1.71102451e+00, -8.65224377e-01,
        2.96938894e-01, -1.71325625e+00, -5.43166033e+00, -2.58655749e+00,
       -1.47510606e+00, -2.81937268e+00, -6.02662286e-02, -1.36939914e+00,
       -8.80261936e-01, -6.69077196e-01,  2.02781681e+00, -3.33430989e-01,
       -2.69775868e+00, -1.31699118e+00, -9.82468873e-01, -2.45274463e+00,
        3.92669315e-01, -1.75144910e+00, -1.78434372e+00, -1.22426816e+00,
       -1.96467661e+00,  2.08701879e-01, -4.67311499e-01, -2.47718475e+00,
        7.61215498e-01, -1.65831815e+00, -1.54812137e-01, -1.28504338e+00,
        8.81637432e-01, -3.74149270e+00, -9.25780587e-01, -2.03400751e+00,
       -2.56925703e+00, -6.94145210e-01, -8.69283033e-01, -1.15990160e-03,
        8.28654985e-01, -1.82230142e+00, -8.93309813e-02,  8.46432683e-01,
       -1.19216418e+00,  5.58376857e-01, -7.51850467e-01, -3.91461383e-01,
       -2.89714248e+00, -6.25788828e-01,  2.57614516e+00, -1.76035525e-01,
       -1.25927409e+00, -1.37904209e+00,  1.48215698e+00, -1.83025191e+00,
       -3.92426845e+00, -3.65679007e-01, -5.06772565e+00, -3.55350836e+00,
       -1.89362308e+00, -7.16435838e-01]), 'fs_0 - beta_sigma(p=7,n=3)_log__': array([-12.83664169, -12.86659257, -12.78243685, -12.88371536,
       -12.8112517 , -12.82645102]), 'fs_0 - beta_z_offset(p=7,n=3)': array([[ 2.19236505e-05,  9.32128492e-05, -1.80396807e-04,
         1.01913619e-04, -9.69449176e-05, -1.59407276e-04],
       [ 1.42162346e-04,  1.18310113e-04, -2.53747008e-04,
         8.81869686e-05, -1.87556286e-04, -3.39014788e-04],
       [-5.15454051e-05, -3.36300408e-04,  1.43288720e-04,
        -1.41854393e-04,  1.35177508e-04,  2.07027090e-05],
       ...,
       [-3.42998668e-04, -6.23697944e-05,  8.18653671e-05,
        -2.68125525e-04,  2.61769273e-04,  1.44651946e-04],
       [-1.25012082e-04, -1.67142269e-04,  7.13445037e-05,
        -1.39592730e-04,  1.41662533e-04,  3.45427817e-05],
       [-2.40473373e-03,  4.58883321e-03, -1.67650092e-03,
        -2.76684612e-04,  2.48871241e-03,  1.20070942e-03]]), 'fs_1 - beta_sigma(p=365.25,n=10)_log__': array([-12.58777893, -12.67893898, -12.6875668 , -12.51313938,
       -12.35085962, -12.74819507, -12.68539144, -12.57153491,
       -12.77874789, -12.7359356 , -12.79485895, -12.83731072,
       -12.80595886, -12.77080756, -12.78339735, -12.83426003,
       -12.79665832, -12.78981909, -12.79506283, -12.75524004]), 'fs_1 - beta_z_offset(p=365.25,n=10)': array([[ 0.0014034 ,  0.00152303,  0.00043281, ..., -0.00247268,
        -0.00223745,  0.00145614],
       [ 0.00552915,  0.00874591,  0.00758473, ...,  0.00392323,
         0.00223078, -0.0001597 ],
       [-0.00188385, -0.00205458, -0.00060382, ..., -0.00017961,
         0.00046328,  0.00088967],
       ...,
       [-0.00367218, -0.00537071, -0.00409807, ...,  0.00279225,
         0.00171994, -0.00264367],
       [-0.00157758, -0.00161942, -0.00024595, ...,  0.00019275,
         0.00137304,  0.0011413 ],
       [ 0.00902051, -0.00793477, -0.00288127, ...,  0.01323529,
         0.03207149, -0.03230197]]), 'sigma_log__': array(-3.22374537), 'lt_0 - slope_sigma': array(5.72956647), 'fs_0 - beta_sigma(p=7,n=3)': array([2.66144410e-06, 2.58291339e-06, 2.80968873e-06, 2.53906322e-06,
       2.72988330e-06, 2.68870466e-06]), 'fs_1 - beta_sigma(p=365.25,n=10)': array([3.41347771e-06, 3.11606685e-06, 3.08929761e-06, 3.67800756e-06,
       4.32603292e-06, 2.90756362e-06, 3.09602527e-06, 3.46937912e-06,
       2.82007270e-06, 2.94342819e-06, 2.77500239e-06, 2.65966410e-06,
       2.74437043e-06, 2.84255417e-06, 2.80699134e-06, 2.66779029e-06,
       2.77001361e-06, 2.78902331e-06, 2.77443667e-06, 2.88715190e-06]), 'sigma': array(0.03980569), 'prior_lt_0 - slope': array(0.80019553), 'prior_lt_0 - intercept': array(-0.0590574), 'prior_lt_0 - delta': array([-0.16910678, -0.06856135, -0.13108142, -0.09386252, -0.07668696,
       -0.1075598 , -0.18561123, -0.04308993,  0.17778877, -0.03086851,
        0.04408789,  0.12909137, -0.00985067, -0.29233984, -1.32986048,
       -1.34247623, -0.9319659 ,  0.87054185,  4.10929076,  3.21924191,
       -3.20980085, -3.25729444,  1.72212714,  2.34365556, -3.06411119]), 'prior_fs_0 - beta(p=7,n=3)': array([ 7.24325068e-04, -8.31823534e-04,  2.18522659e-04,  2.47693893e-04,
       -2.63184274e-04,  3.80527755e-05]), 'prior_fs_1 - beta(p=365.25,n=10)': array([ 0.01660809, -0.00142044, -0.00148086,  0.0036791 , -0.00222946,
        0.001585  , -0.00256444,  0.00063398,  0.00038741,  0.00032222,
        0.00371599, -0.00041218,  0.00092614,  0.0001318 , -0.00126074,
       -0.00176391, -0.00013561, -0.0017407 , -0.00248345,  0.00390475]), 'prior_sigma': array(0.09181005), 'lt_0 - slope_shared': array(0.80019553), 'lt_0 - slope': array([ 1.53148707e+00, -1.40936191e+00,  3.01172735e+00,  2.56220279e+00,
        4.40680116e+00,  2.85934120e+00,  2.90584094e+00,  3.04047257e+00,
        3.66067144e+00,  4.03377434e+00,  1.80050530e+00,  1.56840910e-01,
        6.61425031e-01,  1.48703089e+00,  3.10228557e+00,  1.70591383e+00,
        3.68082929e+00,  3.59602617e+00,  2.58805220e+00,  2.96939519e+00,
        4.43974978e+00,  4.32598619e+00,  1.60956611e+00,  8.84617617e-01,
        2.33033144e+00, -4.55726940e-01,  1.81800249e+00, -9.53290602e-01,
        2.56671433e+00,  1.45603501e+00,  1.53093981e+00,  1.51199066e+00,
        4.53947523e+00,  3.50984639e+00,  2.49064796e+00,  2.90454340e+00,
        3.98798600e+00,  1.33306370e+00,  1.27331021e+00,  1.48759416e+00,
        3.70601774e+00,  9.01707062e-01,  1.14479624e+00,  8.43235813e-01,
        3.61857674e+00,  5.05376664e+00,  1.15534160e+00,  2.07469600e+00,
        2.03318053e+00,  9.11553533e-01,  3.74577630e+00,  1.58878055e+00,
       -1.80204781e-01,  1.58809497e+00,  1.50320595e+00,  1.43396870e-01,
        3.53010405e+00,  3.58484206e+00,  2.23615665e+00,  2.34174318e+00,
        1.61007506e+00,  2.37295795e+00,  1.69682379e+00,  1.96110661e+00,
        2.07852292e+00,  3.22251170e-01,  3.30518554e+00,  3.21318882e+00,
        1.59792679e+00,  3.65112984e+00,  9.96188276e-01,  2.24822511e+00,
        2.25395820e+00,  1.34127250e+00,  2.20738074e+00,  3.41761959e+00,
        1.62655618e+00,  5.81607146e+00,  4.02260288e+00,  4.06687333e+00,
        1.60262673e+00, -5.17996781e-01,  6.22602848e-01,  3.35419197e+00,
        9.83259621e-01,  1.38313585e+00,  1.48724488e+00,  3.96638549e+00,
        2.09911936e+00,  2.19141538e+00,  3.85356591e-01,  2.21093450e+00,
        9.60851874e-01,  2.87155705e+00,  1.19380871e+00,  3.32954160e+00,
        1.13145656e+00,  2.09716279e+00,  7.30756943e-01,  2.62054668e+00,
        8.37329649e-01,  3.60797274e+00,  2.90793276e+00,  2.62700645e+00,
        2.74758173e+00,  2.48067709e+00,  1.88099861e+00,  1.49279497e+00,
        1.41656058e+00,  1.13795907e+00,  3.59443737e+00,  2.94886032e+00,
        2.38187797e+00,  2.06174261e+00,  1.55951137e+00,  1.00271492e+00,
        2.15142120e+00,  2.66890303e+00,  1.87973227e+00,  8.87676388e-01,
        3.22800533e+00,  3.61807342e+00,  1.50493674e+00,  9.71556120e-01,
        1.58508601e+00,  2.24188067e+00,  2.94264599e+00,  2.65560856e+00,
        4.37526771e+00,  3.80590113e+00,  3.05445917e+00,  1.98271503e+00,
        1.77952543e+00,  3.33933393e+00,  6.73165230e-01,  3.21237184e+00,
        4.04978173e+00,  3.26530521e+00,  1.51033819e+00,  4.36301957e+00,
        5.57709837e-01,  9.36002541e-01,  9.27265489e-01,  3.41179906e+00,
        1.30913228e+00,  4.43614019e-01,  3.66978299e-01,  2.58077636e+00,
        1.90325792e+00,  4.23804061e+00,  2.37723082e+00,  9.85842762e-01,
        2.67848028e+00,  2.46881090e+00,  3.42238925e+00,  3.12553407e+00,
        1.74087573e+00,  3.89513659e+00,  8.13326056e-01,  3.71688499e+00,
        1.27853231e+00,  1.49699630e+00,  1.63552241e-01,  4.31611616e+00,
        4.83249893e+00,  2.91795171e+00,  3.34839031e+00,  4.43425321e+00,
        2.33311672e+00,  2.87192632e+00,  4.15904952e-01,  1.05887962e+00,
        1.51533253e+00,  1.74048928e+00,  1.64886273e+00,  4.30444342e+00,
        1.19235547e+00,  3.73330726e+00,  2.69298147e+00,  2.82629892e+00,
        4.89454398e+00,  2.46923401e+00,  9.11651072e-01,  3.37092937e+00,
        1.45585021e+00,  1.34488982e+00,  1.69115083e+00, -9.61095705e-01,
        1.65183041e+00,  3.85396710e+00,  2.27576394e+00,  2.55308163e+00,
        2.01317382e+00,  2.15740184e+00,  1.42983114e+00,  3.40638627e-01,
        4.13943067e+00,  3.12496936e+00,  2.53523117e+00, -6.02360710e-01,
        2.73637813e+00,  1.29035977e+00,  3.93984908e+00,  4.51411535e+00,
        2.96155910e+00,  3.32787663e+00,  1.01610181e+00,  7.02473015e-01,
        1.94090787e+00,  2.64521618e+00,  3.67316112e-01,  1.39058371e+00,
        2.96249188e+00,  1.41363348e+00,  1.84039168e+00,  1.22250515e+00,
        1.66128195e+00,  7.36404682e-01,  9.22019996e-01,  1.93505900e+00,
        5.26010083e+00,  3.93061201e+00,  1.52905555e+00,  3.14310080e+00,
       -1.84364601e-01, -8.19985977e-02,  1.47384866e+00,  2.25139028e+00,
        1.65021490e+00,  2.93438763e+00,  2.06543992e+00,  1.02322764e+00,
        1.67150496e+00,  1.76052144e+00,  3.04661395e+00,  7.43600432e-01,
        8.54855912e-01,  2.72964017e+00,  2.10779268e+00,  4.96537038e+00,
        3.49743956e+00,  1.06255838e+00,  2.73270191e+00,  1.11458867e+00,
        8.35916689e-01,  3.98562289e+00,  1.03213142e+00, -1.16631463e+00,
        6.34114438e-01,  4.81350012e+00,  4.15623076e+00,  3.10030433e+00,
        1.64176969e+00,  1.32499914e+00,  2.87399574e+00,  2.04900835e+00,
        1.56817645e+00,  2.90038554e+00,  2.92382612e+00,  4.35019752e+00,
        1.68540886e+00,  3.41786788e+00,  1.48435995e+00,  2.08691164e-03,
        2.72769155e+00,  2.57435613e+00,  2.26688364e+00,  3.54692127e+00,
        2.69148779e+00,  1.39907574e+00,  6.05233654e-01,  1.52959627e+00,
        1.65113160e+00,  2.45152670e+00,  2.62009987e+00,  3.53019291e+00,
        2.71046231e+00,  4.29857366e+00,  2.40137842e-01,  1.83333280e+00,
        2.35939355e+00,  1.15225912e+00,  2.57452181e+00,  2.55990507e+00,
        1.26796407e+00,  4.50197040e+00,  8.19405750e+00,  3.21735564e+00,
        2.66019313e+00,  1.66095170e+00,  1.58274137e+00,  1.52754015e+00,
        2.18899451e+00, -5.04923267e-02,  7.03834475e-01,  3.54840418e+00,
        2.61359284e+00,  1.60282534e+00,  2.38246413e+00,  2.46224012e+00,
        2.83736782e-01,  3.86858709e-01, -9.93990143e-04,  3.97101064e-01,
       -5.40137432e-01,  1.12574866e+00,  2.25828433e+00,  2.71916794e+00,
        2.81026269e+00,  3.97368146e+00,  1.69243368e+00,  2.65117197e+00,
        2.00798435e+00,  1.96741650e+00,  1.91953905e+00,  2.50880007e+00,
        1.15966702e+00,  2.19903349e+00,  2.31007927e+00, -4.07339497e-01,
       -3.40430169e-01,  3.22796899e-01,  3.16307193e+00,  2.72474285e+00,
        1.92395549e+00,  5.82695308e-01,  1.66171589e+00,  2.44239140e+00,
        1.95391380e+00,  3.76460447e+00,  3.73250475e+00,  1.55653670e+00,
        2.26669801e+00,  2.89026288e+00,  2.67416903e+00,  2.07702028e+00,
        3.00638479e+00,  1.35204126e+00,  6.79808539e-01,  3.95949214e+00,
        3.76819041e+00,  7.41940145e-01,  2.76990805e+00,  1.99393074e+00,
       -1.70502841e+00,  3.98167672e+00,  2.65562183e+00,  2.61179563e+00,
        6.93194296e-01,  1.83697836e+00,  2.00626618e+00,  1.21639458e+00,
        3.59652356e+00,  3.60530514e+00,  3.65329097e+00,  1.98160377e+00,
        2.13251778e+00,  3.40991110e+00,  1.50802667e-01,  3.50113239e+00,
        3.32453988e+00,  1.51788660e+00,  6.08002855e-01,  1.84691813e+00,
        1.15483726e+00,  1.04432190e+00,  3.12129005e+00,  2.25249773e+00,
        2.41677278e+00,  3.73362929e+00,  3.41931141e+00,  3.13928018e+00,
        2.65325566e+00,  1.64696919e+00,  3.26021667e+00,  1.74547904e+00,
        2.76924331e+00,  1.59484754e+00,  1.39544629e+00,  3.86565638e+00,
        2.70155992e+00,  3.58476491e+00,  1.55970822e+00,  1.20040337e+00,
        1.36871531e+00,  4.96803597e+00, -8.12649786e-01,  1.83180457e+00,
        6.40985818e-01,  2.67038888e+00,  6.32184131e+00,  3.51429823e+00,
        2.43933878e+00,  3.73096785e+00,  9.98745931e-01,  2.33234302e+00,
        1.81181261e+00,  1.58556606e+00, -1.17632716e+00,  1.27194679e+00,
        3.62368146e+00,  2.28256740e+00,  1.94424973e+00,  3.38461003e+00,
        5.01602154e-01,  2.71312513e+00,  2.69339220e+00,  2.18965858e+00,
        2.92036923e+00,  7.39364146e-01,  1.39394705e+00,  3.41593749e+00,
        1.55281739e-01,  2.61015953e+00,  1.10109286e+00,  2.21354736e+00,
        2.81185472e-02,  4.66932414e+00,  1.89103622e+00,  2.99016363e+00,
        3.52050385e+00,  1.62642603e+00,  1.81763151e+00,  9.50804905e-01,
        9.07166611e-02,  2.78185741e+00,  1.02651389e+00,  7.30756105e-02,
        2.12806527e+00,  3.70992766e-01,  1.71478018e+00,  1.31705542e+00,
        3.83355462e+00,  1.56140923e+00, -1.72350175e+00,  1.13861722e+00,
        2.21999705e+00,  2.35190611e+00, -5.87242470e-01,  2.80251199e+00,
        4.83328830e+00,  1.32262652e+00,  5.93378629e+00,  4.43768926e+00,
        2.83666054e+00,  1.55054591e+00]), 'lt_0 - delta': array([-0.16910678, -0.06856135, -0.13108142, -0.09386252, -0.07668696,
       -0.1075598 , -0.18561123, -0.04308993,  0.17778877, -0.03086851,
        0.04408789,  0.12909137, -0.00985067, -0.29233984, -1.32986048,
       -1.34247623, -0.9319659 ,  0.87054185,  4.10929076,  3.21924191,
       -3.20980085, -3.25729444,  1.72212714,  2.34365556, -3.06411119]), 'fs_0 - beta_shared': array([ 7.24325068e-04, -8.31823534e-04,  2.18522659e-04,  2.47693893e-04,
       -2.63184274e-04,  3.80527755e-05]), 'fs_0 - beta(p=7,n=3)': array([[ 7.24325126e-04, -8.31823293e-04,  2.18522152e-04,
         2.47694152e-04, -2.63184539e-04,  3.80523469e-05],
       [ 7.24325446e-04, -8.31823228e-04,  2.18521946e-04,
         2.47694117e-04, -2.63184786e-04,  3.80518640e-05],
       [ 7.24324931e-04, -8.31824402e-04,  2.18523062e-04,
         2.47693533e-04, -2.63183905e-04,  3.80528312e-05],
       ...,
       [ 7.24324155e-04, -8.31823695e-04,  2.18522889e-04,
         2.47693212e-04, -2.63183560e-04,  3.80531644e-05],
       [ 7.24324735e-04, -8.31823965e-04,  2.18522860e-04,
         2.47693538e-04, -2.63183887e-04,  3.80528684e-05],
       [ 7.24318668e-04, -8.31811681e-04,  2.18517949e-04,
         2.47693190e-04, -2.63177480e-04,  3.80560039e-05]]), 'fs_1 - beta_shared': array([ 0.01660809, -0.00142044, -0.00148086,  0.0036791 , -0.00222946,
        0.001585  , -0.00256444,  0.00063398,  0.00038741,  0.00032222,
        0.00371599, -0.00041218,  0.00092614,  0.0001318 , -0.00126074,
       -0.00176391, -0.00013561, -0.0017407 , -0.00248345,  0.00390475]), 'fs_1 - beta(p=365.25,n=10)': array([[ 0.0166081 , -0.00142044, -0.00148086, ..., -0.00174071,
        -0.00248345,  0.00390475],
       [ 0.01660811, -0.00142041, -0.00148084, ..., -0.00174069,
        -0.00248344,  0.00390475],
       [ 0.01660809, -0.00142045, -0.00148087, ..., -0.0017407 ,
        -0.00248344,  0.00390475],
       ...,
       [ 0.01660808, -0.00142046, -0.00148088, ..., -0.00174069,
        -0.00248344,  0.00390474],
       [ 0.01660809, -0.00142045, -0.00148086, ..., -0.0017407 ,
        -0.00248344,  0.00390475],
       [ 0.01660812, -0.00142047, -0.00148087, ..., -0.00174066,
        -0.00248336,  0.00390465]])}"
