,0
0,"{'priors': array([-0.80894026,  0.28014207, -0.08455222, -0.23006713,  0.01805111,
       -0.02298035,  0.27188661, -0.00996204,  0.0775204 ,  0.12382077,
       -0.09494726,  0.24129355, -0.20646336, -0.0132482 , -0.1046953 ,
       -0.02628268,  0.10976116,  0.14489272, -0.09391382, -0.16788843,
        0.06083801,  0.10484309, -0.0229167 ,  0.099203  ,  0.10442149,
       -0.04898327,  0.18969541, -0.34566683, -0.09014569,  0.42967255,
        0.54854716, -0.12153864, -0.32783051,  0.41481613,  1.26029539,
       -0.14312492, -0.39933045,  0.83472967,  0.37625099, -2.20454262,
       -0.40108714,  0.74821427, -0.64824535, -0.40924877, -0.11718425,
        2.37566713, -0.67742151, -0.43992699,  1.90945936, -1.22248142,
       -0.13807254, -2.97537904, -0.79369786,  0.        ]), 'lt_0 - slope_sigma_log__': array(0.94914765), 'lt_0 - slope_z_offset': array([-0.0877389 ,  0.27336824, -0.74282734,  0.68492573, -0.20189175,
       -0.23137084,  0.08614355,  0.53252931,  0.18537472, -0.19873015,
       -0.42488054,  1.20260007, -0.44505509, -0.55512597, -0.08625294,
       -0.1144364 ,  0.43465809,  0.29647629,  0.197734  , -0.2091969 ,
       -0.25453974,  0.36087159,  0.21848773, -0.09213969, -0.39975631,
        0.74929867,  0.40473317,  0.60439297,  0.01543871,  0.06112712,
        0.31841442, -0.39174261,  0.56037191,  1.07285061, -0.01250921,
        0.0757038 ,  0.40476083,  0.92520066, -0.06016845,  0.54308217,
        0.29690177, -0.03622822, -0.58311448, -0.42946954,  0.28654065,
        0.15395021, -0.69889959, -0.12673929, -0.45167705, -0.03616308,
        0.66481975, -0.00421225,  1.06086454,  0.07188695,  0.07774229,
        0.51270455,  0.59978279,  0.09660677,  0.50825944,  0.57685981,
       -0.01590691, -1.91698754,  0.02940131, -0.13871578,  0.49800235,
       -0.28161265,  0.45546665, -0.24083106, -0.54761018,  0.38671193,
       -0.20081833, -0.0835235 , -0.14521131, -0.43852562,  0.22143945,
       -0.0037325 ,  0.40000734, -0.34474566, -0.32901283,  0.82656295,
       -0.38505148, -0.09169751,  0.7131236 , -0.2653686 , -0.04437911,
       -0.16948812, -0.58231997,  0.4246973 , -0.17413093,  0.20776927,
        0.10951521,  0.25447772, -0.50150359, -0.6710228 , -0.24023856,
        0.4183368 ,  0.01861484,  0.12799833, -0.71928684, -1.07394016,
        0.31673232, -0.851258  ,  0.20624294,  0.40232289,  0.48257608,
       -0.77093128, -0.62218754, -0.15065765, -0.30425356, -0.01355941,
        0.0060204 ,  0.31226945, -0.01195759, -1.86527979, -0.06189515,
       -0.73796274, -0.33592541, -0.44253211, -0.69942283, -1.31276635,
       -0.16754282,  0.41839606, -0.07010131, -0.31172636, -0.49097665,
       -1.17655734,  0.67038923,  0.34576962,  0.12462164,  0.49490053,
        0.65037271, -0.08381735, -0.41974021, -0.10745153, -0.46315424,
       -0.44071379, -0.31389325, -0.35946412,  0.75054988, -0.37006649,
       -0.38483403, -0.50983761, -0.27491936,  0.0194997 , -0.25365742,
        1.76597208,  0.09066093,  0.53887954, -0.63844658,  0.09279226,
       -0.05086112, -0.94598444, -0.53116118,  0.31209124, -0.24540814,
       -1.30720294,  0.3786891 , -0.51937594,  0.0420154 , -0.11119944,
        0.6292884 , -0.13962544, -0.09947834, -0.62727761,  0.69202389,
        0.24761495,  0.0130265 ,  0.33541101, -0.54212989, -0.54534757,
       -0.78963443,  0.19499564,  0.45517659,  0.19286232,  0.21994263,
        0.28194636, -0.19389752, -0.04650749, -0.08579956,  0.19062072,
       -0.05278468, -0.00805398, -0.23867289,  0.41716807, -0.26508135,
       -0.30882833, -0.43012479, -0.53523895,  0.01889629, -0.65281861,
       -0.26489005,  0.2313667 , -0.27474218,  0.58549162,  0.56909196,
        0.09922015, -0.64669614, -0.61604862, -0.95053828,  0.29265044,
       -0.17421095,  0.11922075,  0.90534642,  0.23456648,  0.25880441,
        0.77150258,  0.40195132,  0.47671005, -0.32813507,  0.33241757,
       -0.28515248, -0.03825099,  0.37447751, -0.66133911,  0.20676659,
       -0.70899262,  0.22745544,  0.64454191, -0.29302579, -0.24602611,
       -0.14641023, -0.28103535, -0.30181685,  0.21430005,  0.27219042,
       -0.53833255,  0.35298796,  0.38168821,  0.00520359, -0.5924793 ,
       -0.42223617, -0.4697757 ,  0.36576153, -0.42325385, -0.42731955,
       -1.1047673 , -0.06195663,  0.9755174 , -0.77734621, -0.81180029,
       -0.09766054,  0.36590153,  0.07605535,  0.12081957, -0.03736087,
       -0.50929385,  0.58291578, -0.33966023, -0.88229915,  0.39113439,
       -0.66169567, -0.25727336,  1.19962841,  0.26617539,  0.405974  ,
        0.51851217, -0.96419729, -0.33076834, -0.21422656, -0.42171324,
        0.66455295, -1.0929114 ,  0.27845608, -0.27545485, -0.16907806,
        0.47992811,  0.36852041,  0.58517795, -0.12523386, -0.49262101,
        0.36590872, -0.80886797, -0.025612  , -0.21605004, -0.62792404,
       -0.5436724 , -0.68775207,  0.59995515,  0.32335476,  0.74180909,
        0.03071186,  0.20905812,  0.55024314, -0.00456627,  0.30408875,
        1.50243485, -0.75297168, -0.10565438, -0.27955719, -0.86945785,
        0.44969455, -0.60013894, -0.45992107, -0.19727119,  0.46302852,
        0.44074401, -1.62519159,  0.32990945,  1.75171179,  0.23826306,
       -0.8333707 ,  1.09481772, -0.42921622,  0.15649299,  0.61783983,
        0.68597944, -0.5400454 ,  0.18964288,  0.46363029,  0.0638165 ,
       -0.39825169, -0.09862222, -0.21939429,  0.25233588, -0.28968775,
        0.25051629, -0.56619307, -0.14535661, -0.50384329,  0.83217405,
        0.18727638, -0.43759995,  0.48022686, -0.36187128,  0.59038733,
       -0.06727764, -0.19741942,  0.51598419, -0.25024128, -0.35518937,
       -0.28556411, -0.4822038 , -0.60097962,  0.02436861,  0.5975668 ,
       -0.83780264,  0.35154709,  0.63974651,  0.46457103,  0.22410589,
        0.73887316, -0.48762655,  0.04414818, -0.50493724, -0.013403  ,
        0.61939747, -0.20273439,  0.48647405,  0.08723282, -0.25394795,
       -0.02181467, -0.00448043,  0.32274498,  0.35883026, -0.2668705 ,
       -0.32005478, -0.21727788, -0.42985044,  0.74155674, -0.40026387,
       -0.62861155, -0.85916639, -0.09849305, -0.31775748, -0.38870866,
        0.48992664, -0.3034336 , -0.55754415,  0.3764201 , -0.4099001 ,
        0.1907639 ,  0.9734954 ,  1.31299603,  0.08586493,  0.11773109,
        0.8355621 , -0.23646195, -0.19589076, -0.42222644, -0.47439755,
        0.47751111,  0.18033856,  0.09503135,  0.36733913,  0.22809595,
        0.25643408, -0.37149272, -0.51978846, -0.47352471, -0.09082186,
        0.06355233, -0.9817779 , -0.54501551, -0.19857188, -1.70995814,
       -0.73755415,  0.09169109, -0.09776961,  0.63594998,  0.22393145,
       -0.00257979,  0.17851706, -0.63729992, -0.50627363,  0.66559743,
       -0.39924216, -0.64676493, -0.57495372, -0.24555616,  0.54477579,
        0.21353073, -0.0809887 ,  0.3365816 ,  0.18035814,  0.28469841,
       -0.81211628,  0.42228295, -0.79062858, -0.25488965, -0.34496453,
       -0.59370658, -0.46202113, -0.3674076 , -1.16216462, -0.51285716,
        0.75609458,  0.15241862, -0.11800158,  0.89931873, -0.51804209,
       -0.39504927, -0.37887979, -0.7511713 , -0.42383926,  1.44475077,
       -0.27658877, -0.11451871, -0.29872103,  0.0577059 , -0.20126591,
        0.16122622, -0.44669789, -0.42404193, -0.41112529,  0.08387272,
        0.49793876, -0.01346235,  0.07603077,  1.52269139,  0.92859699,
        0.12999998,  0.84901909]), 'lt_0 - delta': array([ -0.26516564,  -0.22875159,   0.15137861,  -0.5159773 ,
         0.31636821,  -0.03025454,  -0.79078779,   1.23399982,
        -0.81270704,   0.31756211,  -0.30903184,  -0.0789686 ,
         0.80556926,  -1.99731155,  -1.10988914,  -1.02013725,
        -0.48669502,   5.83851393,   4.28132589,  -5.91740366,
        -2.45143871,   2.16287603,  -4.6778939 ,  15.72380181,
       -13.34329904]), 'lt_0 - intercept': array([ 4.06035251e-01, -5.68244602e-01,  2.05414873e+00, -1.64176176e+00,
        6.86920297e-01,  7.54971115e-01, -7.43213935e-02, -1.23374578e+00,
       -2.99695032e-01,  6.89320152e-01,  1.25226279e+00, -3.00368555e+00,
        1.31802441e+00,  1.59796544e+00,  3.68712245e-01,  4.84315443e-01,
       -9.57718246e-01, -6.00657598e-01, -3.32794241e-01,  6.77996736e-01,
        8.25514807e-01, -7.74530968e-01, -4.17833708e-01,  4.39219464e-01,
        1.20795753e+00, -1.79534727e+00, -8.63272696e-01, -1.49570117e+00,
        1.30933428e-01,  1.55814445e-02, -6.59282649e-01,  1.18966210e+00,
       -1.31429811e+00, -2.65361287e+00,  1.89182878e-01, -7.05164538e-03,
       -9.05392716e-01, -2.31666039e+00,  3.23482876e-01, -1.24997010e+00,
       -6.00763785e-01,  2.56886508e-01,  1.66049342e+00,  1.27471564e+00,
       -5.76330072e-01, -2.16571794e-01,  1.94678183e+00,  5.08774087e-01,
        1.32791648e+00,  2.76836627e-01, -1.57540906e+00,  1.89765244e-01,
       -2.62075259e+00, -4.47974616e-03, -2.11866721e-02, -1.17326932e+00,
       -1.40045741e+00, -7.43709609e-02, -1.15739761e+00, -1.36467743e+00,
        2.23741877e-01,  4.96729368e+00,  9.34068448e-02,  5.42819886e-01,
       -1.13282890e+00,  8.99837836e-01, -1.03321805e+00,  7.97388658e-01,
        1.57706683e+00, -8.55815586e-01,  7.00470427e-01,  3.98960815e-01,
        5.36925544e-01,  1.29555084e+00, -4.17662287e-01,  1.85569717e-01,
       -8.82773890e-01,  1.03526145e+00,  9.52488493e-01, -2.00796101e+00,
        1.17197520e+00,  4.10994962e-01, -1.70497034e+00,  8.04062544e-01,
        2.99468981e-01,  6.32436197e-01,  1.66307091e+00, -9.55958294e-01,
        6.39941808e-01, -3.76514402e-01, -1.30993795e-01, -5.03075725e-01,
        1.45688854e+00,  1.85552265e+00,  7.80189193e-01, -9.22184773e-01,
        1.24051547e-01, -1.80067706e-01,  2.01613526e+00,  2.87236253e+00,
       -6.54871649e-01,  2.34423307e+00, -3.48591526e-01, -8.99146288e-01,
       -1.10838236e+00,  2.14832771e+00,  1.77112729e+00,  5.61184518e-01,
        9.63340854e-01,  1.84123322e-01,  1.76059860e-01, -6.59506009e-01,
        2.01105264e-01,  4.87443197e+00,  3.44853742e-01,  2.04636053e+00,
        1.05250379e+00,  1.30355853e+00,  1.92762539e+00,  3.49357049e+00,
        6.12252778e-01, -9.14719438e-01,  3.73443665e-01,  9.77646248e-01,
        1.43049846e+00,  3.13096772e+00, -1.59865253e+00, -7.59679111e-01,
       -1.82558082e-01, -1.12340842e+00, -1.52758876e+00,  4.03147345e-01,
        1.24548901e+00,  4.64004112e-01,  1.36452331e+00,  1.30999574e+00,
        9.57619396e-01,  1.09728742e+00, -1.80915586e+00,  1.11658168e+00,
        1.14119030e+00,  1.47472168e+00,  8.82270165e-01,  1.16841914e-01,
        8.23744175e-01, -4.51096049e+00, -5.08137617e-02, -1.23291557e+00,
        1.79388965e+00, -4.99791592e-02,  3.00580172e-01,  2.53736215e+00,
        1.48789483e+00, -7.09294589e-01,  8.00306034e-01,  3.45813775e+00,
       -8.26099545e-01,  1.47914211e+00,  6.73083840e-02,  4.66139770e-01,
       -1.47314002e+00,  5.39262180e-01,  4.44482895e-01,  1.76632079e+00,
       -1.70304649e+00, -4.77577255e-01,  1.29469927e-01, -6.91606975e-01,
        1.55212211e+00,  1.53830033e+00,  2.19710179e+00, -3.22289696e-01,
       -1.01897652e+00, -3.23067423e-01, -3.83988860e-01, -5.48577553e-01,
        6.76378281e-01,  2.91268112e-01,  3.29295283e-01, -3.20511336e-01,
        3.04990203e-01,  1.65519326e-01,  7.73425450e-01, -9.24234014e-01,
        8.38464137e-01,  9.53716459e-01,  1.28299847e+00,  1.50302641e+00,
        1.06895756e-01,  1.84114467e+00,  8.60752539e-01, -4.28433452e-01,
        8.88823605e-01, -1.37288808e+00, -1.33656932e+00, -9.99381803e-02,
        1.80424847e+00,  1.72456880e+00,  2.58138134e+00, -5.79989998e-01,
        6.32242432e-01, -1.38209903e-01, -2.20627001e+00, -4.37550059e-01,
       -5.04089238e-01, -1.87653437e+00, -9.46252126e-01, -1.08015410e+00,
        1.01446390e+00, -6.98179001e-01,  8.96249605e-01,  2.70923976e-01,
       -8.03931190e-01,  1.84224935e+00, -3.62243249e-01,  1.96753970e+00,
       -4.16201330e-01, -1.51508115e+00,  9.22648010e-01,  7.98830650e-01,
        5.43431524e-01,  9.10984652e-01,  9.57025995e-01, -3.99273784e-01,
       -5.37140681e-01,  1.54166301e+00, -7.54858839e-01, -8.25244112e-01,
        1.79574901e-01,  1.67741081e+00,  1.23496732e+00,  1.36738918e+00,
       -8.02458367e-01,  1.24246648e+00,  1.26793867e+00,  2.93273441e+00,
        3.54996903e-01, -2.41111064e+00,  2.15803570e+00,  2.24385463e+00,
        4.40515123e-01, -7.76528904e-01, -1.68682295e-02, -1.41948677e-01,
        2.75214126e-01,  1.46378570e+00, -1.37203779e+00,  1.04829387e+00,
        2.42290270e+00, -8.88822451e-01,  1.84981791e+00,  7.58355779e-01,
       -3.00206453e+00, -5.34985699e-01, -8.94035991e-01, -1.18463776e+00,
        2.60203563e+00,  1.02375612e+00,  7.09106123e-01,  1.22480980e+00,
       -1.56291655e+00,  2.95731147e+00, -5.44685951e-01,  8.78445854e-01,
        6.25572382e-01, -1.12613200e+00, -7.83688947e-01, -1.38126867e+00,
        4.88554024e-01,  1.43730839e+00, -8.00067550e-01,  2.22230522e+00,
        2.59314010e-01,  7.51054507e-01,  1.77585161e+00,  1.56597729e+00,
        1.89138099e+00, -1.41017229e+00, -6.66275948e-01, -1.77060067e+00,
        7.73438838e-02, -3.53994731e-01, -1.26529836e+00,  2.00102573e-01,
       -6.22040747e-01, -3.78378402e+00,  2.02480431e+00,  4.50073709e-01,
        9.01988392e-01,  2.34486838e+00, -1.03094601e+00,  1.70719571e+00,
        1.33254520e+00,  6.93713924e-01, -1.07366415e+00, -9.86060660e-01,
        4.21163708e+00, -6.93083567e-01, -4.43434381e+00, -4.57121842e-01,
        2.25553318e+00, -2.72985843e+00,  1.25864958e+00, -2.48219562e-01,
       -1.46456484e+00, -1.63660192e+00,  1.54132560e+00, -3.17602561e-01,
       -1.05845000e+00,  1.43298140e-02,  1.20960789e+00,  4.32558270e-01,
        7.36615235e-01, -4.97308095e-01,  9.28852020e-01, -4.81540618e-01,
        1.61262604e+00,  5.67787179e-01,  1.45890941e+00, -2.03248512e+00,
       -2.99727609e-01,  1.28883727e+00, -1.07914361e+00,  1.08012964e+00,
       -1.37441852e+00,  3.47131297e-01,  6.83685878e-01, -1.17361799e+00,
        8.00562639e-01,  1.08970023e+00,  9.06449512e-01,  1.41068017e+00,
        1.70780475e+00,  9.22607027e-02, -1.41674284e+00,  2.27063008e+00,
       -7.35546218e-01, -1.52015182e+00, -1.08272542e+00, -4.20601211e-01,
       -1.79757895e+00,  1.36184574e+00,  4.00905251e-02,  1.45405118e+00,
        1.59396280e-01, -1.47165582e+00,  6.60981911e-01, -1.09888175e+00,
       -8.13144384e-02,  8.11456539e-01,  2.36572461e-01,  1.96131100e-01,
       -6.58928133e-01, -7.58623007e-01,  8.70383562e-01,  9.96940007e-01,
        7.29521485e-01,  1.27304063e+00, -1.78365105e+00,  1.19928161e+00,
        1.76086265e+00,  2.35766441e+00,  4.24941366e-01,  9.77760441e-01,
        1.16019105e+00, -1.09732433e+00,  9.58096682e-01,  1.59670386e+00,
       -8.08719184e-01,  1.21723795e+00, -3.26886708e-01, -2.38325940e+00,
       -3.31396025e+00, -4.23524347e-02, -1.18567077e-01, -2.05609885e+00,
        7.93254434e-01,  6.64140937e-01,  1.25932869e+00,  1.39221416e+00,
       -1.09135682e+00, -2.86923537e-01, -6.77365850e-02, -7.80910578e-01,
       -4.20281958e-01, -4.93000886e-01,  1.11566041e+00,  1.48998874e+00,
        1.36799608e+00,  4.18106229e-01,  1.21082423e-02,  2.65133031e+00,
        1.54815663e+00,  7.03406240e-01,  4.49151596e+00,  2.03737002e+00,
       -6.75127655e-02,  4.42636507e-01, -1.50690189e+00, -3.97081852e-01,
        1.77636112e-01, -2.93180528e-01,  1.75728786e+00,  1.44570507e+00,
       -1.59500907e+00,  1.20226684e+00,  1.79134298e+00,  1.60726212e+00,
        8.18706450e-01, -1.25879906e+00, -3.81904521e-01,  4.05784473e-01,
       -7.27632832e-01, -2.82603546e-01, -5.56317622e-01,  2.24191467e+00,
       -9.43666962e-01,  2.17607158e+00,  8.19463363e-01,  1.06588925e+00,
        1.66905706e+00,  1.31122306e+00,  1.10477652e+00,  3.09444284e+00,
        1.48554718e+00, -1.82953341e+00, -2.17682143e-01,  4.80229724e-01,
       -2.25129653e+00,  1.49595589e+00,  1.19047416e+00,  1.12545992e+00,
        2.06542721e+00,  1.26155531e+00, -3.63423862e+00,  8.98198705e-01,
        4.85627221e-01,  9.26508676e-01,  1.32733749e-02,  7.00440885e-01,
       -3.05403700e-01,  1.32028050e+00,  1.23943436e+00,  1.21615404e+00,
       -4.21445493e-02, -1.13532527e+00,  2.20461295e-01, -1.83000783e-02,
       -3.82817170e+00, -2.27448339e+00, -1.51988406e-01, -1.99194372e+00]), 'fs_0 - beta_sigma(p=7,n=3)_log__': array([-9.18766536, -9.18269492, -9.22489037, -9.23074008, -9.22886483,
       -9.21480248]), 'fs_0 - beta_z_offset(p=7,n=3)': array([[-0.00204929, -0.00320514, -0.00316093, -0.00162486, -0.00278179,
        -0.00625415],
       [-0.00643543, -0.01312768,  0.01420655, -0.02177235,  0.01624545,
         0.00731279],
       [ 0.00893569,  0.00301952, -0.00444867,  0.01086144, -0.0081036 ,
        -0.00465315],
       ...,
       [ 0.013794  , -0.02223146,  0.01771894, -0.0062271 ,  0.00798187,
         0.0063229 ],
       [ 0.01026838,  0.00340655, -0.00100422,  0.00510967, -0.00370055,
        -0.00337145],
       [-0.1194303 ,  0.10759985, -0.06041151, -0.13029344,  0.04062955,
        -0.05760851]]), 'fs_1 - beta_sigma(p=365.25,n=10)_log__': array([-7.96166478, -6.51101042, -7.46625751, -4.36594107, -4.70661426,
       -5.19675774, -5.21773177, -4.85867062, -5.64968695, -6.13942503,
       -5.17601612, -6.26938   , -4.94195539, -4.9295873 , -5.55394436,
       -6.86126811, -5.74235793, -5.58631832, -4.82691395, -5.0952817 ]), 'fs_1 - beta_z_offset(p=365.25,n=10)': array([[ 1.86565691e-02,  4.72815002e-03, -1.70424326e-03, ...,
         1.52891040e-01, -1.68559172e-01, -1.16495086e-01],
       [-4.92563263e-02,  1.74731298e-01, -1.08644899e-01, ...,
         7.50610801e-01, -6.26948906e-01, -1.57745148e-02],
       [ 1.40901494e-01, -3.05332097e-01,  1.74072487e-01, ...,
         6.95568861e-03, -3.76879937e-01,  5.74981931e-01],
       ...,
       [-2.01132742e-01,  4.26277482e-01, -1.38379866e-01, ...,
         2.72249245e-01, -7.74767953e-01,  4.26224977e-01],
       [-3.49142409e-02,  8.53136737e-02, -3.11255952e-02, ...,
        -1.34994234e-01,  3.78741833e-02,  2.25567205e-01],
       [-1.71808272e-01, -1.79786880e+00,  3.53564867e-01, ...,
         2.83876890e-01,  8.21614088e-01,  2.68082454e-01]]), 'sigma_log__': array(-3.99017871), 'lt_0 - slope_sigma': array(2.58350667), 'fs_0 - beta_sigma(p=7,n=3)': array([1.02293405e-04, 1.02803114e-04, 9.85555344e-05, 9.79806961e-05,
       9.81646061e-05, 9.95547831e-05]), 'fs_1 - beta_sigma(p=365.25,n=10)': array([0.00034857, 0.00148698, 0.00057207, 0.0127027 , 0.00903532,
       0.00553448, 0.00541961, 0.00776079, 0.00351862, 0.00215616,
       0.00565047, 0.0018934 , 0.00714062, 0.00722949, 0.00387215,
       0.00104758, 0.0032072 , 0.0037488 , 0.00801121, 0.00612558]), 'sigma': array(0.01849641), 'prior_lt_0 - slope': array(0.80084912), 'prior_lt_0 - intercept': array(-0.03779623), 'prior_lt_0 - delta': array([-0.11901907, -0.10066263, -0.06260921, -0.02618381,  0.02274581,
        0.05815959,  0.10025796,  0.14191238,  0.15900083,  0.18219864,
        0.13779936,  0.06570962, -0.07897172, -0.24596095, -0.31512345,
       -0.25165009, -0.19840754, -0.18019914, -0.06003401,  0.36646978,
        0.85859693,  1.29525094,  1.1067278 , -0.12210846,  0.01713567]), 'prior_fs_0 - beta(p=7,n=3)': array([ 4.51888600e-04, -2.75176159e-04,  3.52227550e-04,  3.70550287e-04,
       -5.05876576e-06,  1.85454745e-04]), 'prior_fs_1 - beta(p=365.25,n=10)': array([ 9.48351377e-03, -9.39529257e-04, -5.37278629e-03,  4.53469680e-03,
       -2.43819852e-03,  3.70895982e-03, -5.40801683e-03, -1.35854383e-03,
        2.41815212e-03, -1.30717755e-03,  6.82937729e-04,  1.99622756e-03,
        4.84826296e-03,  1.30007817e-03, -6.53269434e-04,  4.70660857e-03,
       -1.98153096e-03, -4.31254665e-05, -6.06326250e-03, -3.18135544e-03]), 'prior_sigma': array(0.08568099), 'lt_0 - slope_shared': array(0.80084912), 'lt_0 - slope': array([ 5.74175082e-01,  1.50709781e+00, -1.11825025e+00,  2.57035933e+00,
        2.79260450e-01,  2.03101012e-01,  1.02340157e+00,  2.17664214e+00,
        1.27976594e+00,  2.87428462e-01, -2.96832574e-01,  3.90777442e+00,
       -3.48953675e-01, -6.33322530e-01,  5.78014086e-01,  5.05201918e-01,
        1.92379120e+00,  1.56679760e+00,  1.31169623e+00,  2.60387545e-01,
        1.43243996e-01,  1.73316329e+00,  1.36531364e+00,  5.62805628e-01,
       -2.31923976e-01,  2.73666724e+00,  1.84647996e+00,  2.36230240e+00,
        8.40735130e-01,  9.58771452e-01,  1.62347491e+00, -2.11220530e-01,
        2.24857368e+00,  3.57256583e+00,  7.68531495e-01,  9.96430407e-01,
        1.84655143e+00,  3.19111120e+00,  6.45403541e-01,  2.20390552e+00,
        1.56789684e+00,  7.07253272e-01, -7.05631029e-01, -3.08688308e-01,
        1.54112880e+00,  1.19858052e+00, -1.00476262e+00,  4.73417320e-01,
       -3.66061549e-01,  7.07421564e-01,  2.51841539e+00,  7.89966760e-01,
        3.54159974e+00,  9.86569552e-01,  1.00169684e+00,  2.12542475e+00,
        2.35039197e+00,  1.05043335e+00,  2.11394078e+00,  2.29117030e+00,
        7.59753527e-01, -4.15170096e+00,  8.76807594e-01,  4.42475994e-01,
        2.08744153e+00,  7.33009569e-02,  1.97755026e+00,  1.78660475e-01,
       -6.13905418e-01,  1.79992197e+00,  2.82033633e-01,  5.85065611e-01,
        4.25694730e-01, -3.32084729e-01,  1.37293942e+00,  7.91206190e-01,
        1.83427075e+00, -8.98035950e-02, -4.91577238e-02,  2.93628001e+00,
       -1.93933942e-01,  5.63947985e-01,  2.64320870e+00,  1.15267569e-01,
        6.86195397e-01,  3.62975432e-01, -7.03578402e-01,  1.89805742e+00,
        3.50980701e-01,  1.33762242e+00,  1.08378241e+00,  1.45829401e+00,
       -4.94788737e-01, -9.32742757e-01,  1.80191214e-01,  1.88162505e+00,
        8.48940699e-01,  1.13153366e+00, -1.05743323e+00, -1.97368244e+00,
        1.61912920e+00, -1.39838160e+00,  1.33367914e+00,  1.84025298e+00,
        2.04758764e+00, -1.19085698e+00, -8.06576541e-01,  4.11624084e-01,
        1.48080159e-02,  7.65818298e-01,  8.16402870e-01,  1.60759934e+00,
        7.69956623e-01, -4.01811366e+00,  6.40942584e-01, -1.10568253e+00,
       -6.70164144e-02, -3.42435531e-01, -1.00611443e+00, -2.59069150e+00,
        3.68001136e-01,  1.88177813e+00,  6.19741916e-01, -4.49801081e-03,
       -4.67592322e-01, -2.23879462e+00,  2.53280418e+00,  1.69414724e+00,
        1.12280995e+00,  2.07942794e+00,  2.48109135e+00,  5.84306443e-01,
       -2.83552517e-01,  5.23247393e-01, -3.95712941e-01, -3.37737895e-01,
       -1.00961901e-02, -1.27828838e-01,  2.73989975e+00, -1.55220108e-01,
       -1.93372155e-01, -5.16319739e-01,  9.05931125e-02,  8.51226728e-01,
        1.45523495e-01,  5.36324977e+00,  1.03507225e+00,  2.19304801e+00,
       -8.48581880e-01,  1.04057854e+00,  6.69449075e-01, -1.64310799e+00,
       -5.71409314e-01,  1.60713892e+00,  1.66835547e-01, -2.57631838e+00,
        1.77919493e+00, -5.40962085e-01,  9.09396204e-01,  5.13564631e-01,
        2.42661989e+00,  4.40125861e-01,  5.43846181e-01, -8.19726768e-01,
        2.58869745e+00,  1.44056399e+00,  8.34503167e-01,  1.66738570e+00,
       -5.99747058e-01, -6.08059956e-01, -1.23917669e+00,  1.30462167e+00,
        1.97680089e+00,  1.29911022e+00,  1.36907237e+00,  1.52925942e+00,
        2.99913581e-01,  6.80696721e-01,  5.79185394e-01,  1.29331903e+00,
        6.64479555e-01,  7.80041611e-01,  1.84236110e-01,  1.87860563e+00,
        1.16009692e-01,  2.98906468e-03, -3.10381149e-01, -5.81944273e-01,
        8.49667804e-01, -8.85712109e-01,  1.16503927e-01,  1.39858653e+00,
        9.10508785e-02,  2.31347064e+00,  2.27110201e+00,  1.05718505e+00,
       -8.69894668e-01, -7.90716604e-01, -1.65487286e+00,  1.55691350e+00,
        3.50773977e-01,  1.10885673e+00,  3.13981763e+00,  1.40685320e+00,
        1.46947205e+00,  2.79403118e+00,  1.83929305e+00,  2.03243271e+00,
       -4.68900265e-02,  1.65965214e+00,  6.41557783e-02,  7.02027431e-01,
        1.76831426e+00, -9.07724869e-01,  1.33503198e+00, -1.03083804e+00,
        1.38848177e+00,  2.46602744e+00,  4.38150431e-02,  1.65239025e-01,
        4.22597313e-01,  7.47924356e-02,  2.11032851e-02,  1.35449473e+00,
        1.50405490e+00, -5.89936598e-01,  1.71279586e+00,  1.78694317e+00,
        8.14292646e-01, -7.29825087e-01, -2.90000833e-01, -4.12819523e-01,
        1.74579648e+00, -2.92630009e-01, -3.03133776e-01, -2.05332458e+00,
        6.40783770e-01,  3.32110483e+00, -1.20742998e+00, -1.29644233e+00,
        5.48542477e-01,  1.74615817e+00,  9.97338628e-01,  1.11298730e+00,
        7.04327067e-01, -5.14914941e-01,  2.30681594e+00, -7.66653412e-02,
       -1.47857661e+00,  1.81134743e+00, -9.08646054e-01,  1.36181677e-01,
        3.90009711e+00,  1.48851502e+00,  1.84968567e+00,  2.14042878e+00,
       -1.69016101e+00, -5.36930865e-02,  2.47393368e-01, -2.88649852e-01,
        2.51772611e+00, -2.02269476e+00,  1.52024226e+00,  8.92096738e-02,
        3.64034830e-01,  2.04074659e+00,  1.75292406e+00,  2.31266027e+00,
        4.77306618e-01, -4.71840549e-01,  1.74617675e+00, -1.28886668e+00,
        7.34680354e-01,  2.42682417e-01, -8.21396813e-01, -6.03732138e-01,
       -9.75962944e-01,  2.35083725e+00,  1.63623830e+00,  2.71731786e+00,
        8.80193431e-01,  1.34095218e+00,  2.22240593e+00,  7.89052132e-01,
        1.58646444e+00,  4.68239958e+00, -1.14445823e+00,  5.27890331e-01,
        7.86112608e-02, -1.44540102e+00,  1.96263799e+00, -7.49613821e-01,
       -3.87360020e-01,  2.91197690e-01,  1.99708640e+00,  1.93951423e+00,
       -3.39784418e+00,  1.65317238e+00,  5.32640823e+00,  1.41640333e+00,
       -1.35216964e+00,  3.62931801e+00, -3.08033835e-01,  1.20514980e+00,
        2.39704244e+00,  2.57308158e+00, -5.94361775e-01,  1.29079277e+00,
        1.99864106e+00,  9.65719487e-01, -2.28036771e-01,  5.46057959e-01,
        2.34042514e-01,  1.45276056e+00,  5.24388989e-02,  1.44805963e+00,
       -6.61914443e-01,  4.25319350e-01, -5.00833381e-01,  2.95077632e+00,
        1.28467891e+00, -3.29693256e-01,  2.04151842e+00, -1.34047749e-01,
        2.32611874e+00,  6.27036881e-01,  2.90814729e-01,  2.13389773e+00,
        1.54349100e-01, -1.16784986e-01,  6.30923302e-02, -4.44927602e-01,
       -7.51785734e-01,  8.63805585e-01,  2.34466693e+00, -1.36361959e+00,
        1.70907339e+00,  2.45363851e+00,  2.00107147e+00,  1.37982818e+00,
        2.70973287e+00, -4.58937311e-01,  9.14906247e-01, -5.03659602e-01,
        7.66222381e-01,  2.40106661e+00,  2.77083474e-01,  2.05765808e+00,
        1.02621569e+00,  1.44772891e-01,  7.44490791e-01,  7.89273905e-01,
        1.63466293e+00,  1.72788950e+00,  1.11387399e-01, -2.60145227e-02,
        2.39510265e-01, -3.09672357e-01,  2.71666592e+00, -2.33235251e-01,
       -8.23173005e-01, -1.41881298e+00,  5.46391667e-01, -2.00794322e-02,
       -2.03382286e-01,  2.06657788e+00,  1.69263862e-02, -6.39569910e-01,
        1.77333297e+00, -2.58130527e-01,  1.29368893e+00,  3.31588097e+00,
        4.19298312e+00,  1.02268173e+00,  1.10500819e+00,  2.95952938e+00,
        1.89948112e-01,  2.94764034e-01, -2.89975700e-01, -4.24760112e-01,
        2.03450225e+00,  1.26675499e+00,  1.04636325e+00,  1.74987221e+00,
        1.39013652e+00,  1.46334828e+00, -1.58904786e-01, -5.42027837e-01,
       -4.22505126e-01,  5.66210257e-01,  9.65036982e-01, -1.73558062e+00,
       -6.07202070e-01,  2.87837346e-01, -3.61683914e+00, -1.10462695e+00,
        1.03773366e+00,  5.48260672e-01,  2.44383015e+00,  1.37937752e+00,
        7.94184228e-01,  1.26204914e+00, -8.45619456e-01, -5.07112166e-01,
        2.52042453e+00, -2.30595658e-01, -8.70072390e-01, -6.84547634e-01,
        1.66453136e-01,  2.20828101e+00,  1.35250719e+00,  5.91614270e-01,
        1.67040993e+00,  1.26680559e+00,  1.53636937e+00, -1.29725869e+00,
        1.89181995e+00, -1.24174509e+00,  1.42340016e-01, -9.03690374e-02,
       -7.32995793e-01, -3.92785549e-01, -1.48350856e-01, -2.20161092e+00,
       -5.24120771e-01,  2.75422451e+00,  1.19462364e+00,  4.95991254e-01,
        3.12424505e+00, -5.37516057e-01, -2.19763288e-01, -1.77989343e-01,
       -1.13980694e+00, -2.94142430e-01,  4.53337237e+00,  8.62801994e-02,
        5.04989263e-01,  2.91013643e-02,  9.49932703e-01,  2.80877302e-01,
        1.21737814e+00, -3.53197863e-01, -2.94666033e-01, -2.61295797e-01,
        1.01753487e+00,  2.08727723e+00,  7.66069057e-01,  9.97275129e-01,
        4.73473247e+00,  3.19988565e+00,  1.13670494e+00,  2.99429561e+00]), 'fs_0 - beta_shared': array([ 4.51888600e-04, -2.75176159e-04,  3.52227550e-04,  3.70550287e-04,
       -5.05876576e-06,  1.85454745e-04]), 'fs_0 - beta(p=7,n=3)': array([[ 4.51678971e-04, -2.75505658e-04,  3.51916022e-04,
         3.70391082e-04, -5.33183867e-06,  1.84832114e-04],
       [ 4.51230298e-04, -2.76525725e-04,  3.53627684e-04,
         3.68417017e-04, -3.46403727e-06,  1.86182768e-04],
       [ 4.52802662e-04, -2.74865743e-04,  3.51789109e-04,
         3.71614499e-04, -5.85425256e-06,  1.84991502e-04],
       ...,
       [ 4.53299635e-04, -2.77461622e-04,  3.53973849e-04,
         3.69940151e-04, -4.27522830e-06,  1.86084220e-04],
       [ 4.52938987e-04, -2.74825955e-04,  3.52128579e-04,
         3.71050936e-04, -5.42202851e-06,  1.85119101e-04],
       [ 4.39671667e-04, -2.64114560e-04,  3.46273661e-04,
         3.57784045e-04, -1.07038201e-06,  1.79719542e-04]]), 'fs_1 - beta_shared': array([ 9.48351377e-03, -9.39529257e-04, -5.37278629e-03,  4.53469680e-03,
       -2.43819852e-03,  3.70895982e-03, -5.40801683e-03, -1.35854383e-03,
        2.41815212e-03, -1.30717755e-03,  6.82937729e-04,  1.99622756e-03,
        4.84826296e-03,  1.30007817e-03, -6.53269434e-04,  4.70660857e-03,
       -1.98153096e-03, -4.31254665e-05, -6.06326250e-03, -3.18135544e-03]), 'fs_1 - beta(p=365.25,n=10)': array([[ 9.49001694e-03, -9.32498609e-04, -5.37376123e-03, ...,
         5.30033133e-04, -7.41362477e-03, -3.89495550e-03],
       [ 9.46634438e-03, -6.79707924e-04, -5.43493826e-03, ...,
         2.77076759e-03, -1.10858794e-02, -3.27798351e-03],
       [ 9.53262814e-03, -1.39355091e-03, -5.27320547e-03, ...,
        -1.70499506e-05, -9.08252537e-03,  3.40742827e-04],
       ...,
       [ 9.41340446e-03, -3.05664661e-04, -5.45194860e-03, ...,
         9.77483694e-04, -1.22700883e-02, -5.70479913e-04],
       [ 9.47134364e-03, -8.12669830e-04, -5.39059216e-03, ...,
        -5.49192440e-04, -5.75984461e-03, -1.79962531e-03],
       [ 9.42362616e-03, -3.61291790e-03, -5.17052412e-03, ...,
         1.02107346e-03,  5.18857339e-04, -1.53919471e-03]])}"
