,0
0,"{'priors': array([-3.24754572e+01,  2.98890694e-01, -4.49240670e-01, -4.24121172e-01,
        3.08206494e-01,  3.59063407e-01,  3.68755628e-01, -3.19353571e-01,
       -3.34281466e-03, -1.33742747e-01,  4.90182787e-01, -2.94076200e-01,
       -1.66211355e-01,  4.66104851e-01, -1.83314426e-01,  4.23592542e-01,
       -1.12053110e-01,  2.68069732e-01, -2.29534281e-01, -1.74775416e-01,
       -3.05667135e-01,  4.28972130e-01, -3.06751343e-01,  2.87521032e-01,
        9.44785609e-02,  5.89793611e-02,  8.83104254e-03, -1.49891791e+00,
       -1.67638473e+00, -1.31241278e-01,  1.28211887e+00,  4.06878068e-01,
        8.92697049e-01, -1.60006588e+00,  4.57953669e+00, -5.49216536e-01,
       -1.09013189e-02, -6.42585633e-01,  1.05438224e+00, -2.03479578e+00,
        1.44438190e+00, -7.20576007e-01, -6.06537670e-01, -3.06496150e+00,
       -1.90575355e-01, -7.94272603e-01, -2.85098943e+00, -7.67873675e-02,
        2.42664914e-01,  1.23047370e+00, -1.21557297e-01, -2.66540995e+00,
        5.57174381e-01,  0.00000000e+00]), 'lt_0 - slope_sigma_log__': array(1.56539429), 'lt_0 - slope_z_offset': array([-0.82091131,  3.03748711,  2.06989201, -0.66855715, -0.69878338,
       -1.7534823 , -0.03784372, -1.28488533,  1.75917417,  0.50376907,
        1.47166353,  0.52173912,  0.22261371, -1.00927628, -1.060507  ,
       -0.79189014,  1.01916219, -0.17737204, -0.15017152,  2.15385672,
        0.45090834,  0.71558388,  3.01150607,  0.51924793, -1.02369963,
        1.11012249, -1.60809514,  4.79369289,  0.35326049, -2.31340208,
        1.96043383, -1.72553707, -1.90103638,  1.52540459, -0.07598345,
       -0.34132989, -0.49837232,  0.32765246,  0.71177597,  0.28435885,
       -0.63529068, -0.15817043, -0.36267866, -0.85813852, -0.11009461,
       -1.48437366, -0.51885352,  1.95185003,  0.20936073,  1.81731761,
        4.32815308, -1.60591448,  2.51184056, -1.35931357,  1.54035612,
       -1.12925193,  1.04142818,  2.16759506, -0.11554142,  3.00852335,
        0.83230175,  0.99132634, -0.88215817, -2.15709669,  1.15267508,
       -1.20691858,  2.64138995,  0.2359352 , -1.3252582 ,  0.990322  ,
        0.2732606 ,  1.32791671,  1.50617961, -1.74190109,  1.0069208 ,
       -0.42714092,  2.01770385,  2.5301062 ,  2.68583931,  4.30321954,
       -1.64195391,  0.70367627,  0.52602822,  0.74438936,  0.03025402,
       -2.14436433, -1.25509315,  4.22042585,  0.56338581,  1.73125644,
       -1.56703234,  1.223079  , -0.66986822, -2.3405613 ,  0.65874024,
        2.62078918, -1.28358613,  2.01144926,  0.30407373,  0.83804112,
        0.01413836, -0.88254011, -1.00223381,  2.30028582,  1.39877748,
        0.90192472, -2.40070784,  1.64615883, -0.17528877,  2.9764874 ,
        0.69985915,  2.21107428,  3.13190058,  1.0687202 ,  0.72549536,
       -1.33872913, -0.42382906,  1.27611562, -0.69533899,  0.96806019,
        0.71179342,  0.31296402,  2.60458975,  0.07658081, -1.05626365,
       -0.19027758,  1.08015903,  1.73921784, -4.08505725, -1.54568997,
       -1.73285051, -0.49787869, -0.98933319, -2.38700621, -0.86044048,
       -2.48509034,  1.67593797,  1.05413214,  0.80913133, -1.10920723,
       -0.59888258, -0.58244067, -0.14196702,  0.57864656, -1.27793463,
       -2.99382852, -0.55318182, -4.65615128,  0.26315338,  0.46871284,
       -0.49516438, -1.35565297,  0.25917399,  0.51964731,  2.34130316,
        4.4092583 ,  1.31951102, -1.15160738,  1.96472342, -0.63306408,
        3.4842059 ,  0.64330731,  2.25251324, -1.58241498,  1.53541546,
       -2.54213383,  0.85375874,  1.63170642,  0.75378312, -1.02289759,
       -0.63279599,  1.61019881,  0.12383629,  1.42875013, -0.66192076,
       -0.83375621, -0.38167263, -1.63637052,  0.28716937,  4.32652505,
        0.84111501,  1.9660211 ,  0.14102502,  3.65440616, -2.18530705,
       -1.48845537,  0.34639855,  1.93221982,  1.23940063,  2.04077012,
        1.88522549, -0.15043693,  0.14335743,  0.52568539, -0.08340642,
       -2.02017109, -1.29432384,  2.2192674 ,  0.25779261,  1.99488791,
        0.60347469,  0.55783788,  0.40537015,  0.02280063, -2.60320126,
       -3.88700914,  1.37046404, -0.94906547,  0.63268756,  1.37365511,
        0.61235359,  1.95784245, -0.59114966, -1.55230458, -2.35006673,
        2.02597633,  0.61673565,  0.24429814,  1.97691055,  2.53391929,
        0.84145594,  0.46298367, -0.98469533,  1.87840822,  2.87951924,
       -1.23214824,  4.75733129,  1.74521659, -1.31542579, -2.11249072,
        1.12801958, -1.52183241, -0.78411366,  2.07412774, -0.77330604,
        1.68779409,  1.49135174,  2.47085319,  0.73631017,  0.10611579,
       -1.71592341,  1.7838748 , -0.27889623, -1.21891484, -2.46519906,
        0.79628457,  4.29780898, -0.81905647, -0.04094708,  0.92557829,
       -2.30379733,  2.85015298, -0.53753179,  1.06969393, -0.68865172,
       -0.30039288, -0.12363367,  2.71102332, -1.32242314,  0.60539772,
        0.58933419, -2.52615722, -2.06019347, -0.51168612, -2.95784408,
        2.56187531, -1.98763982,  1.18645211, -0.37581736, -1.27016287,
       -0.24144133,  3.07331777,  0.17900663, -0.0789751 , -2.10967897,
        0.19295239,  2.38166481,  2.01373624, -0.8000168 ,  3.76555186,
       -1.18423788,  0.61810907,  1.10530711,  3.43010527, -0.25686173,
        1.85799375,  1.3901716 , -0.53757784, -1.40679818, -2.41808732,
        1.6791928 , -1.42324257, -0.8168592 ,  1.02395203,  0.57432668,
       -0.50823247,  0.7705905 ,  1.56505738,  0.34016109,  2.95073567,
        3.40977031,  4.39531386, -0.34279451, -2.44184394, -2.88166174,
       -2.92970092, -2.54633179,  3.04624016,  1.66545474,  0.27134656,
       -0.16745501, -0.48277254, -0.85580756, -2.2196543 ,  0.4814096 ,
        1.46869201, -0.01478979, -1.08141955, -0.94835084,  1.49111769,
       -1.34197976,  0.92977298,  1.74320632, -1.15939419,  0.47341524,
       -0.69792133, -1.78447883,  3.10691712, -1.11046143, -0.25854759,
        1.24929857, -0.63750399, -0.38372716, -1.800593  ,  3.10862246,
       -0.54912983,  0.81419276, -2.11235616,  2.72641846, -1.01716395,
       -0.32200967, -0.5978759 ,  1.69960526, -2.25948927, -0.78021095,
        4.44724236,  3.07533643,  2.84747497, -0.26254665, -1.24343724,
        1.74677339,  1.81859087,  0.11098449,  0.45685011,  1.3737501 ,
        0.86308016, -2.19966173,  0.75398049,  2.82952322,  0.19954697,
       -0.62092039, -1.18676722,  0.47360487, -0.12426117,  1.60929519,
       -0.49621506, -1.30086753, -2.03987387, -1.93768736, -1.29702614,
       -1.27115988,  1.37703484,  0.65427356, -2.11968711, -0.84821678,
       -0.52680901,  3.6423553 , -0.48027063,  1.59416986,  0.0900132 ,
       -2.27135301, -1.30960334,  2.05960492,  1.14498919,  2.08211674,
        2.630233  , -1.54035499,  1.52123963,  0.20241995, -1.96456989,
        2.40681867, -0.21655189,  1.81621312,  0.31833218,  1.61738549,
       -1.05339624, -3.22839611,  1.76380283,  0.94115165,  0.32777622,
        2.69211968, -2.96779881, -4.07368514, -3.64312562,  4.08210743,
       -0.62155555, -1.80216978,  0.29738357,  1.73948548,  2.66121255,
        0.91244168,  0.77834046,  3.98539552,  2.16039488, -1.42728274,
       -0.42393214,  2.62499241,  1.49556775,  0.2437271 , -0.17512257,
       -0.41873418, -1.63058088, -2.38662414, -1.07422432, -0.14720463,
        0.15752634, -2.62717187,  0.54417883,  1.83513318, -0.90177609,
       -2.07828364,  2.70552699,  0.6857561 ,  1.32928924, -0.29482002,
       -0.35750556,  1.50781169,  1.49807944,  0.48147481, -0.44164986,
       -1.08313964, -0.87491404,  0.13295751, -0.43947379, -1.58351347,
       -0.25465312, -0.51376487, -3.87285004,  2.57493687,  3.85668863,
       -0.44676666,  0.60549183]), 'lt_0 - delta': array([ 7.25156273e-01, -4.07246459e-01, -1.54169931e-01,  3.87451115e-02,
       -8.04419354e-02, -9.98122457e-02, -1.13794482e-01,  8.96485112e-03,
        2.12654765e-01, -1.26370845e-01,  2.70434380e-02, -1.41799261e-01,
        1.57185017e-01, -1.52720230e+00, -1.24519092e+00, -5.26192254e-01,
       -7.33297515e-01,  7.37598652e+00,  1.91208612e+00, -6.59728197e+00,
       -9.81376632e-04, -2.52915038e-01, -1.06731285e+00,  1.26583523e+01,
       -1.25725490e+01]), 'lt_0 - intercept': array([ 4.70605266e+00, -1.37863178e+01, -9.15033163e+00,  3.98793675e+00,
        4.12530458e+00,  9.12673741e+00,  9.68719026e-01,  6.92921597e+00,
       -7.64828023e+00, -1.63380979e+00, -6.28804515e+00, -1.75237657e+00,
       -2.88366751e-01,  5.58561080e+00,  5.79806701e+00,  4.58290204e+00,
       -4.09150658e+00,  1.61612895e+00,  1.51683459e+00, -9.53904594e+00,
       -1.38907625e+00, -2.65601304e+00, -1.36785222e+01, -1.70053660e+00,
        5.68132135e+00, -4.54436069e+00,  8.49108531e+00, -2.23309614e+01,
       -9.18931084e-01,  1.17495908e+01, -8.62800719e+00,  9.00103503e+00,
        9.83856188e+00, -6.53303894e+00,  1.16262786e+00,  2.43821808e+00,
        3.16483187e+00, -7.96207872e-01, -2.62509648e+00, -5.51570364e-01,
        3.81259868e+00,  1.54579717e+00,  2.51320702e+00,  4.86177946e+00,
        1.30285077e+00,  7.85475830e+00,  3.26247916e+00, -8.55897412e+00,
       -2.09268478e-01, -7.91807628e+00, -1.99909805e+01,  8.43684035e+00,
       -1.12858053e+01,  7.27460947e+00, -6.61208262e+00,  6.14524232e+00,
       -4.20629574e+00, -9.59043913e+00,  1.34189546e+00, -1.36383138e+01,
       -3.21198745e+00, -3.97347990e+00,  4.98611250e+00,  1.10527143e+01,
       -4.79055213e+00,  6.49830490e+00, -1.18899885e+01, -3.55231374e-01,
        7.09376905e+00, -3.95493044e+00, -5.12547088e-01, -5.61122504e+00,
       -6.47150362e+00,  9.06954895e+00, -4.03106564e+00,  2.82650288e+00,
       -8.90609164e+00, -1.13470418e+01, -1.21206762e+01, -1.98721090e+01,
        8.61653110e+00, -2.58520469e+00, -1.74936165e+00, -2.77660231e+00,
        6.38294899e-01,  1.10032873e+01,  6.76710476e+00, -1.94698606e+01,
       -1.90921131e+00, -7.52482514e+00,  8.22701899e+00, -5.08093127e+00,
        3.96916874e+00,  1.18660216e+01, -2.36911236e+00, -1.17855973e+01,
        6.92057958e+00, -8.88730098e+00, -6.87058048e-01, -3.23692541e+00,
        7.31422934e-01,  4.97115805e+00,  5.58236397e+00, -1.02431965e+01,
       -5.92322750e+00, -3.53859960e+00,  1.21930337e+01, -7.10733770e+00,
        1.62851090e+00, -1.34949138e+01, -2.57480742e+00, -9.80938668e+00,
       -1.42415777e+01, -4.35081926e+00, -2.69834850e+00,  7.17339545e+00,
        2.82848995e+00, -5.33777063e+00,  4.09314066e+00, -3.88213479e+00,
       -2.63721672e+00, -7.10214704e-01, -1.17147270e+01,  4.18571071e-01,
        5.81360695e+00,  1.67979192e+00, -4.42255311e+00, -7.53780563e+00,
        2.01028986e+01,  8.15249758e+00,  9.01132724e+00,  3.17469616e+00,
        5.48200582e+00,  1.21407715e+01,  4.88274287e+00,  1.26132618e+01,
       -7.22838995e+00, -4.26579184e+00, -3.11995352e+00,  6.07022307e+00,
        3.63976552e+00,  3.56565532e+00,  1.45296298e+00, -1.98644821e+00,
        6.82545231e+00,  1.49489953e+01,  3.46150383e+00,  2.28661589e+01,
       -4.96919668e-01, -1.46932574e+00,  3.13507495e+00,  7.21483056e+00,
       -4.74683828e-01, -1.74379359e+00, -1.04455441e+01, -2.04082921e+01,
       -5.54230842e+00,  6.25952446e+00, -8.61884364e+00,  3.82567561e+00,
       -1.59303864e+01, -2.33032679e+00, -1.00244687e+01,  8.28482128e+00,
       -6.56804540e+00,  1.28182310e+01, -3.29839127e+00, -7.03794587e+00,
       -2.81754184e+00,  5.64442153e+00,  3.82836705e+00, -6.93399074e+00,
        1.93696671e-01, -6.08923102e+00,  3.95419373e+00,  4.77426480e+00,
        2.61184203e+00,  8.56218371e+00, -5.90685223e-01, -1.99853988e+01,
       -3.24574806e+00, -8.64806854e+00,  1.09017044e-01, -1.67429514e+01,
        1.11874605e+01,  7.85095753e+00, -8.78275606e-01, -8.53827125e+00,
       -5.13556466e+00, -9.00067331e+00, -8.28255271e+00,  1.50227867e+00,
        1.05927895e-01, -1.73901929e+00,  1.17444960e+00,  1.04179360e+01,
        6.95682499e+00, -9.88040119e+00, -4.52637723e-01, -8.79804306e+00,
       -2.10181714e+00, -1.89707141e+00, -1.15235747e+00,  6.78904433e-01,
        1.31443416e+01,  1.91446682e+01, -5.79460364e+00,  5.30885925e+00,
       -2.23641366e+00, -5.82144061e+00, -2.14171943e+00, -8.58560862e+00,
        3.61470605e+00,  8.12371807e+00,  1.19708576e+01, -8.90804544e+00,
       -2.15547228e+00, -3.98770495e-01, -8.70426843e+00, -1.13745279e+01,
       -3.25117558e+00, -1.42820578e+00,  5.49995077e+00, -8.22377524e+00,
       -1.30345669e+01,  6.67371943e+00, -2.20224761e+01, -7.58634337e+00,
        7.06987704e+00,  1.08091141e+01, -4.62550404e+00,  8.02463843e+00,
        4.50259421e+00, -9.21429182e+00,  4.50377565e+00, -7.31714173e+00,
       -6.36682108e+00, -1.10615181e+01, -2.73619338e+00,  2.69783842e-01,
        8.95273722e+00, -7.75515764e+00,  2.12356076e+00,  6.58001297e+00,
        1.25053047e+01, -3.03377127e+00, -1.98315816e+01,  4.66937149e+00,
        9.70081776e-01, -3.64982546e+00,  1.16784297e+01, -1.28887634e+01,
        3.33365522e+00, -4.35576957e+00,  4.08283131e+00,  2.23303471e+00,
        1.37339494e+00, -1.22250987e+01,  7.07924520e+00, -2.10779073e+00,
       -2.02750826e+00,  1.27789257e+01,  1.05961623e+01,  3.22430875e+00,
        1.48644067e+01, -1.14956201e+01,  1.02472119e+01, -4.90060192e+00,
        2.59489939e+00,  6.83718083e+00,  1.93094544e+00, -1.39461816e+01,
       -5.14758301e-02,  1.17590894e+00,  1.08192163e+01, -1.44153564e-01,
       -1.06682343e+01, -8.88520560e+00,  4.60388100e+00, -1.72724332e+01,
        6.43212051e+00, -2.17508215e+00, -4.51737403e+00, -1.56802839e+01,
        2.03117451e+00, -8.22793952e+00, -5.91069212e+00,  3.36018781e+00,
        7.49084757e+00,  1.22424736e+01, -7.25859127e+00,  7.52261261e+00,
        4.67544024e+00, -4.12305415e+00, -2.02254598e+00,  3.18778255e+00,
       -2.94097903e+00, -6.72284941e+00, -8.58167318e-01, -1.33704613e+01,
       -1.56007230e+01, -2.03976468e+01,  2.42538787e+00,  1.24125533e+01,
        1.44391128e+01,  1.46759691e+01,  1.28439950e+01, -1.38222073e+01,
       -7.22427148e+00, -5.05597480e-01,  1.59235968e+00,  3.10127077e+00,
        4.87208618e+00,  1.13201004e+01, -1.53197404e+00, -6.28375717e+00,
        8.50043402e-01,  5.96272506e+00,  5.31922243e+00, -6.36586414e+00,
        7.19817419e+00, -3.67878476e+00, -7.56021507e+00,  6.30578031e+00,
       -1.46426985e+00,  4.10515058e+00,  9.28304651e+00, -1.41141511e+01,
        6.05541731e+00,  2.02047328e+00, -5.20365548e+00,  3.80791784e+00,
        2.61221914e+00,  9.33121536e+00, -1.41224444e+01,  3.40515770e+00,
       -3.10922490e+00,  1.08427511e+01, -1.23098415e+01,  5.60781653e+00,
        2.32689959e+00,  3.63518140e+00, -7.35790096e+00,  1.15055208e+01,
        4.43550818e+00, -2.05491324e+01, -1.39787400e+01, -1.28579092e+01,
        1.99580212e+00,  6.71698033e+00, -7.58212358e+00, -7.93001616e+00,
        2.64861433e-01, -1.39638724e+00, -5.79050580e+00, -3.33546552e+00,
        1.12464947e+01, -2.82688648e+00, -1.27824701e+01, -1.67251323e-01,
        3.74240926e+00,  6.44734355e+00, -1.48011982e+00,  1.36206006e+00,
       -6.92053130e+00,  3.17407074e+00,  6.96948972e+00,  1.04488277e+01,
        1.00309940e+01,  6.95810045e+00,  6.83475947e+00, -5.80741854e+00,
       -2.35992893e+00,  1.08842783e+01,  4.84068010e+00,  3.30933205e+00,
       -1.66905946e+01,  3.07952815e+00, -6.85556177e+00,  3.20059074e-01,
        1.15938461e+01,  7.03275232e+00, -9.09091718e+00, -4.70342865e+00,
       -9.19697614e+00, -1.18284376e+01,  8.11119529e+00, -6.50561238e+00,
       -1.77076155e-01,  1.01412052e+01, -1.07606603e+01,  1.81209340e+00,
       -7.92253531e+00, -7.55227901e-01, -6.97132933e+00,  5.78016192e+00,
        1.61121291e+01, -7.66501752e+00, -3.71745399e+00, -7.75633732e-01,
       -1.21255586e+01,  1.49082797e+01,  2.00937464e+01,  1.80609135e+01,
       -1.88082619e+01,  3.74176948e+00,  9.37832788e+00, -6.42413679e-01,
       -7.55110363e+00, -1.19698927e+01, -3.59237906e+00, -2.94218750e+00,
       -1.83495896e+01, -9.56849711e+00,  7.61619697e+00,  2.81745460e+00,
       -1.18097679e+01, -6.40100234e+00, -3.95985308e-01,  1.64473983e+00,
        2.77507022e+00,  8.47888286e+00,  1.21040204e+01,  5.86100869e+00,
        1.46976947e+00,  2.05784780e-02,  1.32741013e+01, -1.81451188e+00,
       -8.06225708e+00,  5.05912016e+00,  1.06317494e+01, -1.22035776e+01,
       -2.53374551e+00, -5.57419271e+00,  2.20254614e+00,  2.51400281e+00,
       -6.45767770e+00, -6.39272119e+00, -1.52221181e+00,  2.88212711e+00,
        5.92236389e+00,  4.94187780e+00,  1.43774437e-01,  2.89148153e+00,
        8.33058188e+00,  1.98580934e+00,  3.25584468e+00,  1.91567463e+01,
       -1.16057442e+01, -1.77360705e+01,  2.91421993e+00, -2.06655958e+00]), 'fs_0 - beta_sigma(p=7,n=3)_log__': array([-13.37932832, -13.40386242, -13.39390444, -13.37609014,
       -13.35535955, -13.37001206]), 'fs_0 - beta_z_offset(p=7,n=3)': array([[ 0.00066757, -0.00126291,  0.00139033,  0.00106529, -0.00160214,
        -0.00071683],
       [ 0.00924107,  0.00234735, -0.00308492, -0.00124332,  0.00490037,
         0.00070095],
       [ 0.00076569,  0.00437381, -0.00187155, -0.00212422,  0.00319206,
         0.00112159],
       ...,
       [ 0.01161608,  0.00314524, -0.00451095,  0.00129861,  0.00382003,
         0.00040885],
       [ 0.00140302,  0.00197771, -0.00167821,  0.00124963, -0.00157707,
        -0.00191249],
       [ 0.00242293,  0.02791547,  0.00952207,  0.00297382, -0.00897949,
        -0.00450894]]), 'fs_1 - beta_sigma(p=365.25,n=10)_log__': array([-13.27165513, -13.30055708, -13.282648  , -13.15937612,
       -13.12158723, -13.30938669, -13.22155715, -13.3403997 ,
       -13.35974225, -13.26615468, -13.37081768, -13.36851786,
       -13.36715884, -13.37865336, -13.34295248, -13.37026771,
       -13.37649127, -13.4075203 , -13.37590005, -13.42124518]), 'fs_1 - beta_z_offset(p=365.25,n=10)': array([[-0.01768407, -0.02143347,  0.01439234, ...,  0.01402528,
        -0.02359094, -0.01466951],
       [ 0.04117614,  0.05539642, -0.03398895, ..., -0.01349672,
        -0.00283133,  0.01582741],
       [ 0.03014904,  0.033055  , -0.00468945, ...,  0.00630346,
        -0.00036147,  0.01499048],
       ...,
       [ 0.05498605,  0.06457028, -0.02424824, ..., -0.02214517,
        -0.00737213, -0.00121477],
       [-0.00990155, -0.01451136,  0.01597263, ...,  0.0067755 ,
        -0.0175144 , -0.00955565],
       [ 0.35537511, -0.32800955, -0.19528777, ...,  0.0299852 ,
         0.18377833, -0.03479694]]), 'sigma_log__': array(-3.35841996), 'lt_0 - slope_sigma': array(4.78456105), 'fs_0 - beta_sigma(p=7,n=3)': array([1.54679066e-06, 1.50930327e-06, 1.52440797e-06, 1.55180756e-06,
       1.58431321e-06, 1.56126828e-06]), 'fs_1 - beta_sigma(p=365.25,n=10)': array([1.72263558e-06, 1.67356065e-06, 1.70380257e-06, 1.92732771e-06,
       2.00155290e-06, 1.65884879e-06, 1.81113443e-06, 1.60819247e-06,
       1.57738484e-06, 1.73213695e-06, 1.56001100e-06, 1.56360288e-06,
       1.56572929e-06, 1.54783502e-06, 1.60409235e-06, 1.56086921e-06,
       1.55118521e-06, 1.50379252e-06, 1.55210257e-06, 1.48329413e-06]), 'sigma': array(0.03479019), 'prior_lt_0 - slope': array(0.1632882), 'prior_lt_0 - intercept': array(-0.0395104), 'prior_lt_0 - delta': array([-0.16339508, -0.14955824, -0.05284128, -0.03829098, -0.01040135,
        0.04305795, -0.00260197,  0.14169408,  0.15410435,  0.15298685,
        0.09816337,  0.07877845, -0.316978  , -0.28020783, -0.34211461,
       -0.1196056 , -0.17823562, -0.11416388,  0.2044299 ,  0.7265646 ,
        0.69069296,  1.22023435,  0.84381415, -0.08835112, -0.08151979]), 'prior_fs_0 - beta(p=7,n=3)': array([-7.21841992e-06, -5.13008443e-04, -1.68570430e-04, -9.43733575e-05,
        2.11597830e-04,  1.43057793e-04]), 'prior_fs_1 - beta(p=365.25,n=10)': array([ 2.82409726e-03,  2.19527483e-03, -3.75391700e-04,  6.35499081e-03,
       -4.78722742e-03,  5.46841483e-03, -6.23855982e-03,  1.21891789e-03,
       -4.43108366e-03, -2.06469496e-03, -1.37173137e-03, -2.24990393e-03,
       -5.54587095e-04, -7.69154695e-04, -7.62210901e-04,  7.34771425e-05,
       -1.30917997e-03,  5.87435368e-04, -2.31356736e-03,  4.74497979e-04]), 'prior_sigma': array(0.08668685), 'lt_0 - slope_shared': array(0.1632882), 'lt_0 - slope': array([-3.76441210e+00,  1.46963307e+01,  1.00668129e+01, -3.03546433e+00,
       -3.18008353e+00, -8.22635491e+00, -1.77773863e-02, -5.98432412e+00,
        8.58016440e+00,  2.57360206e+00,  7.20455220e+00,  2.65958086e+00,
        1.22839706e+00, -4.66565577e+00, -4.91077231e+00, -3.62555851e+00,
        5.03953192e+00, -6.85359140e-01, -5.55216619e-01,  1.04685472e+01,
        2.32068669e+00,  3.58704294e+00,  1.45720228e+01,  2.64766162e+00,
       -4.73466518e+00,  5.47473703e+00, -7.53074118e+00,  2.30990044e+01,
        1.85348459e+00, -1.09053253e+01,  9.54310354e+00, -8.09264928e+00,
       -8.93233642e+00,  7.46167956e+00, -2.00259236e-01, -1.46982551e+00,
       -2.22120461e+00,  1.73096138e+00,  3.56882380e+00,  1.52382046e+00,
       -2.87629886e+00, -5.93487863e-01, -1.57196997e+00, -3.94252796e+00,
       -3.63466172e-01, -6.93878820e+00, -2.31919813e+00,  9.50203380e+00,
        1.16498740e+00,  8.85835524e+00,  2.08716008e+01, -7.52030769e+00,
        1.21813427e+01, -6.34043055e+00,  7.53321608e+00, -5.23968659e+00,
        5.14606490e+00,  1.05342791e+01, -3.89526803e-01,  1.45577518e+01,
        4.14548673e+00,  4.90634959e+00, -4.05745145e+00, -1.01574726e+01,
        5.67833248e+00, -5.61128742e+00,  1.28011797e+01,  1.29213456e+00,
       -6.17749055e+00,  4.90154428e+00,  1.47072020e+00,  6.51678676e+00,
        7.36969647e+00, -8.17094389e+00,  4.98096223e+00, -1.88039361e+00,
        9.81711545e+00,  1.22687358e+01,  1.30138503e+01,  2.07523048e+01,
       -7.69274051e+00,  3.53007025e+00,  2.68010231e+00,  3.72486451e+00,
        3.08040393e-01, -1.00965539e+01, -5.84178160e+00,  2.03561733e+01,
        2.85884200e+00,  8.44659032e+00, -7.33427370e+00,  6.01518435e+00,
       -3.04173720e+00, -1.10352702e+01,  3.31507110e+00,  1.27026140e+01,
       -5.97810799e+00,  9.78718997e+00,  1.61814753e+00,  4.17294709e+00,
        2.30934025e-01, -4.05927884e+00, -4.63196068e+00,  1.11691461e+01,
        6.85582443e+00,  4.47860209e+00, -1.13230450e+01,  8.03943562e+00,
       -6.75391633e-01,  1.44044739e+01,  3.51180704e+00,  1.07423081e+01,
        1.51480577e+01,  5.27664523e+00,  3.63446506e+00, -6.24194304e+00,
       -1.86454780e+00,  6.26894128e+00, -3.16360365e+00,  4.79503129e+00,
        3.56890729e+00,  1.66068365e+00,  1.26251068e+01,  5.29693760e-01,
       -4.89046974e+00, -7.47106511e-01,  5.33137503e+00,  8.48468211e+00,
       -1.93819176e+01, -7.23215985e+00, -8.12764088e+00, -2.21884280e+00,
       -4.57023686e+00, -1.12574887e+01, -3.95354182e+00, -1.17267782e+01,
        8.18191575e+00,  5.20684779e+00,  4.03462644e+00, -5.14378149e+00,
       -2.70210208e+00, -2.62343472e+00, -5.15961659e-01,  2.93185798e+00,
       -5.95106805e+00, -1.41608671e+01, -2.48344400e+00, -2.21143519e+01,
        1.42236162e+00,  2.40587342e+00, -2.20585599e+00, -6.32291618e+00,
        1.40332198e+00,  2.64957247e+00,  1.13653961e+01,  2.12596537e+01,
        6.47656922e+00, -5.34664764e+00,  9.56362733e+00, -2.86564554e+00,
        1.68336840e+01,  3.24123129e+00,  1.09405753e+01, -7.40787288e+00,
        7.50957722e+00, -1.19997063e+01,  4.24814901e+00,  7.97028716e+00,
        3.76980955e+00, -4.73082776e+00, -2.86436287e+00,  7.86738268e+00,
        7.55790471e-01,  6.99923044e+00, -3.00371208e+00, -3.82586930e+00,
       -1.66284779e+00, -7.66602648e+00,  1.53726756e+00,  2.08638114e+01,
        4.18765429e+00,  9.56983619e+00,  8.38031021e-01,  1.76480176e+01,
       -1.02924468e+01, -6.95831741e+00,  1.82065320e+00,  9.40811189e+00,
        6.09327617e+00,  9.92747740e+00,  9.18326462e+00, -5.56486462e-01,
        8.49190550e-01,  2.67846205e+00, -2.35774923e-01, -9.50234372e+00,
       -6.02948323e+00,  1.07815085e+01,  1.39671267e+00,  9.70795120e+00,
        3.05064968e+00,  2.83229757e+00,  2.10280640e+00,  2.72379179e-01,
       -1.22918872e+01, -1.84343443e+01,  6.72035704e+00, -4.37757350e+00,
        3.19042047e+00,  6.73562493e+00,  3.09313131e+00,  9.53070490e+00,
       -2.66510346e+00, -7.26380782e+00, -1.10807496e+01,  9.85669563e+00,
        3.11409754e+00,  1.33214756e+00,  9.62193741e+00,  1.22869797e+01,
        4.18928551e+00,  2.37846183e+00, -4.54804671e+00,  9.15064700e+00,
        1.39405238e+01, -5.73200029e+00,  2.29250302e+01,  8.51338350e+00,
       -6.13044680e+00, -9.94405261e+00,  5.56036672e+00, -7.11801186e+00,
       -3.58835147e+00,  1.00870790e+01, -3.53664178e+00,  8.23864204e+00,
        7.29875162e+00,  1.19852361e+01,  3.68620915e+00,  6.71005683e-01,
       -8.04665212e+00,  8.69834609e+00, -1.17110784e+00, -5.66868427e+00,
       -1.16316072e+01,  3.97316035e+00,  2.07264176e+01, -3.75553747e+00,
       -3.26256134e-02,  4.59177402e+00, -1.08593708e+01,  1.38000191e+01,
       -2.40856548e+00,  5.28130411e+00, -3.13160802e+00, -1.27395989e+00,
       -4.28244635e-01,  1.31343448e+01, -6.16392604e+00,  3.05985052e+00,
        2.98299360e+00, -1.19232652e+01, -9.69383324e+00, -2.28490530e+00,
       -1.39886974e+01,  1.24207370e+01, -9.34669589e+00,  5.83994076e+00,
       -1.63483292e+00, -5.91388360e+00, -9.91902592e-01,  1.48677647e+01,
        1.01975636e+00, -2.14572996e-01, -9.93059962e+00,  1.08648068e+00,
        1.15585089e+01,  9.79813219e+00, -3.66444103e+00,  1.81798010e+01,
       -5.50277024e+00,  3.12066878e+00,  5.45169755e+00,  1.65748362e+01,
       -1.06568242e+00,  9.05297274e+00,  6.81464910e+00, -2.40878579e+00,
       -6.56762359e+00, -1.14061982e+01,  8.19748866e+00, -6.64630277e+00,
       -3.74502454e+00,  5.06244917e+00,  2.91118924e+00, -2.26838108e+00,
        3.85022546e+00,  7.65140077e+00,  1.79080969e+00,  1.42812631e+01,
        1.64775424e+01,  2.11929357e+01, -1.47683308e+00, -1.15198632e+01,
       -1.36241983e+01, -1.38540447e+01, -1.20197917e+01,  1.47382102e+01,
        8.13175808e+00,  1.46156238e+00, -6.37910536e-01, -2.14656652e+00,
       -3.93137531e+00, -1.04567833e+01,  2.46662180e+00,  7.19033479e+00,
        9.25255328e-02, -5.01082966e+00, -4.37415430e+00,  7.29763182e+00,
       -6.25749588e+00,  4.61184380e+00,  8.50376525e+00, -5.38390406e+00,
        2.42837231e+00, -3.17595903e+00, -8.37465972e+00,  1.50285228e+01,
       -5.14978231e+00, -1.07374855e+00,  6.14063345e+00, -2.88688856e+00,
       -1.67267784e+00, -8.45175894e+00,  1.50366821e+01, -2.46405700e+00,
        4.05884318e+00, -9.94340882e+00,  1.32080037e+01, -4.70339483e+00,
       -1.37738674e+00, -2.69728557e+00,  8.29515334e+00, -1.06473762e+01,
       -3.56967871e+00,  2.14413908e+01,  1.48774231e+01,  1.37872060e+01,
       -1.09288230e+00, -5.78601318e+00,  8.52083214e+00,  8.86444724e+00,
        6.94300241e-01,  2.34911545e+00,  6.73607940e+00,  4.29274793e+00,
       -1.03611277e+01,  3.77075390e+00,  1.37013148e+01,  1.11803284e+00,
       -2.80754331e+00, -5.51487200e+00,  2.42927961e+00, -4.31246937e-01,
        7.86305928e+00, -2.21088307e+00, -6.06079191e+00, -9.59661285e+00,
       -9.10769529e+00, -6.04241254e+00, -5.91865385e+00,  6.75179545e+00,
        3.29369998e+00, -9.97848418e+00, -3.89505676e+00, -2.35726167e+00,
        1.75903595e+01, -2.13459594e+00,  7.79069122e+00,  5.93961866e-01,
       -1.07041389e+01, -6.10258893e+00,  1.00175937e+01,  5.64155888e+00,
        1.01253028e+01,  1.27477986e+01, -7.20663429e+00,  7.44175207e+00,
        1.13177880e+00, -9.23631637e+00,  1.16788590e+01, -8.72817554e-01,
        8.85307074e+00,  1.68636794e+00,  7.90176781e+00, -4.87675044e+00,
       -1.52831701e+01,  8.60231052e+00,  4.66628570e+00,  1.73155355e+00,
        1.30438992e+01, -1.40363264e+01, -1.93275070e+01, -1.72674688e+01,
        1.96943804e+01, -2.81058227e+00, -8.45930312e+00,  1.58613803e+00,
        8.48596267e+00,  1.28960221e+01,  4.52892111e+00,  3.88730564e+00,
        1.92316564e+01,  1.04998294e+01, -6.66563320e+00, -1.86504103e+00,
        1.27227246e+01,  7.31892341e+00,  1.32941539e+00, -6.74596451e-01,
       -1.84017104e+00, -7.63832557e+00, -1.12556607e+01, -4.97640365e+00,
       -5.41021357e-01,  9.16982566e-01, -1.24065760e+01,  2.76694501e+00,
        8.94359493e+00, -4.15131455e+00, -9.78038677e+00,  1.31080472e+01,
        3.44433013e+00,  6.52335370e+00, -1.24729619e+00, -1.54721899e+00,
        7.37750529e+00,  7.33094071e+00,  2.46693380e+00, -1.94981254e+00,
       -5.01905955e+00, -4.02279143e+00,  7.99431518e-01, -1.93940098e+00,
       -7.41312865e+00, -1.05511521e+00, -2.29485118e+00, -1.83665992e+01,
        1.24832308e+01,  1.86158504e+01, -1.97429415e+00,  3.06030083e+00]), 'fs_0 - beta_shared': array([-7.21841992e-06, -5.13008443e-04, -1.68570430e-04, -9.43733575e-05,
        2.11597830e-04,  1.43057793e-04]), 'fs_0 - beta(p=7,n=3)': array([[-7.21738733e-06, -5.13010349e-04, -1.68568311e-04,
        -9.43717043e-05,  2.11595292e-04,  1.43056673e-04],
       [-7.20412592e-06, -5.13004900e-04, -1.68575133e-04,
        -9.43752869e-05,  2.11605594e-04,  1.43058887e-04],
       [-7.21723556e-06, -5.13001841e-04, -1.68573283e-04,
        -9.43766539e-05,  2.11602887e-04,  1.43059544e-04],
       ...,
       [-7.20045227e-06, -5.13003696e-04, -1.68577307e-04,
        -9.43713423e-05,  2.11603882e-04,  1.43058431e-04],
       [-7.21624974e-06, -5.13005458e-04, -1.68572989e-04,
        -9.43714183e-05,  2.11595331e-04,  1.43054807e-04],
       [-7.21467216e-06, -5.12966310e-04, -1.68555915e-04,
        -9.43687427e-05,  2.11583604e-04,  1.43050753e-04]]), 'fs_1 - beta_shared': array([ 2.82409726e-03,  2.19527483e-03, -3.75391700e-04,  6.35499081e-03,
       -4.78722742e-03,  5.46841483e-03, -6.23855982e-03,  1.21891789e-03,
       -4.43108366e-03, -2.06469496e-03, -1.37173137e-03, -2.24990393e-03,
       -5.54587095e-04, -7.69154695e-04, -7.62210901e-04,  7.34771425e-05,
       -1.30917997e-03,  5.87435368e-04, -2.31356736e-03,  4.74497979e-04]), 'fs_1 - beta(p=365.25,n=10)': array([[ 0.00282407,  0.00219524, -0.00037537, ...,  0.00058746,
        -0.0023136 ,  0.00047448],
       [ 0.00282417,  0.00219537, -0.00037545, ...,  0.00058742,
        -0.00231357,  0.00047452],
       [ 0.00282415,  0.00219533, -0.0003754 , ...,  0.00058744,
        -0.00231357,  0.00047452],
       ...,
       [ 0.00282419,  0.00219538, -0.00037543, ...,  0.0005874 ,
        -0.00231358,  0.0004745 ],
       [ 0.00282408,  0.00219525, -0.00037536, ...,  0.00058745,
        -0.00231359,  0.00047448],
       [ 0.00282471,  0.00219473, -0.00037572, ...,  0.00058748,
        -0.00231328,  0.00047445]])}"
