,0
0,"{'lt_0 - slope': array([1.60758172, 1.54410593, 1.441698  , 1.59973059, 1.36189966,
       1.48016036, 1.73470675, 1.7313508 , 1.53828037, 1.19810406,
       1.66505092, 1.59025164, 1.62652882, 1.53543476, 1.15226268,
       1.78350519, 1.60815332, 1.70498338, 1.53273319, 1.16863531,
       1.6576285 , 1.77169954, 1.45411992, 1.67533526, 1.65424376,
       1.6324318 , 1.40658878, 1.68543817, 1.58437258, 1.51852381,
       1.54186778, 1.66557195, 1.72484031, 1.32491492, 1.53417371,
       1.54437544, 1.70866103, 1.57478949, 1.47101845, 1.62048232,
       1.66107991, 1.50748878, 1.75828694, 1.60610491, 1.42072621,
       1.69668241, 1.68865778, 1.26969265, 1.74669095, 1.71621003,
       1.61419003, 1.42906548, 1.2126936 , 1.55042198, 1.51280417,
       1.31778817, 1.46216671, 1.66230815, 1.53555886, 1.36038243,
       1.72790276, 1.67329553, 1.61943474, 1.58132776, 1.37318864,
       1.63911433, 1.54298338, 1.35455777, 1.51804172, 1.35545696,
       1.84548818, 1.73758861, 1.67284162, 1.70726134, 1.55096526,
       1.59002509, 1.67697721, 1.72845256, 1.14510449, 1.54585463,
       1.47225169, 1.48387637, 1.48029812, 1.22227214, 1.78936537,
       1.70146986, 1.79475467, 1.62057786, 1.72548   , 1.58848035,
       1.04129798, 1.08737016, 1.62005811, 1.25377107, 1.31147654,
       1.58150782, 1.20245211, 1.63923474, 1.80551766, 1.5294651 ,
       1.6099468 , 1.69739   , 1.66557027, 1.50210633, 1.68562068,
       1.59531844, 1.19573393, 1.66606453, 1.33694978, 1.61610818,
       1.74534351, 1.25166813, 1.64055723, 1.19941018, 1.43203797,
       1.49737634, 1.69004883, 1.76823491, 1.69707506, 1.22769277,
       1.62564052, 1.3001244 , 1.10577466, 1.56639523, 1.37085202,
       1.35960831, 1.59469201, 1.69908796, 1.19795791, 1.54360743,
       1.60826167, 1.62554754, 1.48954444, 1.72548127, 1.46283114,
       1.65499216, 1.44828021, 1.56001826, 1.59966408, 1.65263757,
       1.6931745 , 1.63191951, 1.55288045, 1.47162981, 1.54645264,
       1.12347528, 1.68664237, 1.67771616, 1.15982253, 1.47080592,
       1.56179275, 1.77006176, 1.57257988, 1.63223088, 1.51403737,
       1.37502526, 1.61540498, 1.32304634, 1.15302653, 1.35737628,
       1.51918288, 1.51908495, 1.40839552, 1.70670868, 1.45977269,
       1.09596879, 1.54085769, 1.71870379, 1.40833516, 1.56019263,
       1.57404371, 1.62587142, 1.72997174, 1.7141192 , 1.69978873,
       1.6871794 , 1.73579713, 1.38225267, 1.46960768, 1.21305101,
       1.50013871, 1.46195978, 1.64976068, 1.47555126, 1.00128999,
       1.72034746, 1.55894708, 1.45837528, 1.62273173, 1.37705929,
       1.35459966, 1.57787056, 1.57779288, 1.79032196, 1.67323322,
       1.32810776, 1.28791859, 1.21950446, 1.24456109, 1.77373848,
       1.23028583, 1.68424415, 1.64150042, 1.07505441, 1.36745269,
       1.80377546, 1.74522948, 1.41279621, 1.71328122, 1.46888225,
       1.14313862, 1.552886  , 1.38349196, 1.54267151, 1.70808099,
       1.4187418 , 1.56283827, 1.51673827, 1.43697399, 1.7247722 ,
       1.70349509, 1.7339371 , 1.59539922, 1.51836718, 1.31837617,
       1.3225248 , 1.48267989, 1.70833327, 1.78945538, 1.80076262,
       1.13103367, 1.27564429, 1.80847959, 1.56016528, 1.58703642,
       1.75560351, 1.50179373, 1.37444179, 1.47092746, 1.6285676 ,
       1.61924212, 1.34408867, 1.38581385, 1.70741406, 1.61677016,
       1.6352764 , 1.69243565, 1.60448901, 1.61939735, 1.77756561,
       1.42062276, 1.65618021, 1.50488212, 1.6614612 , 1.70986413,
       1.53618254, 1.66320685, 1.80710915, 1.65845047, 1.18620406,
       1.39242054, 1.59695257, 1.53870974, 1.57755479, 1.67863418,
       1.54927217, 1.32159894, 1.64377129, 1.60356819, 1.27380447,
       1.59864195, 1.74433079, 1.54837771, 1.6625833 , 1.0805723 ,
       1.69610019, 1.46215514, 1.41670664, 1.67381247, 1.81020226,
       1.67525012, 1.58170152, 1.60147909, 1.42303249, 1.42165218,
       1.84272416, 1.42876982, 1.56764337, 1.51270218, 1.75425389,
       1.7533168 , 1.71271068, 1.29732576, 1.69255884, 0.99235364,
       1.63667329, 1.50431881, 1.63742658, 1.42771423, 1.73169493,
       1.70335503, 1.55749767, 1.60887067, 1.59448798, 1.67750288,
       1.25015495, 1.26937199, 1.66374604, 1.58478986, 1.70248223,
       1.62225632, 1.51059508, 1.75785251, 1.13376343, 1.37858687,
       1.75890377, 1.44004766, 1.49597025, 1.73062606, 1.63486918,
       1.38284079, 1.19932402, 1.46869348, 1.77501331, 1.68049987,
       1.60271071, 1.51220276, 1.53146825, 1.78447582, 1.60739545,
       1.71981571, 1.12626437, 1.64633418, 1.81507686, 1.70069678,
       1.06595178, 1.2462315 , 1.54310935, 1.31809904, 1.34408277,
       1.56085402, 1.7622228 , 1.50362112, 1.5730485 , 1.4314241 ,
       1.61687519, 1.5457763 , 1.74314736, 1.38462409, 1.20725788,
       1.73638743, 1.44226135, 1.77044446, 1.61545717, 1.26824877,
       1.71364063, 1.54897841, 1.17301996, 1.5040932 , 1.55143421,
       1.54098371, 1.67363083, 1.58866329, 1.55314482, 1.60533363,
       1.60529845, 1.38733209, 1.60236868, 1.73907795, 1.42985838,
       1.11135426, 1.66854003, 1.6665154 , 1.16957082, 1.34551068,
       1.33428128, 1.63956783, 1.62249979, 1.66795704, 1.38789637,
       1.23007418, 1.66796065, 1.66552014, 1.60642819, 1.37431075,
       1.25684991, 1.4112693 , 1.625085  , 1.26872767, 1.51517509,
       1.64064466, 1.812065  , 1.59336715, 1.18177444, 1.58547848,
       1.54539206, 1.77626913, 1.78955095, 1.60088549, 1.72309993,
       1.32626669, 1.50650506, 1.69838131, 1.16334225, 1.55220585,
       1.35590713, 1.65335246, 1.46581387, 1.63169407, 1.58664993,
       1.61902171, 1.68205004, 1.21387573, 1.67626826, 1.54899449,
       1.6565426 , 1.40179554, 1.79311425, 1.37928383, 1.29351517,
       1.34401152, 1.50000696, 1.0625602 , 1.61473941, 1.30912469,
       1.1557145 , 1.58584592, 1.36681919, 1.61710039, 1.29658711,
       1.72822803, 1.15047678, 1.18919917, 1.53705402, 1.57247391,
       1.58006287, 1.7032417 , 1.2770759 , 1.63130914, 1.65245182,
       1.68717822, 1.41740213, 1.76737542, 1.20515258, 1.46812521,
       1.25071797, 1.56855383, 1.45224769]), 'lt_0 - intercept': array([-0.61161659, -0.55239395, -0.4470183 , -0.60494491, -0.35145486,
       -0.46730463, -0.72950366, -0.72851007, -0.54119247, -0.19032978,
       -0.66467517, -0.59971152, -0.61436611, -0.53397319, -0.16009287,
       -0.79050703, -0.60805349, -0.70519014, -0.51950226, -0.16272434,
       -0.65986665, -0.7741264 , -0.4537705 , -0.68088237, -0.65248976,
       -0.6409593 , -0.4289701 , -0.68717285, -0.57900505, -0.50183369,
       -0.54669344, -0.67177054, -0.72979961, -0.33227361, -0.54537525,
       -0.53779592, -0.71015562, -0.58530627, -0.44734009, -0.61862178,
       -0.66004895, -0.51117045, -0.74994081, -0.6009843 , -0.4156645 ,
       -0.6984335 , -0.68416534, -0.26516045, -0.74888124, -0.71852117,
       -0.62175558, -0.41676198, -0.20861955, -0.55257929, -0.50477022,
       -0.32006285, -0.45190736, -0.67106535, -0.54999833, -0.35878078,
       -0.73370685, -0.67113578, -0.61780439, -0.5940144 , -0.36140146,
       -0.63886197, -0.5460805 , -0.34566   , -0.51951787, -0.34200234,
       -0.84829393, -0.7360613 , -0.68101048, -0.70551447, -0.55163322,
       -0.59355349, -0.67532286, -0.72744483, -0.14619192, -0.55820779,
       -0.46351123, -0.48761074, -0.4683138 , -0.22363298, -0.78598571,
       -0.70841823, -0.79275502, -0.63237567, -0.72134174, -0.58818393,
       -0.0322262 , -0.08985536, -0.61472214, -0.24655713, -0.31252861,
       -0.58484897, -0.209163  , -0.63486176, -0.8049978 , -0.51991198,
       -0.60827959, -0.69413133, -0.67265639, -0.50783911, -0.67818846,
       -0.60224263, -0.18490365, -0.67164645, -0.3484957 , -0.61437857,
       -0.74707215, -0.24802002, -0.63847055, -0.1945946 , -0.41810282,
       -0.50123859, -0.69303506, -0.77331549, -0.69711659, -0.24039619,
       -0.62363108, -0.3054665 , -0.10633298, -0.56358549, -0.37275806,
       -0.35558338, -0.59568738, -0.70814555, -0.19511446, -0.54944533,
       -0.60883024, -0.62214666, -0.48219244, -0.72757452, -0.46732972,
       -0.65534559, -0.43216822, -0.56047175, -0.5960654 , -0.64580866,
       -0.68871384, -0.62297868, -0.55399353, -0.46711099, -0.54376554,
       -0.12549429, -0.68904706, -0.67822452, -0.16823008, -0.46867207,
       -0.5681552 , -0.7675813 , -0.57706191, -0.63413298, -0.51655532,
       -0.38494415, -0.61428068, -0.31033383, -0.14385833, -0.36564132,
       -0.53002317, -0.52536022, -0.39666814, -0.69829184, -0.4527059 ,
       -0.09237157, -0.54064036, -0.71903696, -0.39832761, -0.56531602,
       -0.57694886, -0.62923677, -0.72534365, -0.72181238, -0.70591273,
       -0.69144838, -0.73969953, -0.3680183 , -0.47040973, -0.22005688,
       -0.49234242, -0.46069264, -0.65839569, -0.47681043, -0.00905071,
       -0.7316413 , -0.55478878, -0.47141528, -0.64072598, -0.36550923,
       -0.36137873, -0.5737135 , -0.57824851, -0.7889128 , -0.67183492,
       -0.32351902, -0.29260749, -0.21290695, -0.24227793, -0.78186102,
       -0.23215498, -0.68189762, -0.63263282, -0.07757514, -0.37011116,
       -0.79616785, -0.75327899, -0.39681152, -0.71233017, -0.46997416,
       -0.14610861, -0.55264808, -0.36688622, -0.54593741, -0.71420163,
       -0.41217189, -0.56647373, -0.50772354, -0.43066529, -0.72342552,
       -0.7046169 , -0.7405445 , -0.60387868, -0.53258175, -0.31623199,
       -0.32365152, -0.48096668, -0.70277803, -0.79499587, -0.7975379 ,
       -0.12448625, -0.27444361, -0.80515872, -0.54626098, -0.5879061 ,
       -0.77067369, -0.49515726, -0.36717865, -0.46104979, -0.63399082,
       -0.61871522, -0.34610635, -0.39278299, -0.71079123, -0.62549435,
       -0.62482707, -0.69699407, -0.600877  , -0.61770813, -0.77997727,
       -0.40936899, -0.65289313, -0.52079331, -0.66141316, -0.70288166,
       -0.53443208, -0.66777573, -0.80687962, -0.65692914, -0.19408445,
       -0.3859435 , -0.5997799 , -0.52910119, -0.57689569, -0.68217953,
       -0.55200713, -0.31624575, -0.63443695, -0.61221426, -0.27800688,
       -0.59560152, -0.74414816, -0.5600964 , -0.668474  , -0.08907479,
       -0.70850243, -0.45531629, -0.41778231, -0.68638425, -0.81261401,
       -0.66350119, -0.58033385, -0.61284376, -0.43448834, -0.42116691,
       -0.84232802, -0.42304974, -0.57610866, -0.52439309, -0.74717877,
       -0.74037953, -0.71638995, -0.30205436, -0.69923068, -0.00332611,
       -0.65660815, -0.50913735, -0.65291337, -0.4167986 , -0.73572818,
       -0.69806532, -0.54825558, -0.61457956, -0.6002738 , -0.66410619,
       -0.25658912, -0.2719711 , -0.66245773, -0.593445  , -0.70545678,
       -0.6215269 , -0.51878577, -0.75910073, -0.14151925, -0.38842239,
       -0.7598529 , -0.44805722, -0.494185  , -0.72584127, -0.63674363,
       -0.375715  , -0.199944  , -0.45525099, -0.76702869, -0.68154365,
       -0.61342553, -0.5126793 , -0.52060373, -0.78380725, -0.59597025,
       -0.70756368, -0.12982591, -0.65181594, -0.81355771, -0.7041065 ,
       -0.07050728, -0.25290719, -0.54470904, -0.31681944, -0.34866763,
       -0.55999094, -0.75688801, -0.49298305, -0.58020524, -0.43597084,
       -0.62432109, -0.5672389 , -0.74593962, -0.38766095, -0.20755741,
       -0.74076961, -0.42791049, -0.76893604, -0.60976306, -0.27374987,
       -0.70363986, -0.55372543, -0.16382197, -0.49774711, -0.55123582,
       -0.54078958, -0.66543536, -0.58686626, -0.56955296, -0.59788091,
       -0.60536735, -0.37617838, -0.5977045 , -0.75278317, -0.43362271,
       -0.11232817, -0.6670067 , -0.66712595, -0.17435019, -0.35573117,
       -0.33185244, -0.6377011 , -0.62444994, -0.66250364, -0.38456077,
       -0.22741829, -0.66903396, -0.67097373, -0.6116099 , -0.38340279,
       -0.24974762, -0.39262572, -0.63106473, -0.27567309, -0.52153348,
       -0.64256587, -0.81477732, -0.59457173, -0.19212076, -0.58667955,
       -0.54231963, -0.78225465, -0.79022446, -0.60998649, -0.71206213,
       -0.32370671, -0.49477216, -0.69075255, -0.15906911, -0.54581899,
       -0.36334624, -0.66358058, -0.47815324, -0.63085713, -0.58507827,
       -0.62802224, -0.68396113, -0.20183013, -0.69016732, -0.55326033,
       -0.65445702, -0.40826096, -0.80558338, -0.36822846, -0.28430461,
       -0.33393331, -0.49244143, -0.06294298, -0.61697047, -0.31417792,
       -0.16001284, -0.58154859, -0.3633656 , -0.61843558, -0.29203064,
       -0.72927832, -0.15167449, -0.18820642, -0.54355878, -0.58170405,
       -0.58015565, -0.71772212, -0.26953365, -0.62738116, -0.66003954,
       -0.69012697, -0.40626963, -0.77022609, -0.20159128, -0.46984114,
       -0.2494108 , -0.57866086, -0.44498843]), 'fs_0 - beta(p=7,n=3)': array([[ 9.04505689e-04,  1.46886482e-04, -3.74122215e-04,
         9.96277437e-04, -7.40604325e-04, -4.38831830e-04],
       [ 5.51651472e-04, -4.20488934e-04,  4.28315823e-04,
         2.57544167e-04,  5.77016036e-05,  3.01265667e-04],
       [-6.71100592e-04,  4.34389357e-04, -7.72565663e-04,
         1.32667290e-04, -4.13261633e-04, -4.85217642e-04],
       ...,
       [ 5.99472253e-04, -3.77480674e-04, -1.18234153e-04,
         7.01754272e-04, -5.12148660e-04, -2.61299221e-04],
       [ 9.26306796e-04,  7.87493017e-04, -4.59031768e-04,
         1.15027647e-03, -7.01353375e-04, -2.71704501e-04],
       [ 1.17380290e-03, -7.68525693e-05,  2.45524277e-04,
         2.64072456e-04, -1.45378602e-04, -2.02497548e-04]]), 'fs_1 - beta(p=365.25,n=10)': array([[ 4.37737071e-02, -1.47751483e-03, -1.14065801e-02, ...,
         2.02841157e-03,  2.76686328e-03,  3.07045892e-04],
       [ 4.13281645e-02, -2.97692555e-03, -1.17691241e-02, ...,
        -2.87744316e-03, -2.18326088e-04,  6.08092857e-03],
       [ 4.01168512e-02, -7.62966075e-03, -7.52554761e-03, ...,
        -3.38477306e-03,  2.18667625e-03, -1.19399953e-02],
       ...,
       [ 4.10365045e-02, -1.47537201e-02,  1.67099493e-03, ...,
        -1.29106836e-03,  4.24141947e-03, -6.29138391e-03],
       [ 4.25565098e-02, -2.62796313e-03, -1.07485600e-02, ...,
         3.70770726e-03, -4.88947700e-03, -3.23298351e-03],
       [ 4.30215741e-02, -7.19983153e-03, -5.45020141e-03, ...,
         3.12492827e-03,  8.75238149e-05,  1.00186935e-03]]), 'sigma_log__': array([-4.66870944, -4.74159527, -4.22526485, -4.46882596, -4.1761282 ,
       -4.6723983 , -4.93130496, -4.95276043, -4.72764369, -5.10086645,
       -5.35715432, -4.87057643, -5.21394224, -4.86685357, -4.57627755,
       -5.02417562, -4.64282116, -4.96729687, -4.61795429, -4.40324069,
       -4.60824143, -4.89837695, -4.17157811, -4.89148711, -4.88955826,
       -4.94986971, -4.34342156, -4.66138014, -4.07898715, -4.53054696,
       -4.59609384, -4.74339424, -5.30698332, -4.33693331, -4.65075706,
       -4.43249235, -5.00540539, -4.82240162, -4.41515481, -4.31672114,
       -4.50399234, -4.42477897, -5.14049013, -5.0320411 , -4.45084536,
       -4.67136028, -5.23330358, -4.01605982, -4.98260756, -4.62950735,
       -4.84731856, -4.91814114, -4.90702697, -4.67538278, -4.42486565,
       -4.75007922, -4.09885843, -4.71239631, -4.67744437, -4.23329143,
       -4.89917649, -4.59849528, -5.14815581, -4.35907488, -4.14178118,
       -4.73422448, -4.53355497, -4.07975668, -4.4224578 , -4.19040878,
       -5.28241144, -5.27578963, -4.75238267, -4.7580106 , -4.74449071,
       -5.00234875, -4.82309239, -4.78200891, -4.44013113, -4.69776328,
       -4.58151409, -4.81641916, -4.12977919, -4.17454501, -5.52466973,
       -4.91559362, -5.15630787, -4.54684463, -4.77711695, -4.58459314,
       -5.15473277, -4.51760752, -5.16027709, -4.23668439, -4.35284981,
       -4.42191827, -4.611347  , -4.65032727, -5.2946772 , -4.48984505,
       -4.57343528, -4.87819027, -4.74670181, -4.09496975, -5.01488085,
       -4.48849693, -4.65980442, -4.85142336, -4.82323753, -5.22426904,
       -4.88003957, -4.0320236 , -4.48213826, -4.9496505 , -4.3193638 ,
       -4.16919218, -4.88722559, -5.39176314, -5.14993222, -4.59997502,
       -4.15902017, -4.34425646, -5.14359229, -5.04057335, -4.74884345,
       -4.43348557, -4.287133  , -4.89906881, -4.78498961, -4.87799315,
       -4.49820056, -4.70476438, -4.78687557, -5.00813687, -4.74125241,
       -4.64035749, -4.25301471, -4.49627152, -4.40784091, -5.19737382,
       -5.00793951, -5.14914273, -4.81624419, -4.14890124, -4.77412116,
       -5.06157805, -5.38244784, -4.43870182, -4.11914354, -4.63586524,
       -4.47707686, -4.99724394, -4.60497601, -4.53992513, -4.393462  ,
       -4.28294664, -4.66545425, -4.47343287, -4.72466777, -4.16842966,
       -4.25393288, -4.05810775, -4.51161787, -4.97551662, -4.08268771,
       -4.5041916 , -4.52497268, -5.23781854, -4.38315608, -4.40538648,
       -4.50201199, -4.20766047, -4.93597635, -4.95243487, -4.93698585,
       -4.54625216, -5.07946236, -4.15932332, -4.67408711, -4.16668969,
       -4.10346309, -4.40885651, -4.5379156 , -4.19028279, -4.89532297,
       -4.83522718, -4.32818219, -4.3032331 , -4.8233363 , -4.1901221 ,
       -4.4678821 , -4.35856003, -4.33625865, -5.04379295, -5.09370418,
       -3.98708704, -4.79413534, -4.03818726, -4.48102406, -5.09280185,
       -4.39360284, -4.33263998, -5.00633192, -5.0485063 , -4.05250494,
       -5.17828461, -5.11339312, -4.40964249, -5.09649677, -4.33164263,
       -4.60778113, -4.91624067, -4.69818116, -4.42437509, -4.37465981,
       -4.01497575, -4.3231158 , -4.29118838, -4.33520656, -5.22626593,
       -5.00376021, -4.75286839, -4.69225886, -4.72522094, -3.95217489,
       -4.1702705 , -4.41284296, -5.08223521, -4.72511236, -5.25884411,
       -4.5148998 , -4.50295826, -5.15955602, -4.29068248, -4.57233902,
       -4.86774471, -4.43352403, -4.32517039, -4.35285531, -4.80925904,
       -4.68975564, -4.31184878, -4.24322114, -4.57579117, -4.89659519,
       -4.81457846, -4.74043806, -4.72915669, -5.05545608, -5.32691103,
       -4.53986889, -4.41364474, -4.68552664, -4.65581618, -4.99066413,
       -4.42877801, -4.67451243, -5.15986669, -4.62108914, -4.22652491,
       -4.14179187, -4.80232532, -4.65240388, -4.54679297, -5.10410009,
       -4.63503448, -4.3613693 , -4.54701422, -4.45232814, -4.45462958,
       -4.44677356, -4.86070156, -4.30744629, -5.22887737, -4.81094932,
       -4.70774783, -4.43032975, -4.32050815, -4.68298612, -4.94978602,
       -4.84675877, -4.24243222, -5.05296352, -4.17033871, -4.75059114,
       -5.06554706, -4.64445736, -4.35826037, -4.18540759, -5.41088433,
       -4.87632149, -4.67229628, -3.91600156, -4.97054103, -4.77416959,
       -4.97571208, -4.34761966, -4.69882965, -4.55172893, -5.35568101,
       -4.8510789 , -4.64137019, -4.96068521, -4.90640842, -4.95498305,
       -4.14014996, -4.4790068 , -4.91919496, -4.30087023, -4.81570114,
       -4.57973051, -4.24933408, -5.55729405, -4.42008816, -4.89630439,
       -4.97267461, -4.43166299, -4.2325417 , -4.990595  , -4.93683963,
       -3.9797519 , -4.50517099, -4.22876119, -5.05344684, -5.24202454,
       -4.29638123, -4.32698492, -5.10926239, -5.1500429 , -4.96928793,
       -5.20097393, -4.49977671, -4.8164275 , -5.32903017, -4.83835711,
       -4.88983993, -4.2695721 , -4.71627944, -4.64609764, -4.43560775,
       -4.50833152, -4.94953893, -4.61221883, -4.48223066, -3.88905177,
       -4.89847412, -4.22482798, -5.1411711 , -4.23655271, -4.55024772,
       -4.94408241, -4.14796892, -4.88556191, -4.51504739, -4.35729742,
       -5.081559  , -4.83587285, -4.61278014, -4.65183183, -4.41802486,
       -4.48014913, -5.08270845, -4.54228076, -4.87437821, -4.93597157,
       -4.9949659 , -4.5438303 , -5.19662937, -4.83936056, -4.29741144,
       -4.42525328, -4.83909423, -4.29028747, -4.33474217, -3.9392566 ,
       -3.88085946, -4.73062115, -4.7137213 , -4.87657927, -4.40637568,
       -4.81003442, -4.73765271, -4.50420847, -4.51264484, -4.25229182,
       -4.4638437 , -4.28275292, -4.6287838 , -4.29045344, -4.23100878,
       -4.61504847, -5.39925417, -4.18063714, -4.50036044, -4.55708227,
       -4.39124124, -5.02926375, -4.9562101 , -4.10201765, -4.97459093,
       -4.31257286, -4.28935005, -5.10243115, -4.29899393, -4.2629279 ,
       -4.0103783 , -5.03633329, -4.50787734, -4.67724788, -4.4511985 ,
       -4.3788008 , -5.05833313, -4.17807869, -4.57007842, -4.47246967,
       -5.03224181, -4.36848182, -5.29844239, -4.33048454, -4.78387578,
       -4.40905424, -4.76628248, -4.5325703 , -4.72629216, -4.46249678,
       -4.43789256, -5.12642451, -5.09607308, -4.61376658, -4.22850037,
       -4.62021793, -4.30448127, -4.37811117, -4.51260009, -4.94255153,
       -4.33685467, -4.66795185, -4.1477551 , -5.13981751, -4.96457711,
       -4.84106491, -4.16818006, -5.04404664, -4.24538469, -4.36066717,
       -4.23172083, -4.44330348, -4.36930979]), 'sigma': array([0.00938437, 0.00872472, 0.01462146, 0.01146076, 0.01535786,
       0.00934982, 0.00721708, 0.00706388, 0.00884729, 0.00609147,
       0.0047143 , 0.00766894, 0.00544018, 0.00769755, 0.01029314,
       0.00657701, 0.00963049, 0.00696194, 0.00987297, 0.01223762,
       0.00996933, 0.00745868, 0.01542789, 0.00751025, 0.00752475,
       0.00708433, 0.012992  , 0.00945341, 0.0169246 , 0.01077478,
       0.01009118, 0.00870904, 0.00495686, 0.01307657, 0.00955437,
       0.01188483, 0.00670162, 0.00804744, 0.01209268, 0.01334356,
       0.01106473, 0.01197686, 0.00585482, 0.00652548, 0.0116687 ,
       0.00935953, 0.00533587, 0.01802384, 0.00685616, 0.00975957,
       0.0078494 , 0.00731271, 0.00739444, 0.00932196, 0.01197582,
       0.00865101, 0.01659161, 0.00898323, 0.00930276, 0.01450457,
       0.00745272, 0.01006697, 0.00581011, 0.01279021, 0.01589452,
       0.00878926, 0.01074242, 0.01691158, 0.01200469, 0.01514009,
       0.00508017, 0.00511392, 0.00863111, 0.00858267, 0.00869949,
       0.00672214, 0.00804188, 0.00837915, 0.01179439, 0.00911564,
       0.01023938, 0.00809572, 0.01608643, 0.01538219, 0.00398719,
       0.00733136, 0.00576294, 0.0106006 , 0.00842024, 0.0102079 ,
       0.00577202, 0.01091511, 0.00574011, 0.01445544, 0.01287008,
       0.01201117, 0.00993842, 0.00955847, 0.00501823, 0.01122238,
       0.01032244, 0.00761077, 0.00868028, 0.01665625, 0.00663842,
       0.01123752, 0.00946831, 0.00781724, 0.00804071, 0.00538429,
       0.00759671, 0.0177384 , 0.01130921, 0.00708589, 0.01330835,
       0.01546475, 0.00754232, 0.00455394, 0.0057998 , 0.01005209,
       0.01562286, 0.01298116, 0.00583668, 0.00647004, 0.00866171,
       0.01187303, 0.01374427, 0.00745352, 0.00835421, 0.00761228,
       0.011129  , 0.00905205, 0.00833847, 0.00668334, 0.00872771,
       0.00965425, 0.0142213 , 0.01115049, 0.01218145, 0.00553107,
       0.00668466, 0.00580438, 0.00809714, 0.01578175, 0.0084455 ,
       0.00633555, 0.00459656, 0.01181126, 0.01625843, 0.00969771,
       0.01136659, 0.00675654, 0.01000194, 0.01067421, 0.01235787,
       0.01380193, 0.00941497, 0.01140809, 0.00887366, 0.01547654,
       0.01420824, 0.01728169, 0.01098068, 0.00690495, 0.01686208,
       0.01106253, 0.01083501, 0.00531183, 0.01248589, 0.01221139,
       0.01108667, 0.01488114, 0.00718344, 0.00706618, 0.0071762 ,
       0.01060688, 0.00622325, 0.01561812, 0.00933404, 0.0155035 ,
       0.01651538, 0.01216909, 0.01069568, 0.015142  , 0.00748149,
       0.00794488, 0.01319151, 0.01352476, 0.00803992, 0.01514444,
       0.01147159, 0.0127968 , 0.01308539, 0.00644924, 0.00613525,
       0.01855368, 0.00827815, 0.0176294 , 0.01132181, 0.00614079,
       0.01235613, 0.01313283, 0.00669542, 0.00641891, 0.01737879,
       0.00563767, 0.00601564, 0.01215952, 0.00611814, 0.01314594,
       0.00997392, 0.00732662, 0.00911184, 0.0119817 , 0.01259243,
       0.01804339, 0.01325851, 0.01368865, 0.01309917, 0.00537355,
       0.00671266, 0.00862691, 0.00916596, 0.00886875, 0.01921287,
       0.01544808, 0.01212067, 0.00620602, 0.00886972, 0.00520131,
       0.0109447 , 0.01107618, 0.00574425, 0.01369558, 0.01033376,
       0.00769069, 0.01187258, 0.0132313 , 0.01287001, 0.0081539 ,
       0.00918893, 0.01340874, 0.01436126, 0.01029815, 0.00747198,
       0.00811064, 0.00873482, 0.00883392, 0.00637446, 0.00485906,
       0.01067481, 0.01211096, 0.00922787, 0.00950615, 0.00680115,
       0.01192906, 0.00933007, 0.00574247, 0.00984207, 0.01460305,
       0.01589435, 0.00821063, 0.00953864, 0.01060115, 0.0060718 ,
       0.00970577, 0.0127609 , 0.0105988 , 0.01165141, 0.01162463,
       0.01171631, 0.00774505, 0.0134679 , 0.00535954, 0.00814013,
       0.00902508, 0.01191056, 0.01329313, 0.00925135, 0.00708492,
       0.00785379, 0.01437259, 0.00639037, 0.01544703, 0.00864658,
       0.00631046, 0.00961475, 0.01280064, 0.015216  , 0.00446769,
       0.00762501, 0.00935077, 0.01992059, 0.00693939, 0.00844509,
       0.0069036 , 0.01293757, 0.00910593, 0.01054895, 0.00472125,
       0.00781994, 0.00964447, 0.00700812, 0.00739901, 0.0070482 ,
       0.01592046, 0.01134468, 0.00730501, 0.01355676, 0.00810154,
       0.01025766, 0.01427374, 0.00385921, 0.01203317, 0.00747415,
       0.0069246 , 0.01189469, 0.01451545, 0.00680162, 0.00717725,
       0.01869028, 0.0110517 , 0.01457043, 0.00638728, 0.00528954,
       0.01361775, 0.01320731, 0.00604054, 0.00579916, 0.00694809,
       0.00551119, 0.01111148, 0.00809566, 0.00484877, 0.00792006,
       0.00752263, 0.01398777, 0.00894841, 0.00959899, 0.01184786,
       0.01101683, 0.00708668, 0.00992976, 0.01130816, 0.02046474,
       0.00745795, 0.01462785, 0.00585083, 0.01445734, 0.01056459,
       0.00712545, 0.01579647, 0.00755488, 0.01094309, 0.01281297,
       0.00621022, 0.00793976, 0.00992419, 0.0095441 , 0.01205803,
       0.01133172, 0.00620309, 0.01064909, 0.00763984, 0.00718348,
       0.00677195, 0.0106326 , 0.00553519, 0.00791211, 0.01360373,
       0.01197118, 0.00791422, 0.01370099, 0.01310525, 0.01946268,
       0.02063308, 0.00882099, 0.00897133, 0.00762305, 0.01219931,
       0.00814758, 0.00875918, 0.01106234, 0.01096941, 0.01423158,
       0.01151801, 0.01380461, 0.00976663, 0.01369871, 0.01453772,
       0.0099017 , 0.00451995, 0.01528876, 0.01110499, 0.01049263,
       0.01238535, 0.00654363, 0.00703956, 0.01653927, 0.00691135,
       0.01339903, 0.01371384, 0.00608194, 0.01358222, 0.01408101,
       0.01812654, 0.00649753, 0.01102183, 0.00930459, 0.01166458,
       0.01254039, 0.00635615, 0.01532793, 0.01035715, 0.01141908,
       0.00652417, 0.01267046, 0.00499937, 0.01316117, 0.00836352,
       0.01216668, 0.00851196, 0.010753  , 0.00885926, 0.01153353,
       0.01182082, 0.00593775, 0.00612074, 0.0099144 , 0.01457423,
       0.00985065, 0.01350789, 0.01254904, 0.0109699 , 0.00713637,
       0.0130776 , 0.00939149, 0.01579985, 0.00585876, 0.0069809 ,
       0.00789864, 0.01548041, 0.0064476 , 0.01433022, 0.01276987,
       0.01452737, 0.01175704, 0.01265998])}"
