,0
0,"{'lt_0 - slope': array([ 11.52017975,  10.99450265,  -7.63166409,  22.13062837,
        13.36285258,  13.65592742,   5.06126675,  18.65579267,
        21.04097323,   8.38626926,  -1.42600305,  16.50594079,
        -3.60874084,  -3.92882809,  13.25957841,  11.63169262,
        23.80598441,  15.22082261,  18.21102295,  -3.23319721,
         0.66572354,  22.77022458,  22.28275839,   7.56765276,
         5.86845795,  17.6398844 ,  17.67079979,   6.0390222 ,
        14.65564452,  26.63228965,  24.41261315,   1.74135525,
        19.98211917,  17.37236367,  16.51750175,  12.41440271,
        19.14957768,   7.35987789,  17.00008993,  26.1551026 ,
        19.84548767,  14.65437758,  -5.33865791,   0.28580193,
        21.86468501,  16.86644254, -13.12995828,  16.6111265 ,
        -6.94017802,   9.15521635,  23.38713539,  13.2353572 ,
        13.5076317 ,  13.27994526,  19.77367615,  10.92089602,
        25.57676226,  17.98276369,  27.27302941,  22.87359773,
        21.69787251,  -9.04895319,  18.12689369,  10.27956944,
        23.27944374,  13.75699981,  26.25385145,  -7.43424742,
         2.94562076,  21.82614309,   3.78499948,  16.04654657,
        17.11450656,  -6.4717211 ,  12.33547498,   8.17903042,
        27.38249015,  -3.92986385,   1.16933882,  20.0162812 ,
        -1.72561714,  -5.57826647,  20.1036613 ,   3.88715846,
        12.91592341,   9.11405787,  -9.43492438,  27.20860855,
        10.50330632,  26.15851083,   6.46975943,  19.89489632,
        -4.28871657,  -3.46940173,   1.63731036,  24.53323835,
        18.17594098,  -1.38417701,  -1.46132058, -22.66830053,
        16.29225163,  -9.75914974,  22.59363596,  22.80453038,
        20.09748963,  17.10594757,  -2.94218321,  -2.96843249,
        -1.19224401,   3.71531307,   6.76733689,  13.62563213,
        10.1430772 ,  20.43171522,  -9.67685997,  13.58083753,
        -2.57472715,   4.66894821,  -3.41345809, -14.69216734,
       -18.37875747,  10.12102323,  22.94975494,  -0.66827697,
        -1.02734621,  -2.53767552, -18.79588969,  15.38546311,
         4.79388303,  21.17068869,  21.94167739,  10.31258191,
         9.18594821,  -2.13317267,  12.476678  ,  -2.48926534,
         0.57371428,  -3.51935784,   4.13286368,  18.70941154,
        -3.5749721 ,  -4.76441594,  -7.89565489,   4.92544783,
        20.26511045,   7.98792161,   6.65278115,   8.60620133,
        22.35520609,  -2.62505112,  14.55793952,   7.83105636,
       -23.16611225,  -4.12764646,  11.87104922,  -3.1298971 ,
        -5.90383216,  19.56593462,  14.90133109,  14.39349749,
        24.91320624,  11.74904822,  10.32210366,  -3.63371573,
        16.51855517,  20.89908144,  25.26032435,   0.11324262,
        -4.64901629,  -3.56228748,  18.0787713 ,  27.05051847,
        21.09930738,  25.72710986,  28.31334958,   5.37819895,
        11.8661231 ,   7.15295862,  25.72684774,   7.11160942,
        -1.51981948,  -1.85636077,  25.33004498,   7.64944661,
        -0.50226734,   5.46916077, -13.58002786,  -2.32868568,
        -5.46634686,  12.1103427 ,  21.55214541,   6.34955106,
        20.5718917 ,  23.13479372,  12.06499563, -11.92751046,
         8.1802136 ,  -6.89574911,   7.28828581,  12.42933645,
        25.18825165,  13.78956376,  28.60495698,  23.2085145 ,
        17.09004765,   3.47771709,  25.25401112,   3.99633641,
        28.1194243 ,   0.17257136,  13.4513855 ,  21.94724663,
        -6.70954494,  15.04634567,  -9.99069617,  27.60494746,
        22.80379011,   8.10136373,   2.89027151,   9.54338468,
         8.13795531,   5.72831628,  11.56309038,  22.34490765,
         1.98844654,  25.53373047,  14.89827427,  10.15229706,
        -5.20616899,  -6.68036804,  -7.52167192,  17.66233699,
        13.81216841,  -3.80329776, -26.37235204,   9.4760101 ,
        20.66512288,   2.19879809,  -3.4835686 ,  12.48134272,
        25.43581096,  17.26890201,  25.21447179,   9.03608484,
         1.57969709,  19.76348214,   0.87034453, -11.56174417,
        25.94152278,  -4.5069258 ,  -7.01377822,  15.91687785,
        14.3485199 ,  22.79666871,  23.99942413, -18.29427238,
        13.67061411,  13.1262022 ,  -3.38020007,  19.75728319,
        -9.49818199,  29.11173689,   0.05078423,   8.71658059,
        22.4544157 ,  26.14402138,  22.69703836,  20.82481401,
        -5.14772242,  24.7222281 ,  -5.71742526,   9.25654044,
        12.29209335,  -5.01809087,  -5.85641   ,   5.89673149,
        20.64313547,  23.02403989,  22.16816656,  26.04302684,
        26.91121685,  35.10858406,   9.09072534,  21.34834652,
        10.61943512, -14.771585  ,  19.73875882,   0.70365288,
         2.67816909,  11.17179626,  -6.5209068 ,   9.94414888,
         2.73017528,   9.36039314,  21.23926033, -14.29224906,
        21.64346788,   7.73851626,  17.66631678,  -7.97162655,
        12.3377549 ,  -3.67580991,  17.34329249,  23.26046054,
        23.53884513,  -3.20002732,  24.48422061,  12.47021473,
        15.3451542 ,   4.28122903,   9.73170955,   0.85606705,
        15.92258952,  11.03010353,  23.06264246,  -6.21279818,
        10.37565789,   1.00064928,  23.31989767,  17.89849842,
        -2.37320295,  25.01449565,   8.53407746,  25.30115768,
        18.43760321,   5.42504599,  25.90248113,  11.1105617 ,
        -1.13924499,   9.72713715,   3.81766782,  -5.11769435,
         7.06187355,  27.83814787, -22.41675838,  11.21749471,
        25.43238206,  19.51040962,  15.6061042 ,  20.97732399,
         1.55928496,   2.26255555,  -3.43727285,  15.34898521,
        24.03412032,   4.53602385,  29.1046351 ,  14.72437754,
        12.13918383,   9.28331564,   7.63268987,  17.31613424,
        25.01449395,   5.33453492,  10.1773701 ,   9.17623272,
         0.11365736,  22.65708193,   5.34771944,  -5.29616062,
       -11.57516063,   4.39320775,  17.58933028,  -0.39219403,
        26.45661778,   4.87396361,   2.61593708,  26.45688465,
        -4.39488041,  17.11544884,  10.98665316,   8.92768549,
        10.26313937,  21.55932767,  15.88952206,  12.51381562,
        -1.95304661,   4.58045438,  -2.79962321,  12.82302239,
        21.95090813,  20.5462381 ,  24.08189466,  17.99337572,
        22.44851975,   8.11578039,  -0.20146195,   3.28761991,
         8.79629172,  18.35003689, -14.17007342,  -7.13817489,
         6.65883344, -11.54970944,  -2.61572799,  27.04641465,
         9.60482982,  22.64630266,  22.06178538,  21.90828314,
        14.05297913,   1.01211371,   3.52389944,  16.03043329,
         1.62335976, -15.72513084,   1.44052125,   3.94327633,
        27.70043612,  18.82891537,   9.87448931,  14.43058693,
        19.69512629,  20.4312442 ,  -4.85281629,  24.57479248,
       -11.16352852,   9.17994481,   6.66216543, -14.0325666 ,
        14.63268902,   1.46275434,  -5.19141032,  -5.63796347,
        21.47878184,  21.68757391,   4.5844331 ,   7.80387252,
        -3.98074839,   5.87268691,   7.53074297,   3.75058629,
        -0.09077582,   9.87254265,   4.72166746,   6.41264912,
        13.08971708,  19.72260981,   9.66011862,  14.17942791,
        -3.83086712, -10.84373165,  -1.47084519,  13.84447238,
        28.50297359,  18.13174465,  13.37764777,   7.89693704,
        22.48771332,  18.07716777]), 'lt_0 - intercept': array([-10.53010566, -10.0748205 ,   8.54275761, -21.15862355,
       -12.37469385, -12.68278485,  -4.08169428, -17.67747311,
       -20.03224708,  -7.40253658,   2.36745929, -15.60409202,
         4.55309762,   4.87085143, -12.28555492, -10.62369192,
       -22.79055734, -14.22479297, -17.20502426,   4.14662663,
         0.28178041, -21.7732112 , -21.30637657,  -6.56362627,
        -4.88759841, -16.69099578, -16.65519702,  -5.20253802,
       -13.65997505, -25.60413888, -23.3924977 ,  -0.76989941,
       -18.9822044 , -16.44646246, -15.52871952, -11.41004075,
       -18.14178228,  -6.45612506, -16.00371084, -25.15197225,
       -18.84260711, -13.66322838,   6.2765433 ,   0.67448917,
       -20.86678819, -15.85363059,  14.02421348, -15.60139085,
         7.87249334,  -8.16506728, -22.40922721, -12.23879426,
       -12.59290579, -12.27862544, -18.763988  ,  -9.97957336,
       -24.57227155, -16.97757353, -26.25463417, -21.89331514,
       -20.67198693,   9.87390545, -17.12273278,  -9.279933  ,
       -22.29272814, -12.7562956 , -25.23515032,   8.37169916,
        -1.98853204, -20.80658712,  -2.80458096, -15.02830607,
       -16.1206176 ,   7.39616939, -11.35151201,  -7.20180679,
       -26.37745347,   4.84336223,  -0.27930677, -19.049117  ,
         2.6802529 ,   6.4993405 , -19.1430798 ,  -2.96810651,
       -11.91150773,  -8.10757189,  10.35574097, -26.1817395 ,
        -9.49915646, -25.14266018,  -5.52182396, -18.88823484,
         5.23245625,   4.38378525,  -0.67439058, -23.52073232,
       -17.16664401,   2.3321034 ,   2.40947186,  23.50361917,
       -15.29792135,  10.67894615, -21.5715873 , -21.79920314,
       -19.12845046, -16.13110004,   3.89719243,   3.92186123,
         2.14454527,  -2.7312772 ,  -5.82439129, -12.61421995,
        -9.1844624 , -19.42545961,  10.54222305, -12.57529229,
         3.50003515,  -3.70832871,   4.35569999,  15.56055384,
        19.24263993,  -9.13330728, -21.94818325,   1.61911108,
         1.98589721,   3.48947351,  19.64206199, -14.44535334,
        -3.85102567, -20.1842668 , -20.93589576,  -9.37631845,
        -8.18950279,   3.09040747, -11.47485395,   3.44204069,
         0.38974763,   4.44311009,  -3.17104841, -17.73984026,
         4.51975692,   5.69039054,   8.81498525,  -3.94481988,
       -19.26656186,  -6.99634906,  -5.82061643,  -7.60260062,
       -21.36652946,   3.5644103 , -13.54245827,  -6.86349716,
        24.00122556,   5.02202162, -10.90799101,   4.06239128,
         6.76233537, -18.57789045, -13.9055466 , -13.39360756,
       -23.92580774, -10.7557925 ,  -9.32637114,   4.57265074,
       -15.53095037, -19.90165257, -24.23013216,   0.83083406,
         5.56544662,   4.51081705, -17.06582781, -26.0222379 ,
       -20.08714545, -24.69571283, -27.28088103,  -4.4029313 ,
       -10.8830358 ,  -6.25082316, -24.70869981,  -6.13829833,
         2.45475497,   2.7968925 , -24.31104619,  -6.6827389 ,
         1.44761332,  -4.4931752 ,  14.43241458,   3.26276025,
         6.39994124, -11.1124117 , -20.53196061,  -5.35983159,
       -19.61338191, -22.14644104, -11.08955292,  12.82482064,
        -7.22872476,   7.80743649,  -6.31833651, -11.43345653,
       -24.16516211, -12.84228337, -27.57848422, -22.19612039,
       -16.14043175,  -2.55506526, -24.25303321,  -3.03130237,
       -27.10615044,   0.77739492, -12.45813336, -20.94047244,
         7.62801837, -14.04299387,  10.89881924, -26.58380195,
       -21.82354882,  -7.1304175 ,  -1.93343377,  -8.56850875,
        -7.13839025,  -4.7468009 , -10.5757049 , -21.32022316,
        -1.04018588, -24.51350908, -13.90704809,  -9.14626159,
         6.13725062,   7.59400491,   8.4428956 , -16.69606768,
       -12.8398123 ,   4.75250324,  27.18636246,  -8.47213805,
       -19.72220239,  -1.24126256,   4.41879112, -11.47729248,
       -24.42251386, -16.26280755, -24.19166125,  -8.05063711,
        -0.63510211, -18.78907101,   0.10117972,  12.46602202,
       -24.92066359,   5.42248664,   7.86908246, -15.00317674,
       -13.34374156, -21.78800981, -22.98986878,  19.15838637,
       -12.67534537, -12.15725907,   4.29932909, -18.78802013,
        10.40707751, -28.08503829,   0.90175664,  -7.71673609,
       -21.45313511, -25.12779976, -21.69070784, -19.81667786,
         6.08363713, -23.73195683,   6.63104003,  -8.24896224,
       -11.27558476,   5.95671253,   6.79524959,  -4.96950869,
       -19.6723109 , -22.00129647, -21.19451718, -25.03246918,
       -25.87617543, -34.08097135,  -8.0946238 , -20.3301257 ,
        -9.74519925,  15.60348541, -18.72000208,   0.26579995,
        -1.76459365, -10.18528793,   7.44411899,  -8.97644613,
        -1.74803226,  -8.39646318, -20.23652099,  15.08988709,
       -20.62932851,  -6.89101707, -16.65921874,   8.83896099,
       -11.41815924,   4.59220814, -16.35840816, -22.27661654,
       -22.55364059,   4.13589072, -23.47146317, -11.51012452,
       -14.33811984,  -3.29866346,  -8.73884384,   0.10322076,
       -14.95444335, -10.02782354, -22.05888586,   7.14517964,
        -9.36980226,  -0.04802284, -22.33747346, -16.87264909,
         3.31696966, -23.99817546,  -7.58015034, -24.31764067,
       -17.42580555,  -4.4430456 , -24.88738695, -10.14502988,
         2.088113  ,  -8.74346753,  -2.84762629,   6.06514145,
        -6.1015607 , -26.8188298 ,  23.25767512, -10.21922687,
       -24.42137591, -18.49894147, -14.62642496, -19.97835448,
        -0.66518288,  -1.3164434 ,   4.37948753, -14.40134085,
       -23.03826764,  -3.60169263, -28.08686428, -13.7674164 ,
       -11.16635785,  -8.28253385,  -6.64202651, -16.30873335,
       -24.00162639,  -4.34855638,  -9.19085274,  -8.19773747,
         0.84497487, -21.67456879,  -4.37798833,   6.21368887,
        12.48340553,  -3.42978733, -16.59463828,   1.33754847,
       -25.43568108,  -3.88732819,  -1.65349242, -25.45137796,
         5.33939311, -16.1205851 , -10.05424336,  -8.06167566,
        -9.25074244, -20.5358192 , -14.95139877, -11.52109771,
         2.89483762,  -3.60476789,   3.75312344, -11.83708595,
       -20.93195831, -19.53209468, -23.06406897, -16.98990183,
       -21.42159689,  -7.14142554,   1.13884062,  -2.34054037,
        -7.80926503, -17.34168865,  15.04266368,   8.05134269,
        -5.65966466,  12.41046297,   3.53383845, -26.01856211,
        -8.61249098, -21.68098661, -21.04420632, -20.8967175 ,
       -13.06032784,  -0.10073378,  -2.58393385, -15.10512743,
        -0.65312627,  16.6025561 ,  -0.52312615,  -2.95491234,
       -26.67551577, -17.81682986,  -8.86609262, -13.48136603,
       -18.67992237, -19.41711117,   5.78335483, -23.57213028,
        12.06241901,  -8.20119718,  -5.682336  ,  14.92700935,
       -13.6785764 ,  -0.50582662,   6.07837684,   6.57801286,
       -20.48729646, -20.67783673,  -3.60552952,  -6.91272283,
         4.93004536,  -4.89064   ,  -6.56940916,  -2.82241977,
         1.04841785,  -9.01571763,  -3.73142289,  -5.41766636,
       -12.10545821, -18.72683007,  -8.67613542, -13.24696015,
         4.77019964,  11.74608508,   2.41509797, -12.85113882,
       -27.49277337, -17.11467719, -12.38492574,  -7.02803699,
       -21.51441505, -17.06617128]), 'fs_0 - beta(p=7,n=3)': array([[ 1.09472497e-03,  8.56679129e-04, -9.53996874e-05,
        -2.53669790e-04, -1.19772810e-05, -2.23729166e-04],
       [ 5.28780643e-04,  5.82451480e-04,  9.48487727e-05,
        -3.13598330e-04, -1.48492877e-06,  7.14973080e-05],
       [ 2.05087819e-03,  7.24035053e-05,  5.85401725e-04,
         3.20984974e-04, -6.85861282e-04,  2.22203609e-04],
       ...,
       [ 1.83962552e-04,  3.09740850e-04,  1.79275608e-07,
        -1.05356627e-04, -2.18413610e-05,  2.65897622e-05],
       [ 3.38304677e-03,  1.35223017e-03,  6.26653510e-04,
         2.38792283e-04,  1.23010680e-04,  2.18890372e-04],
       [ 2.47650310e-03,  2.39079184e-03, -4.39268155e-04,
         1.00326106e-03, -6.13827296e-04, -3.30082997e-04]]), 'fs_1 - beta(p=365.25,n=10)': array([[ 9.34858817e-03, -9.15296807e-03,  2.85163562e-04, ...,
         4.21347270e-03,  1.62166580e-03, -2.40254440e-03],
       [ 7.27657903e-03, -6.44251433e-03, -4.97256697e-04, ...,
         4.61545190e-03,  1.78753655e-03, -3.30748708e-03],
       [ 9.17338622e-03, -9.53377761e-03,  1.48941796e-03, ...,
         2.85973565e-03, -1.12129820e-03,  5.05110794e-03],
       ...,
       [ 8.13282886e-03, -6.64582979e-03, -2.15285935e-03, ...,
         8.90454755e-04,  2.33508821e-03, -5.50233731e-04],
       [ 3.03200089e-03, -2.25635077e-03,  1.80717731e-03, ...,
         4.23367151e-03, -1.04642580e-03, -8.99904188e-04],
       [ 9.66541219e-03, -9.40856251e-03, -7.67944619e-05, ...,
         1.71091265e-03,  5.45198543e-03,  1.75443920e-03]]), 'sigma_log__': array([-4.62507638, -2.88703827, -4.31289051, -4.2915866 , -4.76665595,
       -4.52532543, -4.74541306, -4.33074579, -4.35788857, -4.48474939,
       -4.49535821, -3.43054654, -4.67603284, -4.87017687, -4.40162088,
       -4.82220051, -4.3402765 , -4.57067741, -4.79846196, -3.82858241,
       -4.31847958, -4.44769948, -4.3071476 , -5.03970195, -4.42906985,
       -3.98649277, -5.13064956, -2.24582413, -4.80855804, -4.86034309,
       -4.62679376, -4.45942557, -4.67013533, -3.69095765, -4.8779386 ,
       -4.61770403, -4.26964565, -3.41613625, -4.77993033, -5.03509294,
       -4.30396827, -4.15103884, -4.6068395 , -4.37893561, -4.29779682,
       -4.45420728, -4.41892221, -4.8012232 , -4.86245693, -4.73146571,
       -4.59962448, -4.61114043, -3.00975204, -4.72666988, -4.5518921 ,
       -2.76582044, -4.73530824, -4.58332104, -4.67501722, -4.33403973,
       -4.77942263, -2.54886576, -4.72376891, -4.68058875, -4.33998364,
       -4.59829319, -4.4907141 , -4.86110242, -4.58735655, -4.68285037,
       -4.82828885, -5.04990938, -3.98849223, -4.37434161, -4.43616578,
       -4.33459342, -4.71452144, -4.2677381 , -3.52537514, -4.36365435,
       -4.53645485, -4.4840227 , -3.87137802, -3.84934732, -4.78361464,
       -4.92985508, -4.58717979, -4.59825725, -4.98794017, -5.05986464,
       -4.18808404, -4.57252115, -4.72226985, -4.26053272, -4.44221479,
       -4.41397857, -4.61184397, -4.1970338 , -4.95119501, -4.54601251,
       -4.48197901, -4.34706967, -4.8479735 , -4.64251512, -3.96963235,
       -3.99342427, -4.60027155, -4.5668247 , -4.76025944, -4.71353894,
       -4.01086922, -4.98952141, -4.07385075, -4.54141829, -2.70730098,
       -5.01954467, -4.68631635, -2.36585961, -5.31213523, -4.18372922,
       -4.23686891, -4.39604032, -4.27812609, -4.57781526, -4.71218037,
       -4.75768654, -4.30462368, -3.59043575, -4.10384238, -4.25326081,
       -4.46244408, -2.61313325, -4.75368722, -4.57695826, -4.82956999,
       -4.71761343, -5.20225527, -4.29663462, -4.54363498, -3.92114327,
       -4.80034559, -4.43715206, -4.64723777, -4.28771385, -4.50995117,
       -4.65448914, -2.06451073, -5.81321264, -4.24729151, -4.54203897,
       -5.04734435, -4.2758259 , -4.40270511, -4.2023806 , -3.99620101,
       -4.65106114, -2.97212574, -4.44657129, -4.66233173, -4.51539051,
       -4.63999722, -4.51456557, -4.31152311, -4.53233406, -4.13976384,
       -4.25219193, -5.04683025, -4.85126101, -4.54642959, -4.2852656 ,
       -5.01985545, -4.76329287, -4.49076469, -5.03679139, -5.00656297,
       -4.3581617 , -4.60661478, -2.7266255 , -4.50577621, -4.58051877,
       -4.35989823, -4.35362216, -4.47805351, -4.35943161, -4.54914897,
       -4.8354112 , -3.81159762, -4.14600289, -4.39884527, -4.67844348,
       -4.55489604, -4.8121196 , -4.11664789, -4.57561167, -4.41861352,
       -4.35457388, -4.19017898, -3.53998229, -3.78826507, -4.97251125,
       -4.81134049, -3.10590448, -5.06462329, -4.81185718, -3.76699216,
       -3.47188316, -4.59960259, -4.6417188 , -4.58769966, -4.733226  ,
       -4.70739097, -4.37290421, -3.9944915 , -4.72306715, -4.73103239,
       -4.8875385 , -4.83705883, -4.65839112, -4.52753786, -4.33680024,
       -4.72720341, -5.26324825, -4.3245998 , -4.71674578, -4.45372954,
       -4.51658066, -4.66160059, -4.64222225, -4.30170409, -4.14902375,
       -4.62760091, -3.69363067, -3.5983586 , -4.91725237, -4.76302421,
       -4.98167106, -4.04830255, -4.70209305, -4.58173058, -4.9561937 ,
       -4.94768999, -4.89374843, -4.61812476, -4.68290348, -4.75097549,
       -4.12158493, -4.57445759, -4.2540458 , -4.55553441, -4.44960445,
       -3.67137358, -3.3531865 , -4.54999199, -4.38733249, -5.12711296,
       -4.2806761 , -4.58627864, -3.90488868, -4.42316107, -4.11911841,
       -4.01010076, -4.85856569, -4.34619986, -4.91441367, -4.51632375,
       -5.03084172, -4.75022915, -4.61994685, -4.87402249, -4.59064074,
       -4.60290127, -4.7770871 , -5.11565556, -4.75175532, -4.89487619,
       -3.68327377, -4.03356621, -4.77311041, -4.55975389, -4.6694754 ,
       -4.90063917, -4.91513554, -4.54190785, -4.58027561, -2.55109853,
       -3.681795  , -4.61339235, -4.77343947, -3.51299814, -3.67899905,
       -4.3868751 , -4.83157145, -5.06113178, -4.12333363, -4.24790904,
       -3.28710058, -4.68841996, -2.17355398, -4.68188797, -3.59917278,
       -2.81262887, -4.90876958, -4.05312764, -4.63673103, -4.67592933,
       -4.33076156, -4.58544635, -4.03347455, -4.85926404, -4.97337491,
       -4.64948464, -4.83231645, -3.5987761 , -4.47887253, -4.44863223,
       -4.5553715 , -5.15829219, -5.03920953, -4.42712264, -5.34596409,
       -4.45093214, -4.58931847, -4.1399688 , -4.9472913 , -4.52668652,
       -4.76661611, -4.70405152, -4.23136622, -4.59339165, -4.36586086,
       -4.59651534, -4.84615078, -4.12153038, -4.74175503, -4.64747057,
       -4.59974442, -4.57188173, -4.44282332, -4.21046851, -4.30753755,
       -3.54250721, -3.99381961, -4.18951467, -3.9126257 , -4.43683605,
       -4.05242151, -4.69348473, -3.68126804, -4.54790088, -4.61208107,
       -4.5712432 , -4.77060292, -4.74429727, -5.03584886, -4.94913959,
       -4.1912129 , -4.64500857, -4.5505478 , -4.48857368, -4.37621473,
       -4.35840413, -4.77853986, -4.4368051 , -4.63893646, -5.10038728,
       -4.82540995, -4.6706008 , -4.60370817, -4.68323444, -4.53240924,
       -2.63863002, -2.35565967, -4.59040131, -4.65833028, -3.38714957,
       -4.2808296 , -4.45101985, -4.76516878, -4.66061339, -4.31631231,
       -5.03990344, -4.5743814 , -4.89444633, -4.43061528, -4.82017878,
       -4.75424122, -4.47849553, -4.54046047, -4.62218034, -4.5711278 ,
       -4.26897595, -4.79788889, -4.65476281, -2.95706817, -4.04354054,
       -4.83743869, -4.36435359, -4.21649763, -4.34789834, -4.92294464,
       -4.80842317, -3.93920665, -3.93974339, -3.42232908, -4.26635943,
       -4.60063128, -4.43337852, -5.04884908, -4.7024631 , -4.60076067,
       -5.03532506, -3.4163092 , -4.91255366, -4.99221111, -4.51565739,
       -4.4453867 , -4.47199658, -4.40338024, -4.86897599, -4.05218901,
       -4.09505035, -4.24271851, -4.13943141, -4.97245863, -4.40267015,
       -4.47765922, -4.40143479, -3.04012976, -4.70703933, -4.4714256 ,
       -4.39661352, -4.38065758, -5.05829526, -2.43506118, -5.0914699 ,
       -4.65945881, -4.16228245, -4.5635193 , -4.02724468, -3.69449567,
       -4.64591531, -4.66364862, -4.53725795, -4.7831957 , -4.78440597,
       -4.78213335, -4.32432073, -2.21824018, -4.38958661, -4.91733555]), 'sigma': array([0.00980291, 0.05574106, 0.01339478, 0.0136832 , 0.00850879,
       0.01083119, 0.00869147, 0.01315773, 0.0128054 , 0.01127971,
       0.01116068, 0.03236924, 0.0093159 , 0.00767201, 0.01225746,
       0.00804906, 0.01303292, 0.01035095, 0.00824241, 0.02174041,
       0.01332012, 0.01170546, 0.01347192, 0.00647568, 0.01192558,
       0.01856471, 0.00591272, 0.10584028, 0.00815962, 0.00774783,
       0.00978609, 0.01156901, 0.009371  , 0.0249481 , 0.00761269,
       0.00987544, 0.01398674, 0.03283907, 0.00839658, 0.00650559,
       0.01351482, 0.01574805, 0.00998332, 0.0125387 , 0.01359849,
       0.01162954, 0.01204721, 0.00821969, 0.00773146, 0.00881354,
       0.01005561, 0.00994048, 0.0493039 , 0.00885591, 0.01054723,
       0.06292445, 0.00877974, 0.0102209 , 0.00932536, 0.01311446,
       0.00840085, 0.07817028, 0.00888164, 0.00927355, 0.01303674,
       0.01006901, 0.01121263, 0.00774194, 0.01017973, 0.0092526 ,
       0.0080002 , 0.00640991, 0.01852763, 0.01259643, 0.01184125,
       0.0131072 , 0.00896415, 0.01401344, 0.02944076, 0.01273178,
       0.01071131, 0.01128791, 0.02082965, 0.02129363, 0.00836571,
       0.00722755, 0.01018153, 0.01006937, 0.0068197 , 0.00634642,
       0.01517533, 0.01033188, 0.00889497, 0.01411478, 0.01176984,
       0.01210691, 0.00993348, 0.01504012, 0.00707495, 0.01060943,
       0.01131101, 0.01294469, 0.00784426, 0.00963344, 0.01888037,
       0.01843647, 0.01004911, 0.0103909 , 0.00856339, 0.00897297,
       0.01811764, 0.00680892, 0.01701175, 0.01065828, 0.06671663,
       0.00660753, 0.00922059, 0.09386858, 0.00493139, 0.01524156,
       0.01445277, 0.01232605, 0.01386863, 0.01027733, 0.00898517,
       0.00858545, 0.01350597, 0.02758631, 0.01650912, 0.0142178 ,
       0.01153414, 0.0733045 , 0.00861985, 0.01028614, 0.00798996,
       0.00893648, 0.00550414, 0.0136143 , 0.01063468, 0.01981842,
       0.0082269 , 0.01182958, 0.00958805, 0.01373629, 0.010999  ,
       0.00951877, 0.12688035, 0.00298782, 0.01430292, 0.01065167,
       0.00642638, 0.01390056, 0.01224417, 0.01495992, 0.01838535,
       0.00955146, 0.05119437, 0.01171868, 0.00944441, 0.01093933,
       0.00965772, 0.01094836, 0.0134131 , 0.01075554, 0.01592661,
       0.014233  , 0.00642968, 0.00781851, 0.010605  , 0.01376996,
       0.00660548, 0.00853745, 0.01121207, 0.00649455, 0.00669387,
       0.0128019 , 0.00998556, 0.06543974, 0.01104501, 0.01024958,
       0.01277969, 0.01286015, 0.01135549, 0.01278565, 0.0105762 ,
       0.00794342, 0.02211282, 0.01582755, 0.01229153, 0.00929347,
       0.01051559, 0.00813061, 0.01629906, 0.0103    , 0.01205093,
       0.01284791, 0.01514357, 0.02901384, 0.02263484, 0.00692573,
       0.00813694, 0.04478399, 0.00631629, 0.00813274, 0.0231215 ,
       0.03105849, 0.01005583, 0.00964111, 0.01017624, 0.00879804,
       0.0090283 , 0.01261455, 0.01841681, 0.00888788, 0.00881736,
       0.00753996, 0.00793034, 0.00948171, 0.01080725, 0.01307831,
       0.00885119, 0.00517846, 0.01323885, 0.00894424, 0.01163509,
       0.01092632, 0.00945132, 0.00963626, 0.01354546, 0.01577981,
       0.00977819, 0.0248815 , 0.02736861, 0.00731921, 0.00853974,
       0.00686259, 0.01745197, 0.00907626, 0.01023716, 0.00703967,
       0.00709979, 0.00749328, 0.00987129, 0.00925211, 0.00864326,
       0.01621879, 0.01031189, 0.01420664, 0.01050888, 0.01168319,
       0.0254415 , 0.03497274, 0.01056729, 0.01243385, 0.00593367,
       0.01383331, 0.01019071, 0.0201432 , 0.01199625, 0.01625884,
       0.01813157, 0.00776161, 0.01295595, 0.00734002, 0.01092913,
       0.00653331, 0.00864971, 0.00985332, 0.00764256, 0.01014636,
       0.01002271, 0.00842049, 0.00600204, 0.00863652, 0.00748484,
       0.02514054, 0.01771106, 0.00845404, 0.01046463, 0.00937719,
       0.00744182, 0.00733472, 0.01065306, 0.01025207, 0.07799594,
       0.02517774, 0.00991812, 0.00845126, 0.02980741, 0.02524823,
       0.01243954, 0.00797398, 0.00633838, 0.01619045, 0.01429409,
       0.03736202, 0.00920121, 0.11377255, 0.00926151, 0.02734633,
       0.06004693, 0.00738157, 0.01736797, 0.00968932, 0.00931686,
       0.01315752, 0.0101992 , 0.01771268, 0.00775619, 0.00691976,
       0.00956653, 0.00796804, 0.02735718, 0.0113462 , 0.01169455,
       0.01051059, 0.00575151, 0.00647887, 0.01194882, 0.00476735,
       0.01166769, 0.01015978, 0.01592335, 0.00710262, 0.01081646,
       0.00850913, 0.0090585 , 0.01453252, 0.01011848, 0.01270371,
       0.01008692, 0.00785857, 0.01621967, 0.00872332, 0.00958582,
       0.01005441, 0.01033849, 0.01176268, 0.01483941, 0.01346667,
       0.02894068, 0.01842919, 0.01515364, 0.01998795, 0.01183332,
       0.01738024, 0.00915473, 0.02519101, 0.01058941, 0.00993113,
       0.01034509, 0.00847527, 0.00870117, 0.00650068, 0.00708951,
       0.01512793, 0.00960945, 0.01056142, 0.01123666, 0.01257286,
       0.0127988 , 0.00840827, 0.01183369, 0.00966797, 0.00609439,
       0.00802326, 0.00936664, 0.01001463, 0.00924905, 0.01075473,
       0.0714591 , 0.09483093, 0.01014878, 0.00948228, 0.0338049 ,
       0.01383118, 0.01166666, 0.00852145, 0.00946066, 0.01334902,
       0.00647437, 0.01031268, 0.00748805, 0.01190716, 0.00806535,
       0.00861508, 0.01135048, 0.01066849, 0.00983134, 0.01034628,
       0.01399611, 0.00824714, 0.00951617, 0.05197106, 0.01753528,
       0.00792733, 0.01272288, 0.01475021, 0.01293397, 0.00727767,
       0.00816072, 0.01946365, 0.01945321, 0.03263633, 0.01403278,
       0.01004549, 0.0118743 , 0.00641671, 0.0090729 , 0.01004419,
       0.00650408, 0.03283339, 0.00735369, 0.00679063, 0.01093641,
       0.01173257, 0.01142448, 0.01223591, 0.00768123, 0.01738428,
       0.01665491, 0.01436848, 0.01593191, 0.0069261 , 0.0122446 ,
       0.01135997, 0.01225974, 0.04782868, 0.00903148, 0.01143101,
       0.01231899, 0.01251712, 0.00635639, 0.08759239, 0.00614897,
       0.00947159, 0.01557198, 0.0104253 , 0.01782337, 0.02485999,
       0.00960074, 0.00943199, 0.01070271, 0.00836921, 0.00835909,
       0.00837811, 0.01324254, 0.10880041, 0.01240586, 0.0073186 ])}"
