,0
0,"{'lt_0 - slope_shared': array(1.83320905), 'lt_0 - slope_sigma_log__': array(-1.71193176), 'lt_0 - slope_z_offset': array([ 5.43690660e-02, -1.74280233e-02, -1.12020650e-01, -2.45437414e-02,
        7.17735190e-03,  1.88530093e-02, -4.21469174e-03,  2.93119787e-02,
       -2.87456771e-02, -1.06327501e-01, -1.27061412e-02,  6.73788297e-02,
       -7.43571859e-03, -3.12198508e-03, -6.57609094e-02, -1.38400292e-02,
        6.31256510e-03, -1.52377776e-03, -1.84146181e-02, -1.20842607e-01,
        1.51938024e-02,  2.54462294e-02,  2.67453804e-02,  3.84816411e-03,
        2.51731786e-02,  6.98938217e-02,  5.67083833e-04,  1.05583318e-01,
       -1.68547062e-02,  2.00922070e-02, -2.84293305e-02, -4.73362613e-03,
        5.98123656e-02,  4.85207434e-02, -7.50586947e-03, -9.02294412e-04,
        2.85506828e-02, -2.21028478e-02, -2.85943725e-02, -4.97180898e-03,
        1.62592048e-02, -6.98890826e-03,  1.54472938e-02, -1.29689448e-03,
        7.82246297e-02,  1.24802103e-02,  1.05335870e-02, -4.77049767e-02,
       -8.64714974e-03,  5.27283983e-03,  1.87164647e-02,  3.21166061e-02,
       -7.88386410e-02,  3.99922781e-02, -3.09625351e-02,  2.43449101e-02,
       -1.05498522e-02, -2.29033519e-03, -3.40216422e-02, -6.92589667e-02,
        6.15573217e-03,  3.22024563e-02, -3.96984760e-02,  2.74125979e-02,
       -1.75427300e-02,  1.27914375e-02, -8.50621600e-03, -4.66494186e-03,
        3.84999841e-02, -2.69072087e-02,  2.15341548e-02, -7.37856919e-03,
       -2.77566013e-04,  1.43704450e-02,  1.17394357e-02, -1.76450931e-02,
       -1.55105944e-02, -4.87471341e-03, -9.36144602e-02,  4.35597345e-02,
       -1.37211259e-02, -6.20423871e-02, -1.81337814e-02,  2.07999725e-02,
        1.49423388e-02, -8.30669563e-03,  1.95601517e-02, -1.26031295e-02,
       -3.60759300e-02,  9.49291175e-03, -1.25639219e-01, -9.53670329e-02,
       -7.05410393e-03,  3.32352193e-02, -2.62104540e-02, -2.13714208e-02,
       -3.96863245e-02, -6.50058229e-02,  1.89328858e-02,  1.86344858e-02,
        3.46043230e-02,  2.16942620e-03, -2.90808798e-02, -3.68274125e-02,
       -3.33070146e-03, -5.37746015e-02, -3.29951228e-02, -1.42412049e-03,
       -3.40892449e-02,  9.99952362e-03,  2.22130609e-02, -8.22282165e-03,
       -1.99541311e-02,  2.28529734e-02,  3.14647484e-02,  2.08257636e-02,
        8.53609993e-03, -9.63508990e-03,  1.90833157e-02,  8.16187356e-02,
       -5.64308934e-03,  1.36057875e-02,  2.55456178e-02, -1.80654614e-02,
       -1.71009861e-02, -4.19215666e-02, -1.29722529e-01,  6.22254408e-02,
        1.97279330e-03, -1.84450523e-02,  2.52702698e-02, -2.29792344e-02,
       -1.96089212e-02,  2.26380645e-02, -3.29516325e-02,  1.51126057e-02,
       -2.13161188e-02,  1.20999735e-03, -7.64769422e-02,  1.80520763e-02,
        7.57764566e-03, -7.47594579e-03,  1.19666276e-02, -1.39988781e-02,
       -5.93752718e-03, -1.08424652e-01,  2.58683852e-02,  2.34200201e-02,
       -4.86080702e-02, -4.35603064e-02, -1.43520637e-02,  4.95474413e-02,
       -3.36101076e-02, -4.17345472e-02,  2.01801717e-02, -2.10350103e-01,
       -2.60765499e-02,  2.87857174e-03, -8.57418990e-02, -6.94391853e-02,
        2.13574507e-02, -3.18234859e-02,  1.03770288e-02,  7.37891417e-03,
       -6.62670680e-02, -9.72250133e-02, -2.28563931e-02,  2.79108414e-02,
       -1.17080657e-02,  2.62428009e-03, -9.59338585e-03,  1.21359287e-02,
        4.24900031e-03,  4.61340311e-02,  3.75805811e-02, -5.42374896e-03,
       -3.07613293e-03,  1.23779516e-02, -1.49079978e-02, -3.80693816e-02,
       -4.91071172e-02, -5.46048021e-02,  3.82873432e-03, -3.15446463e-03,
       -4.14868076e-02,  3.40789899e-02, -8.50284674e-02, -3.98983552e-02,
        5.76412105e-02, -6.58811655e-02,  4.17886542e-03,  7.11582926e-03,
       -4.71017604e-02,  7.56482820e-02,  2.81301052e-02, -5.21030557e-02,
       -2.84048114e-02, -1.53577839e-02, -3.15283000e-02,  1.36151087e-02,
       -1.48797670e-02, -2.35782675e-03,  2.47784400e-02,  9.67757699e-02,
       -5.48302259e-03,  1.90958234e-02,  7.42831936e-03, -4.78848743e-02,
        2.83049232e-02,  5.15469087e-02, -4.08135536e-03, -6.60072843e-02,
        4.85331958e-02,  1.42762881e-02,  2.03394007e-02, -5.72399278e-03,
        2.06672304e-02, -2.15400211e-02, -6.14695360e-02,  1.58717713e-02,
        2.07694456e-02, -3.55033141e-02,  1.38932124e-02,  1.15086024e-02,
       -6.79432740e-03, -6.58178800e-02, -1.99508001e-02, -3.35479703e-03,
        7.15551491e-02,  2.80721992e-02, -2.28385069e-01, -3.18666554e-02,
        9.14906451e-03,  4.23007262e-02,  1.15602538e-02,  8.16679618e-02,
       -1.50158595e-02, -1.93083217e-02,  2.39740518e-02,  4.89770140e-02,
       -2.67366822e-02, -1.32687454e-03,  2.18954935e-02,  3.79848067e-03,
       -7.95694207e-03,  1.48045527e-02,  1.40901757e-02,  6.51534520e-02,
       -2.42894252e-02,  1.13371994e-02, -4.94061584e-02, -3.09978204e-02,
       -3.20300226e-02, -6.21399030e-03,  2.68271887e-02, -5.66737246e-02,
        1.59483724e-02,  4.32715338e-02, -9.02745191e-03,  1.32409152e-02,
       -2.57462991e-03, -1.79494089e-02,  1.99638424e-02, -1.41917052e-02,
        2.44014455e-02,  4.82445012e-03, -1.80995025e-02,  7.97292369e-03,
        5.70419903e-02, -4.30356412e-02,  3.06820074e-03, -5.07346556e-03,
        3.66320909e-02, -9.30874412e-03, -7.45388582e-02,  1.23329850e-02,
        4.28592120e-03, -1.16898000e-02,  6.17326842e-02,  4.98049178e-02,
       -6.09956192e-03,  6.35024324e-03,  5.19960066e-02, -9.50053898e-02,
       -1.97522589e-02,  8.99995914e-03, -4.28525287e-03, -1.92677251e-02,
        4.40566946e-02, -2.52115212e-03, -6.89854114e-03,  2.31771546e-02,
       -6.26866277e-02,  4.83827017e-02, -1.25835758e-01,  3.17413014e-02,
       -8.98403541e-02,  1.52722227e-02, -2.35374767e-02,  7.74383842e-02,
        9.88743365e-03,  1.45353651e-02, -2.47581212e-02, -3.65562671e-02,
        1.98735597e-02, -3.48882556e-02, -1.78350215e-01,  1.42027635e-02,
       -1.75832691e-02, -1.49883834e-02, -3.88259048e-02, -2.17349479e-02,
        2.01436612e-02, -5.07764461e-02, -5.03229278e-02, -4.48107172e-03,
       -2.40656572e-02, -4.04428346e-02,  1.96566740e-02, -2.24419470e-02,
       -3.07440511e-02, -2.93014524e-02, -2.89776590e-02,  1.72322485e-03,
        5.76281397e-03,  2.12519830e-02, -4.99813080e-02, -1.09645479e-02,
        1.83025350e-02, -4.61626887e-03, -1.84525474e-03, -4.73882445e-02,
        9.51577538e-03,  4.40046895e-02, -1.04870754e-02, -1.12809161e-01,
       -4.22426650e-02,  1.38053878e-02, -7.93126337e-02,  5.34017421e-02,
        1.12276753e-02,  7.26068752e-03,  7.99457145e-03,  1.51257361e-02,
       -5.41547467e-02,  4.01288643e-02, -2.05918063e-02, -1.29289207e-02,
       -1.67146579e-02, -2.10041605e-02,  2.32478901e-02,  3.62511707e-02,
        3.21336295e-03, -9.68592101e-03, -4.10416761e-02, -1.10731178e-02,
        4.77180281e-02, -5.75615564e-02,  2.59696364e-02,  2.02061224e-02,
       -4.13467406e-02, -2.00124252e-02,  2.02953889e-02, -3.62867969e-02,
        8.02929278e-03, -2.14420883e-02,  1.57532424e-02, -3.46267757e-02,
        3.51799879e-02, -1.61348504e-02, -7.19928208e-02,  1.83051342e-02,
        1.73280327e-02, -3.00615855e-03, -2.83221406e-02, -2.74508828e-02,
       -5.94698131e-03,  4.95255983e-03,  3.63423697e-02,  1.15995053e-02,
        4.92613921e-03,  7.19262648e-03,  4.01832516e-02,  7.31947538e-03,
        9.96592295e-03, -2.89660051e-02, -1.68329254e-02,  3.47862433e-02,
       -2.63889867e-02,  2.20797787e-02, -6.12203007e-03,  1.68776347e-02,
       -1.33767204e-02,  1.58374611e-02,  6.87477218e-02, -8.61962881e-03,
        4.57943609e-02,  1.58180707e-02,  1.28412189e-02,  1.39931023e-02,
       -8.58793346e-02, -3.52440052e-04,  1.49778679e-02, -2.75785140e-02,
        3.90556031e-02, -8.37490106e-03, -1.04487588e-03, -8.49575774e-02,
       -3.13271622e-02, -3.97372459e-03,  7.66690575e-03,  8.07513725e-03,
       -5.50578576e-02,  4.31906335e-02,  4.89763316e-03,  3.02295466e-03,
       -1.67363419e-02,  5.83260836e-02,  2.55704083e-02, -1.07708085e-02,
        9.25732300e-02,  4.03664254e-03, -9.07176512e-02,  2.81372815e-02,
       -1.55120055e-02, -1.00868700e-01, -1.78982623e-02, -1.34834916e-02,
        6.19958186e-03, -2.48546439e-02, -4.03370261e-03, -1.76619715e-01,
       -9.77908662e-03, -1.35539977e-02,  3.13795386e-02, -2.75632592e-02,
        1.95076996e-02, -2.72002520e-02, -7.83630161e-03, -2.15763528e-02,
        2.02824043e-02,  1.07050804e-02,  1.56622650e-02,  5.37702189e-03,
        7.32284880e-03, -4.35121678e-02, -2.07690046e-02,  3.82419251e-02,
        2.84296787e+00]), 'lt_0 - delta': array([ 5.31469903e-06, -1.84755235e-01, -7.48931812e-02, -3.26808828e-01,
        2.83597982e-01, -7.16293654e-01,  7.34308876e-01, -5.85221018e-01,
        2.89033335e-01, -2.44626970e-02,  2.48964304e-01, -7.85520210e-01,
        8.59169100e-01, -7.51487982e-01, -1.72436372e+00, -4.12935065e-01,
       -2.19419327e+00,  2.74317947e+00,  5.15843089e+00,  3.55846684e+00,
       -1.05163073e+01,  3.75789252e+00, -3.84161055e+00,  1.15714374e+01,
       -9.49851658e+00]), 'lt_0 - intercept': array([-0.91000381, -0.89149868, -0.94627027, -0.88590255, -0.91594802,
       -0.86609088, -0.85449228, -0.8826482 , -0.89331441, -0.95430354,
       -0.86411145, -0.93030228, -0.84676158, -0.86484268, -0.90727019,
       -0.87822956, -0.86677005, -0.87337051, -0.84809281, -1.00110078,
       -0.92156623, -0.87366944, -0.9104451 , -0.85945191, -0.87642389,
       -0.92336412, -0.83731442, -1.08752426, -0.85244408, -0.86623239,
       -0.88191162, -0.87814603, -0.91206259, -0.94151574, -0.87242163,
       -0.86280643, -0.88439085, -0.95350752, -0.85084655, -0.85637281,
       -0.87755814, -0.86801867, -0.87249042, -0.86348325, -0.95391868,
       -0.87142905, -0.87643033, -0.87969482, -0.86428581, -0.86179648,
       -0.8782886 , -0.87600607, -0.93568901, -0.88558976, -0.8852382 ,
       -0.89608349, -0.84228703, -0.87246809, -0.91973946, -0.91830423,
       -0.88536831, -0.88411971, -0.88004597, -0.87389367, -0.87967218,
       -0.87395854, -0.87183464, -0.86066678, -0.89095067, -0.88929533,
       -0.87589079, -0.88390514, -0.8918488 , -0.86413341, -0.88989829,
       -0.88071121, -0.87514904, -0.87760703, -0.93797396, -0.8898413 ,
       -0.85010973, -0.89137616, -0.85767078, -0.89507682, -0.85996239,
       -0.85792215, -0.8794895 , -0.88558345, -0.86170467, -0.87383944,
       -1.00481626, -0.9339848 , -0.85415702, -0.93576   , -0.87897812,
       -0.87778803, -0.88987131, -0.89069802, -0.88251848, -0.87410262,
       -0.89320233, -0.86058042, -0.87615021, -0.900298  , -0.84294317,
       -0.88493951, -0.88248429, -0.88836946, -0.88627719, -0.87353808,
       -0.92081854, -0.85938071, -0.85655061, -0.89592072, -0.88995343,
       -0.879082  , -0.86500539, -0.88898775, -0.89285673, -0.94725648,
       -0.87602589, -0.871811  , -0.92811758, -0.86157035, -0.87215577,
       -0.8784881 , -0.9404751 , -0.94853269, -0.88280086, -0.89991007,
       -0.88627564, -0.85469786, -0.86535301, -0.87555872, -0.88905933,
       -0.87345262, -0.86443151, -0.87730518, -0.89000299, -0.86862075,
       -0.86536547, -0.85058905, -0.88317918, -0.89481629, -0.85681891,
       -1.12015193, -0.88224563, -0.87844028, -0.89840969, -0.87620224,
       -0.9041393 , -0.91806488, -0.88871962, -0.89266857, -0.87912787,
       -1.10243144, -0.87546425, -0.86478734, -0.92428809, -0.90761976,
       -0.87822071, -0.89931435, -0.89827438, -0.85903567, -0.90234814,
       -1.00382541, -0.86952135, -0.87752825, -0.87390108, -0.84705952,
       -0.86281937, -0.87514084, -0.86660153, -0.89539475, -0.88862803,
       -0.86590559, -0.88727257, -0.86698641, -0.8808234 , -0.92579   ,
       -0.87707064, -0.89277785, -0.87168691, -0.90912326, -0.92921381,
       -0.88026684, -0.90478412, -0.88557537, -0.91841419, -0.89464296,
       -0.88135912, -0.85798245, -0.92526505, -0.94452073, -0.87825897,
       -0.8792951 , -0.89381172, -0.88157513, -0.89339938, -0.87252532,
       -0.88356914, -0.85127511, -0.87367319, -0.97643222, -0.90957563,
       -0.8665897 , -0.89750464, -0.87761641, -0.87401009, -0.90441023,
       -0.87137104, -0.89592329, -0.91207248, -0.88121464, -0.86390444,
       -0.85760029, -0.89459473, -0.8662719 , -0.88397667, -0.85908138,
       -0.86735775, -0.8897239 , -0.87235945, -0.87943638, -0.85956622,
       -0.88966554, -0.87556268, -0.86137519, -0.91057095, -0.90037624,
       -1.06426746, -0.86887541, -0.85507037, -0.91794633, -0.86268879,
       -0.9296107 , -0.87770615, -0.85910827, -0.86606779, -0.92062695,
       -0.8728251 , -0.8658246 , -0.87754226, -0.86385475, -0.89921178,
       -0.88008847, -0.86673376, -0.91865154, -0.87404152, -0.93578908,
       -0.91373048, -0.86866621, -0.91324357, -0.85308834, -0.88400426,
       -0.88705774, -0.88551201, -0.89338287, -0.8621046 , -0.88585092,
       -0.86533608, -0.86248056, -0.86151384, -0.86725338, -0.88134141,
       -0.90492781, -0.85512108, -0.85916157, -0.93299339, -0.895699  ,
       -0.85685406, -0.85667734, -0.90614058, -0.87363043, -0.91507597,
       -0.93684495, -0.8680455 , -0.88159741, -0.90955678, -0.8952963 ,
       -0.85976666, -0.85745638, -0.89915575, -0.96409589, -0.89505193,
       -0.86614912, -0.86037392, -0.89213549, -0.94322349, -0.85621564,
       -0.86129288, -0.86576911, -0.90801433, -0.90152656, -1.00532643,
       -0.94497659, -0.90849515, -0.87273868, -0.87204771, -0.93047619,
       -0.86734182, -0.90213704, -0.89762466, -0.90643056, -0.88309356,
       -0.86513931, -1.03456715, -0.8733416 , -0.87722632, -0.87834203,
       -0.8739166 , -0.93055614, -0.86428102, -0.88833709, -0.89959984,
       -0.84772139, -0.8804873 , -0.87622414, -0.87751808, -0.87605184,
       -0.86682004, -0.89537964, -0.86316456, -0.85605114, -0.85788263,
       -0.86491395, -0.89253598, -0.85546586, -0.86231308, -0.871633  ,
       -0.84955308, -0.89109256, -0.87783286, -0.90428643, -0.89596357,
       -0.94811333, -1.02168675, -0.89456918, -0.93365751, -0.95553445,
       -0.89816085, -0.86097559, -0.89528011, -0.88238106, -0.87310649,
       -0.88141831, -0.94645009, -0.88096503, -0.86495678, -0.86008609,
       -0.87852627, -0.89589605, -0.85603586, -0.85909011, -0.92218031,
       -0.85684381, -0.90147853, -0.92194801, -0.89192804, -0.8715553 ,
       -0.89020791, -0.86031757, -0.8650388 , -0.89142523, -0.87098906,
       -0.87322312, -0.87748083, -0.87707876, -0.89440103, -0.88446487,
       -1.03574522, -0.86862346, -0.86676422, -0.90949528, -0.88921045,
       -0.86354259, -0.84008218, -0.86119954, -0.87739092, -0.8740704 ,
       -0.87335521, -0.86881495, -0.90060014, -0.85842926, -0.85620124,
       -0.87719682, -0.85824949, -0.89344932, -0.88682632, -0.89034886,
       -0.86723813, -0.86056672, -0.86734284, -0.89497201, -0.94019894,
       -0.87855226, -0.89534649, -0.86913957, -0.87353483, -0.87275383,
       -0.93286129, -0.8725918 , -0.87649376, -0.87646299, -0.90098675,
       -0.87816567, -0.89042918, -0.93092047, -0.85858323, -0.89712415,
       -0.85589148, -0.85964468, -0.91382479, -0.89690744, -0.90665546,
       -0.86150368, -0.89156423, -0.92869101, -0.91683603, -0.88828959,
       -0.95549342, -0.85762113, -0.96610664, -0.87887244, -0.90075448,
       -1.02861674, -0.86318837, -0.89449526, -0.85556472, -0.89078147,
       -0.84561999, -1.0083423 , -0.92142398, -0.85284844, -0.88343876,
       -0.86184001, -0.89340772, -0.92253505, -0.8546127 , -0.88952586,
       -0.87726874, -0.8822192 , -0.8641688 , -0.94965662, -0.88541701,
       -0.90290073, -0.88354351, -0.89104528, -1.41716577]), 'fs_0 - beta_shared': array([-7.54650264e-04,  1.90702558e-03, -7.37352232e-04, -2.88726069e-04,
        1.39478163e-04, -5.47806627e-05]), 'fs_0 - beta_sigma(p=7,n=3)_log__': array([-10.72817965, -10.70662589, -10.71411491, -10.72562013,
       -10.75769635, -10.67869293]), 'fs_0 - beta_z_offset(p=7,n=3)': array([[ 1.73713573e-04, -1.26017264e-04, -2.35938221e-06,
         1.43713401e-04, -1.11744702e-04, -7.84669761e-05],
       [ 3.25890642e-05, -1.45400432e-04,  5.91860340e-05,
         4.41915325e-05, -8.49849832e-06,  3.77632996e-05],
       [-6.45543825e-04,  2.69264482e-04, -2.03547858e-04,
        -2.96841279e-04,  1.22392051e-04,  1.22390115e-05],
       ...,
       [ 2.28777870e-05,  1.81193765e-04, -2.00613149e-05,
        -1.47615856e-05,  3.04740215e-05,  2.34087514e-05],
       [ 3.47474715e-05, -2.73395364e-04,  6.77380022e-05,
        -3.06339454e-05, -1.55978385e-05, -5.07917800e-05],
       [ 2.49883656e-03, -5.23337084e-03,  2.14123946e-03,
         8.68850445e-04, -3.82195762e-04,  1.24086944e-04]]), 'fs_1 - beta_shared': array([ 0.00758724, -0.00612006, -0.00646389, -0.00060415, -0.00234484,
       -0.00465444,  0.00222444, -0.00436249, -0.00095032, -0.00274034,
        0.00089248, -0.00110113, -0.00162265,  0.00138414, -0.0026226 ,
        0.00152113, -0.000276  ,  0.00192924,  0.00715126,  0.00566689]), 'fs_1 - beta_sigma(p=365.25,n=10)_log__': array([-10.56945811, -10.70683439, -10.63480021, -10.66400141,
       -10.62581095, -10.70303211, -10.68188312, -10.6511254 ,
       -10.66597013, -10.64178415, -10.75419316, -10.6623395 ,
       -10.70935112, -10.6784942 , -10.69215749, -10.70678963,
       -10.73989891, -10.70584747, -10.64961321, -10.6684832 ]), 'fs_1 - beta_z_offset(p=365.25,n=10)': array([[ 0.00306704,  0.00240017,  0.00076108, ..., -0.000384  ,
         0.00048642,  0.00035286],
       [-0.00071371, -0.00050187, -0.00037174, ..., -0.00252481,
         0.00189837, -0.00082625],
       [-0.00507447, -0.00419266, -0.00080778, ..., -0.00122778,
         0.00126183, -0.00111069],
       ...,
       [-0.00103662, -0.00046297, -0.00134603, ...,  0.00012655,
         0.00020475, -0.00060731],
       [ 0.00226771,  0.00177595,  0.00053975, ...,  0.00058792,
        -0.00134103, -0.00018779],
       [ 0.00592241,  0.01478321,  0.00319996, ..., -0.0019236 ,
        -0.01648199, -0.01894932]]), 'sigma_log__': array(-3.11483549), 'lt_0 - slope_sigma': array(0.18051674), 'fs_0 - beta_sigma(p=7,n=3)': array([2.19184973e-05, 2.23960514e-05, 2.22289534e-05, 2.19746701e-05,
       2.12809904e-05, 2.30304585e-05]), 'fs_1 - beta_sigma(p=365.25,n=10)': array([2.56887318e-05, 2.23913824e-05, 2.40638412e-05, 2.33713088e-05,
       2.42811326e-05, 2.24766827e-05, 2.29571040e-05, 2.36741837e-05,
       2.33253425e-05, 2.38963663e-05, 2.13556726e-05, 2.34101819e-05,
       2.23351002e-05, 2.30350360e-05, 2.27224420e-05, 2.23923845e-05,
       2.16631281e-05, 2.24134918e-05, 2.37100107e-05, 2.32667978e-05]), 'sigma': array(0.04438581), 'lt_0 - slope': array([1.84302358, 1.830063  , 1.81298745, 1.8287785 , 1.83450469,
       1.83661234, 1.83244823, 1.83850036, 1.82801998, 1.81401516,
       1.83091538, 1.84537206, 1.83186678, 1.83264548, 1.82133811,
       1.8307107 , 1.83434858, 1.83293399, 1.82988491, 1.81139494,
       1.83595179, 1.83780252, 1.83803704, 1.83390371, 1.83775323,
       1.84582606, 1.83331142, 1.85226861, 1.8301665 , 1.83683603,
       1.82807708, 1.83235455, 1.84400619, 1.84196786, 1.83185412,
       1.83304617, 1.83836293, 1.82921912, 1.82804729, 1.83231156,
       1.83614411, 1.83194744, 1.83599755, 1.83297494, 1.84732991,
       1.83546194, 1.83511054, 1.82459751, 1.8316481 , 1.83416089,
       1.83658769, 1.83900664, 1.81897736, 1.84042833, 1.8276198 ,
       1.83760372, 1.83130463, 1.83279561, 1.82706758, 1.82070665,
       1.83432027, 1.83902214, 1.82604281, 1.83815749, 1.8300423 ,
       1.83551812, 1.83167354, 1.83236695, 1.84015894, 1.82835185,
       1.83709633, 1.8318771 , 1.83315895, 1.83580316, 1.83532822,
       1.83002382, 1.83040913, 1.83232909, 1.81631008, 1.84107231,
       1.83073216, 1.82200936, 1.8299356 , 1.8369638 , 1.8359064 ,
       1.83170956, 1.83673999, 1.83093398, 1.82669674, 1.83492268,
       1.81052907, 1.81599371, 1.83193567, 1.83920857, 1.82847763,
       1.82935115, 1.82604501, 1.82147441, 1.83662676, 1.83657289,
       1.83945571, 1.83360067, 1.82795947, 1.82656109, 1.83260781,
       1.82350184, 1.82725288, 1.83295198, 1.82705537, 1.83501413,
       1.83721888, 1.8317247 , 1.829607  , 1.8373344 , 1.83888897,
       1.83696845, 1.83474996, 1.83146976, 1.83665391, 1.8479426 ,
       1.83219038, 1.83566513, 1.83782046, 1.82994793, 1.83012204,
       1.82564151, 1.80979197, 1.84444179, 1.83356518, 1.82987941,
       1.83777076, 1.82906092, 1.82966931, 1.8372956 , 1.82726073,
       1.83593713, 1.82936114, 1.83342748, 1.81940368, 1.83646775,
       1.83457694, 1.83185952, 1.83536923, 1.83068202, 1.83213723,
       1.81363659, 1.83787873, 1.83743676, 1.82443448, 1.82534569,
       1.83061827, 1.8421532 , 1.82714187, 1.82567527, 1.83685191,
       1.79523734, 1.8285018 , 1.83372868, 1.8177312 , 1.82067412,
       1.83706443, 1.82746438, 1.83508228, 1.83454107, 1.82124674,
       1.81565831, 1.82908309, 1.83824743, 1.83109555, 1.83368278,
       1.83147729, 1.83539979, 1.83397607, 1.84153702, 1.83999298,
       1.83222998, 1.83265376, 1.83544348, 1.83051791, 1.82633689,
       1.8243444 , 1.82335197, 1.8339002 , 1.83263962, 1.82571999,
       1.83936088, 1.81785999, 1.82600673, 1.84361426, 1.8213164 ,
       1.83396341, 1.83449358, 1.8247064 , 1.84686483, 1.83828701,
       1.82380358, 1.82808151, 1.83043672, 1.82751767, 1.83566681,
       1.83052301, 1.83278343, 1.83768198, 1.8506787 , 1.83221928,
       1.83665617, 1.83454999, 1.82456503, 1.83831857, 1.84251413,
       1.8324723 , 1.82129363, 1.84197011, 1.83578616, 1.83688066,
       1.83217578, 1.83693983, 1.82932072, 1.82211277, 1.83607417,
       1.83695829, 1.82680011, 1.83571701, 1.83528655, 1.83198256,
       1.82132782, 1.8296076 , 1.83260346, 1.84612596, 1.83827655,
       1.79198172, 1.82745659, 1.83486061, 1.84084504, 1.83529587,
       1.84795149, 1.83049844, 1.82972358, 1.83753677, 1.84205022,
       1.82838263, 1.83296953, 1.83716156, 1.83389474, 1.83177269,
       1.83588152, 1.83575257, 1.84497034, 1.82882441, 1.83525561,
       1.82429041, 1.82761343, 1.8274271 , 1.83208732, 1.83805181,
       1.8229785 , 1.836088  , 1.84102029, 1.83157945, 1.83559926,
       1.83274429, 1.82996888, 1.83681286, 1.83064721, 1.83761392,
       1.83407995, 1.82994179, 1.8346483 , 1.84350609, 1.8254404 ,
       1.83376291, 1.83229321, 1.83982176, 1.83152867, 1.81975354,
       1.83543536, 1.83398273, 1.83109885, 1.84435284, 1.84219967,
       1.83210798, 1.83435538, 1.8425952 , 1.81605899, 1.82964344,
       1.8348337 , 1.83243549, 1.82973091, 1.84116202, 1.83275394,
       1.83196375, 1.83739292, 1.82189307, 1.84194294, 1.81049359,
       1.83893889, 1.81699137, 1.83596594, 1.82896014, 1.84718798,
       1.8349939 , 1.83583293, 1.8287398 , 1.82661003, 1.83679656,
       1.82691114, 1.80101385, 1.83577289, 1.83003498, 1.8305034 ,
       1.82620033, 1.82928553, 1.83684532, 1.82404305, 1.82412492,
       1.83240014, 1.8288648 , 1.82590844, 1.83675741, 1.82915791,
       1.82765924, 1.82791965, 1.8279781 , 1.83352012, 1.83424934,
       1.83704539, 1.82418659, 1.83122977, 1.83651297, 1.83237574,
       1.83287595, 1.82465468, 1.83492681, 1.84115264, 1.83131596,
       1.81284511, 1.82558354, 1.83570116, 1.81889179, 1.84284896,
       1.83523584, 1.83451973, 1.83465221, 1.8359395 , 1.82343321,
       1.84045298, 1.82949189, 1.83087517, 1.83019178, 1.82941745,
       1.83740569, 1.839753  , 1.83378912, 1.83146058, 1.82580034,
       1.83121017, 1.84182296, 1.82281823, 1.83789701, 1.8368566 ,
       1.82574527, 1.82959648, 1.83687271, 1.82665868, 1.83465847,
       1.8293384 , 1.83605278, 1.82695834, 1.83955963, 1.83029644,
       1.82021314, 1.83651344, 1.83633705, 1.83266639, 1.82809643,
       1.82825371, 1.83213552, 1.83410307, 1.83976946, 1.83530296,
       1.8340983 , 1.83450744, 1.8404628 , 1.83453034, 1.83500807,
       1.8279802 , 1.83017043, 1.83948855, 1.8284454 , 1.83719482,
       1.83210392, 1.83625575, 1.83079433, 1.83606798, 1.84561917,
       1.83165307, 1.8414757 , 1.83606448, 1.83552711, 1.83573504,
       1.8177064 , 1.83314543, 1.83591281, 1.82823067, 1.84025924,
       1.83169724, 1.83302044, 1.81787279, 1.82755398, 1.83249173,
       1.83459306, 1.83466675, 1.82327019, 1.84100569, 1.83409316,
       1.83375475, 1.83018786, 1.84373789, 1.83782494, 1.83126474,
       1.84992007, 1.83393773, 1.816833  , 1.8382883 , 1.83040888,
       1.81500056, 1.82997812, 1.83077506, 1.83432818, 1.82872237,
       1.8324809 , 1.80132624, 1.83144376, 1.83076233, 1.83887359,
       1.82823342, 1.83673052, 1.82829895, 1.83179447, 1.82931416,
       1.83687037, 1.8351415 , 1.83603635, 1.8341797 , 1.83453095,
       1.82535438, 1.8294599 , 1.84011236, 2.34641234]), 'fs_0 - beta(p=7,n=3)': array([[-7.54646457e-04,  1.90702276e-03, -7.37352285e-04,
        -2.88722911e-04,  1.39475785e-04, -5.47824698e-05],
       [-7.54649550e-04,  1.90702232e-03, -7.37350917e-04,
        -2.88725098e-04,  1.39477982e-04, -5.47797930e-05],
       [-7.54664414e-04,  1.90703161e-03, -7.37356757e-04,
        -2.88732592e-04,  1.39480768e-04, -5.47803808e-05],
       ...,
       [-7.54649763e-04,  1.90702964e-03, -7.37352678e-04,
        -2.88726394e-04,  1.39478811e-04, -5.47801236e-05],
       [-7.54649503e-04,  1.90701946e-03, -7.37350726e-04,
        -2.88726742e-04,  1.39477831e-04, -5.47818324e-05],
       [-7.54595494e-04,  1.90690837e-03, -7.37304635e-04,
        -2.88706977e-04,  1.39470029e-04, -5.47778049e-05]]), 'fs_1 - beta(p=365.25,n=10)': array([[ 0.00758732, -0.00612   , -0.00646387, ...,  0.00192923,
         0.00715127,  0.0056669 ],
       [ 0.00758722, -0.00612007, -0.0064639 , ...,  0.00192918,
         0.00715131,  0.00566687],
       [ 0.00758711, -0.00612015, -0.00646391, ...,  0.00192921,
         0.00715129,  0.00566686],
       ...,
       [ 0.00758721, -0.00612007, -0.00646392, ...,  0.00192924,
         0.00715127,  0.00566687],
       [ 0.0075873 , -0.00612002, -0.00646387, ...,  0.00192925,
         0.00715123,  0.00566688],
       [ 0.00758739, -0.00611973, -0.00646381, ...,  0.00192919,
         0.00715087,  0.00566645]])}"
