,0
0,"{'lt_0 - slope_shared': array(0.94659213), 'lt_0 - slope_sigma_log__': array(-0.56362666), 'lt_0 - slope_z_offset': array([-1.09348027e-02, -7.26449261e-03, -2.53383447e-02,  2.37277698e-04,
       -1.43611697e-02,  4.77859852e-03,  8.55494441e-03, -1.29669530e-03,
       -6.43813489e-03, -3.08605257e-02,  4.16226117e-03, -2.36649279e-02,
        1.31537894e-02,  7.81821950e-03, -1.27188767e-02,  2.01293996e-05,
        3.89907507e-03,  2.97242332e-03,  1.35978980e-02, -4.45786000e-02,
       -6.67339122e-03,  2.45737851e-04, -8.69213862e-03,  7.27827044e-03,
        3.99628862e-04, -1.98555706e-02,  1.77681641e-02, -5.34535100e-02,
        9.81452945e-03,  2.20173932e-03, -8.62624496e-04, -2.23508330e-03,
       -9.51256620e-03, -1.22729519e-02,  2.28345060e-03,  7.31311402e-03,
       -3.45988711e-03, -3.37931636e-02,  9.76443041e-03,  8.78138749e-03,
       -2.35138965e-03,  3.36091957e-03,  7.98323539e-03,  8.50951765e-03,
       -2.69743380e-02,  2.11472856e-03,  8.95748355e-03,  1.04840077e-03,
        7.65074891e-03,  5.16611365e-03,  4.21458675e-04,  4.21126042e-03,
       -2.09633051e-02, -2.59814701e-03, -1.75984430e-03,  4.46074820e-03,
        1.46777882e-02,  2.68925361e-03, -1.69721719e-02, -1.35814970e-02,
       -4.69038525e-03, -2.92888790e-03, -4.98751672e-04,  1.60373806e-03,
       -2.97302461e-03,  3.91590918e-03,  2.65177918e-03,  1.31781733e-02,
        4.23136064e-03, -6.36107541e-03,  6.50878849e-03,  8.68274845e-04,
       -5.33820231e-03,  8.56807475e-03,  2.47362663e-03,  1.15579956e-04,
        6.95781897e-04, -2.41237336e-03, -2.48076995e-02, -3.51650687e-03,
        1.17535752e-02, -4.34670446e-03,  8.74381095e-03,  1.85552653e-04,
        5.84629485e-03,  7.14891616e-03, -9.21871216e-04, -1.64295228e-03,
        6.57109369e-03,  3.90362279e-03, -4.10256722e-02, -1.88312804e-02,
        8.94757849e-03, -1.72193990e-02, -2.06273923e-03,  1.63281980e-03,
       -3.99864943e-03, -6.93607195e-03, -2.28944139e-03,  3.95844103e-03,
       -5.43094326e-03,  6.08591003e-03, -1.60820212e-03, -7.78644462e-03,
        1.41164395e-02, -2.84325829e-03, -2.32986681e-03, -8.32235295e-03,
       -2.82297241e-03,  2.41865857e-03, -2.01280207e-02,  7.30130532e-03,
        7.52664116e-03, -1.88429203e-03, -1.35919066e-03,  9.18481512e-04,
        4.76503972e-03, -3.71472591e-03, -2.21930294e-03, -2.32646629e-02,
       -1.38427595e-05,  5.48713123e-03, -1.41571219e-02,  6.58620471e-03,
        1.89714425e-03,  1.02603431e-03, -2.48144841e-02, -2.04512596e-02,
       -3.34850636e-02, -7.64082864e-03, -1.76826221e-03,  8.18918024e-03,
        6.26802983e-03,  2.00696412e-03, -3.07085494e-03,  5.92689692e-04,
        4.82851867e-03, -1.46963437e-03, -6.40530320e-03,  8.04901363e-03,
        1.04480207e-02,  1.02751723e-02,  4.94938256e-03, -6.12488492e-03,
        7.94704503e-03, -9.12916863e-02,  4.16666820e-04,  2.19501409e-04,
       -7.40456018e-03,  1.29459410e-03, -1.04433205e-02, -1.38924539e-02,
       -6.51845933e-03, -5.51428420e-03,  3.09659611e-03, -9.22252444e-02,
        4.73465547e-04,  5.70392021e-03, -1.82963533e-02, -9.88563187e-03,
        1.10518568e-03, -9.66244973e-03, -1.00124584e-02,  1.02403666e-02,
       -8.15188832e-03, -5.34274714e-02,  3.92917092e-03,  8.94771850e-04,
        2.28474677e-03,  1.32388257e-02,  7.83516029e-03,  8.03366200e-04,
        1.75579577e-03, -5.88171118e-03, -2.04475702e-03,  5.22927011e-03,
       -5.20374074e-03,  5.59311001e-03, -5.46061660e-04, -1.78796637e-02,
        1.45964172e-03, -3.80402472e-03,  3.06655053e-03, -9.32462601e-03,
       -3.79250820e-02, -1.36184430e-03, -1.31836371e-02, -1.64352817e-03,
       -1.56659469e-02, -6.29032871e-03,  2.28620717e-03,  6.37023466e-03,
       -2.03197823e-02, -2.63055216e-02,  9.91523269e-04, -1.54658383e-03,
       -5.15374963e-03, -3.33723835e-03, -4.44156155e-03,  1.91530031e-03,
       -3.84599882e-03,  8.72357629e-03,  2.34355260e-03, -2.96213377e-02,
       -1.63132686e-02,  1.61328724e-03, -8.39300546e-03, -7.72349626e-04,
        1.59981133e-04, -1.02150033e-02, -1.45033286e-02, -5.55924089e-03,
       -6.00676572e-03, -3.73441327e-04,  5.89487801e-03,  7.63131102e-03,
       -7.73046340e-03,  5.81863009e-03, -2.06758541e-03,  6.40318165e-03,
        3.61753438e-03, -6.98454651e-03,  2.24501079e-03,  7.76349065e-03,
        7.96470779e-03, -3.58527707e-03, -3.51333967e-05,  4.34453082e-03,
       -1.31761090e-02, -8.98663729e-04, -6.86989079e-02,  5.75208176e-03,
        8.11318336e-03, -1.45941992e-02,  1.02076111e-02, -2.29245443e-02,
        1.02540374e-03,  8.98078241e-03,  6.05871428e-03, -6.85048492e-03,
        1.95523679e-03,  6.04639370e-03,  4.07681471e-03,  5.51709544e-03,
       -8.27542469e-03,  1.36101944e-03,  3.55882921e-03, -1.60940060e-02,
        8.44024254e-04, -2.32512458e-02, -1.92129038e-02,  2.19526489e-03,
       -1.40585599e-02,  8.59034376e-03,  1.67048460e-03, -4.97921387e-03,
       -2.40028114e-03, -3.73426764e-03,  2.83390414e-03,  3.29376197e-03,
        6.99199831e-03,  4.13513144e-03,  4.94763233e-03,  4.52881724e-03,
       -2.15119234e-03, -1.40724475e-02,  9.71047140e-03,  1.05237238e-02,
       -1.81294527e-02, -1.87325826e-03,  8.47729055e-03,  7.59473680e-03,
       -8.84906193e-03,  2.02014781e-04, -1.42966925e-02, -2.31181329e-02,
        4.10444036e-03,  3.98980572e-05, -8.70126699e-03, -7.30771753e-03,
        8.82779857e-03,  1.00978094e-02, -6.11856161e-03, -3.60705816e-02,
       -5.33544999e-03,  4.16630164e-03,  7.61169376e-03, -8.62961071e-03,
       -2.31320572e-02,  7.23194307e-03,  7.25826211e-03,  5.10768427e-03,
       -1.08881229e-02, -1.02981770e-02, -4.74045375e-02, -2.47310022e-02,
       -1.16818102e-02,  3.04893796e-03,  1.74494250e-05, -2.25497939e-02,
        5.57606212e-03, -9.05337607e-03, -1.07275698e-02, -1.33349870e-02,
        3.66273900e-03,  7.61996453e-03, -6.20139764e-02,  5.62177924e-03,
        1.25794679e-03,  9.54816168e-04, -2.43002107e-04, -2.14478289e-02,
        3.86817457e-03, -2.77995589e-03, -7.76060847e-03,  1.05478814e-02,
       -9.70986052e-04,  2.39513945e-03, -5.99908116e-04, -3.44474006e-04,
        3.93862119e-03, -3.07480950e-03,  4.24163867e-03,  1.03097989e-02,
        7.87443856e-03,  6.11636737e-03, -5.50132390e-03,  9.00629732e-03,
        5.32888090e-03,  2.06783020e-04,  1.23786615e-02, -1.47740519e-02,
        3.50315216e-04, -8.68201986e-03, -7.31702141e-03, -4.66222969e-02,
       -5.01828586e-02, -7.45804795e-03, -2.30720418e-02, -2.80377495e-02,
        3.65190436e-03,  1.00451193e-02, -7.36945673e-03, -8.77556448e-04,
        3.36018367e-03, -2.36202824e-03, -2.56851136e-02, -1.54950763e-03,
        5.24643447e-03,  9.48260272e-03, -3.95082088e-03, -5.38612865e-03,
        1.53656949e-02,  5.16867067e-03, -1.73736899e-02,  8.15013779e-03,
       -9.12951226e-03, -1.64093042e-02, -5.98943773e-03,  5.74402036e-03,
       -4.92125785e-03,  6.49968128e-03,  3.83969311e-03, -4.19675583e-03,
        9.40879844e-03, -1.91432552e-04,  7.40647925e-03, -7.60383930e-05,
       -3.06433290e-03, -2.79598653e-04, -5.94676040e-02,  4.07232082e-03,
        4.53571086e-03, -8.76760400e-03, -2.37192307e-03,  7.11243504e-03,
        1.45422846e-02,  1.22116914e-02,  3.25465294e-04,  3.82627280e-03,
        6.28439553e-03,  2.53356251e-03, -4.27300515e-03,  7.75641373e-03,
        1.12827347e-02,  1.16818001e-03,  8.64034807e-03,  2.02524409e-03,
       -1.47853435e-02, -6.30136270e-03,  4.49500726e-03,  5.18470052e-03,
        4.99751376e-03, -2.92058641e-02, -2.53793749e-02, -1.20863907e-03,
       -8.00309109e-03,  9.64613094e-04,  8.57102945e-04,  7.18051161e-03,
       -2.06413886e-02,  1.83338309e-03,  4.85763886e-03, -2.30202361e-02,
       -8.15002104e-03,  1.27550410e-03, -3.62281676e-03, -2.05029674e-02,
        8.62542448e-03, -1.20337871e-02,  9.80441100e-03,  5.85155547e-03,
       -1.10690313e-02, -8.02445093e-03, -9.28507592e-03,  6.41563843e-03,
       -5.10663139e-03, -2.05505087e-02, -1.63819592e-02, -3.27013691e-03,
       -2.51397579e-02,  9.00780286e-03, -3.05827647e-02,  4.56178039e-03,
       -8.03763792e-03, -5.72536542e-02,  5.90511259e-03, -6.13269733e-03,
        8.96651261e-03, -3.31217194e-03,  1.20680111e-02, -4.63320300e-02,
       -1.35139575e-02,  1.06692522e-02, -8.01132437e-04,  6.73435733e-03,
       -6.35069341e-03, -2.45885999e-02,  9.15498829e-03, -6.58392883e-03,
       -2.37903140e-03,  6.61851449e-04,  4.03894421e-03, -2.16432732e-02,
       -3.20943980e-03, -5.33120714e-03, -4.94833869e-04, -1.04371990e-03,
        1.46523460e+00]), 'lt_0 - delta': array([-0.02680991, -0.10641219, -0.17318348, -0.20943963, -0.16564355,
       -0.06969964,  0.01793816,  0.12842141,  0.17242958,  0.08529979,
       -0.07122507, -0.32260458, -0.5897477 , -0.7986991 , -0.75402032,
       -0.28700933,  0.54365517,  1.32974566,  1.49780404,  0.70702925,
       -0.24992803, -0.51944043, -0.4968529 , -0.53312987, -1.00975321]), 'lt_0 - intercept': array([-2.73442729e-02, -1.65766086e-02, -4.66689368e-02, -1.25173069e-03,
       -3.12972262e-02,  5.79747935e-03,  1.43817344e-02, -6.39329808e-03,
       -1.44113817e-02, -5.72464035e-02,  6.45205717e-03, -5.56258264e-02,
        2.49593899e-02,  1.48121178e-02, -2.37464963e-02, -2.40979433e-03,
        4.97292589e-03,  3.16483567e-03,  2.55281259e-02, -8.34904325e-02,
       -1.60845831e-02, -4.24443928e-03, -2.04038929e-02,  1.19392967e-02,
       -3.29440056e-03, -4.66556058e-02,  3.39104533e-02, -1.14567150e-01,
        1.80985883e-02,  4.47804488e-04, -2.89033363e-03, -6.95425274e-03,
       -2.61501211e-02, -2.88624808e-02,  3.02547874e-03,  1.22294962e-02,
       -1.19012946e-02, -7.05842659e-02,  1.84800628e-02,  1.51908063e-02,
       -8.32761034e-03,  5.15609473e-03,  1.31225240e-02,  1.55903869e-02,
       -5.95407953e-02,  4.06993259e-04,  1.57977893e-02,  3.19238791e-03,
        1.32330244e-02,  6.98038983e-03, -3.16075790e-03,  4.21648722e-03,
       -3.82141799e-02, -9.87589154e-03, -4.91639879e-03,  6.62423271e-03,
        2.82470824e-02,  2.32434856e-03, -3.48336573e-02, -2.54476343e-02,
       -1.32117890e-02, -1.00976589e-02, -7.10580786e-04, -6.92784725e-04,
       -6.59535569e-03,  5.26005843e-03,  2.98666613e-03,  2.56353712e-02,
        4.18105695e-03, -1.38536611e-02,  9.27438083e-03, -3.27836431e-04,
       -1.40697553e-02,  1.40777555e-02,  3.01604888e-03, -1.41041698e-03,
       -6.79115238e-04, -8.19480501e-03, -4.72115606e-02, -1.18404775e-02,
        2.27105041e-02, -7.21380373e-03,  1.64955731e-02, -1.31766110e-03,
        7.87293361e-03,  1.25941020e-02, -5.30917677e-03, -5.72532062e-03,
        1.20567353e-02,  4.97332104e-03, -7.65644746e-02, -3.37638286e-02,
        1.67932495e-02, -3.69835337e-02, -3.33543990e-03,  1.29238065e-03,
       -7.55639805e-03, -1.39623863e-02, -8.26625270e-03,  5.53296973e-03,
       -1.54809857e-02,  9.26565204e-03, -4.13497882e-03, -1.58935122e-02,
        2.61495956e-02, -5.53481127e-03, -3.96288875e-03, -1.97904340e-02,
       -5.14519653e-03,  2.01300729e-03, -4.52527838e-02,  1.31053635e-02,
        1.33177982e-02, -4.93048990e-03, -6.29715198e-03, -1.22675909e-03,
        6.08131455e-03, -1.07307956e-02, -7.68708555e-03, -5.22278768e-02,
       -2.79615219e-03,  9.27479456e-03, -2.90062304e-02,  1.25556252e-02,
        3.95655559e-03,  2.18854863e-03, -4.72638409e-02, -4.62277874e-02,
       -6.86014827e-02, -1.67034595e-02, -8.42975248e-03,  1.52025139e-02,
        1.29057227e-02,  2.68533674e-04, -5.56490316e-03, -1.54757350e-03,
        8.19120151e-03, -5.63140160e-03, -1.28681922e-02,  1.26647175e-02,
        1.85967101e-02,  1.94799401e-02,  7.95741068e-03, -1.43199359e-02,
        1.46835253e-02, -1.75644163e-01, -2.59359145e-03, -3.63671108e-03,
       -1.30518810e-02,  2.28871128e-03, -2.25895975e-02, -3.22235380e-02,
       -1.36710547e-02, -1.33588041e-02,  2.83112050e-03, -1.75849277e-01,
       -7.23424311e-04,  9.93789511e-03, -3.32806400e-02, -1.79352522e-02,
       -1.17586478e-03, -2.06697005e-02, -2.41125317e-02,  1.80039762e-02,
       -1.58101942e-02, -1.01668136e-01,  6.59091528e-03, -2.93948430e-03,
        2.62504688e-03,  2.46376742e-02,  1.37116507e-02, -1.74653589e-03,
       -4.80745959e-04, -1.76343349e-02, -9.30369986e-03,  8.08856018e-03,
       -1.46207767e-02,  8.95499705e-03, -2.99780254e-03, -3.45041596e-02,
        2.44244360e-03, -7.29024586e-03,  3.20739181e-03, -2.12302064e-02,
       -7.38642913e-02, -7.04559449e-03, -2.60863853e-02, -3.39041229e-03,
       -3.80037010e-02, -1.18066362e-02,  2.78263118e-03,  9.96811226e-03,
       -4.19100662e-02, -5.89917931e-02, -2.49727620e-03, -2.75504682e-03,
       -9.43392192e-03, -6.41660082e-03, -8.33156463e-03,  2.53659094e-04,
       -7.15121597e-03,  1.49276293e-02,  7.57371519e-04, -6.47707626e-02,
       -3.43209604e-02, -9.42148667e-04, -2.02194559e-02, -1.95980872e-03,
       -4.50246824e-03, -2.60921505e-02, -2.95179072e-02, -8.86617152e-03,
       -1.64599848e-02, -3.50971034e-03,  7.98483788e-03,  1.36794445e-02,
       -1.93748294e-02,  1.03244694e-02, -3.55706459e-03,  9.14109328e-03,
        3.58254810e-03, -1.62813230e-02,  1.11567437e-03,  1.35612120e-02,
        1.48699973e-02, -5.62693211e-03, -7.19098285e-04,  6.69549901e-03,
       -3.47610859e-02, -5.44517223e-03, -1.27058390e-01,  1.13046835e-02,
        1.35531382e-02, -3.29407738e-02,  1.80588331e-02, -5.46600534e-02,
       -3.10419475e-04,  1.69118249e-02,  8.51392578e-03, -1.84303837e-02,
        2.08700042e-03,  1.07744479e-02,  5.91254084e-03,  8.43263985e-03,
       -1.99431275e-02,  4.89974860e-04,  4.02215828e-03, -3.89315759e-02,
       -2.20228162e-04, -5.14575061e-02, -3.87667577e-02,  2.88363592e-03,
       -2.90545159e-02,  1.49456171e-02, -5.24777885e-05, -9.63043372e-03,
       -9.06280439e-03, -1.26565493e-02,  3.34408038e-03,  5.17825308e-03,
        1.23734516e-02,  7.34325076e-03,  6.18006639e-03,  7.10048061e-03,
       -8.81113702e-03, -3.16434156e-02,  1.86041231e-02,  1.88017033e-02,
       -4.12561915e-02, -3.49774150e-03,  1.44473667e-02,  1.22665987e-02,
       -2.24565592e-02, -1.20100861e-03, -2.72732185e-02, -5.03061034e-02,
        5.50118365e-03, -2.17832848e-03, -2.34522843e-02, -2.08717246e-02,
        1.59824445e-02,  1.77139630e-02, -1.79785061e-02, -6.99926320e-02,
       -1.11437435e-02,  5.33706598e-03,  1.40977988e-02, -1.93751580e-02,
       -5.20928082e-02,  1.25742364e-02,  1.22167495e-02,  6.29505497e-03,
       -2.04966762e-02, -2.65260927e-02, -8.73402110e-02, -5.48932023e-02,
       -2.26682335e-02,  2.75995331e-03, -1.28730831e-03, -5.31406976e-02,
        8.18951904e-03, -2.17486606e-02, -2.33300888e-02, -2.81628565e-02,
        4.56399245e-03,  1.47398375e-02, -1.15395665e-01,  7.97026503e-03,
        4.82898409e-04,  1.50735170e-04, -1.58666941e-03, -4.54918423e-02,
        3.65934492e-03, -4.15483863e-03, -1.39226551e-02,  1.90554491e-02,
       -2.82297896e-03,  4.07705934e-03, -4.25143282e-03, -1.22137647e-03,
        7.20725815e-03, -5.91196801e-03,  7.26876056e-03,  1.81712736e-02,
        1.30987780e-02,  8.97373701e-03, -1.18378355e-02,  1.74129169e-02,
        6.74258422e-03, -2.94597608e-03,  2.31335012e-02, -2.85468549e-02,
       -2.99580234e-03, -2.21186916e-02, -1.78854370e-02, -8.89907121e-02,
       -9.84221419e-02, -1.79932914e-02, -4.35860028e-02, -6.26848072e-02,
        5.28384175e-03,  1.75859605e-02, -1.87227310e-02, -5.36733797e-03,
        7.50652276e-03, -1.01174471e-02, -5.32906196e-02, -6.12072808e-03,
        9.15450118e-03,  1.84667406e-02, -1.26306251e-02, -1.44270241e-02,
        2.84828848e-02,  8.13308486e-03, -3.46616875e-02,  1.43199489e-02,
       -2.41428857e-02, -3.13699700e-02, -1.68553192e-02,  8.64657893e-03,
       -1.07303186e-02,  1.14183132e-02,  4.01549965e-03, -9.14257762e-03,
        1.71581934e-02, -1.18081782e-03,  1.18009608e-02, -6.00086386e-04,
       -1.05930913e-02, -2.36875044e-03, -1.14890745e-01,  5.01605908e-03,
        5.38962382e-03, -1.86280242e-02, -5.09161483e-03,  1.40771552e-02,
        2.73980285e-02,  2.24286838e-02, -3.77637829e-03,  5.01942322e-03,
        1.08178410e-02,  1.87679799e-03, -1.34020318e-02,  1.26816740e-02,
        2.03307238e-02,  3.09244838e-03,  1.66622116e-02,  3.47654632e-05,
       -2.81881922e-02, -1.56724718e-02,  6.52314523e-03,  6.42933953e-03,
        7.88299270e-03, -5.90446932e-02, -5.63755443e-02, -4.97600872e-03,
       -2.18517747e-02, -2.91742864e-03, -1.45407270e-03,  1.08768508e-02,
       -3.79845269e-02,  1.11564445e-03,  7.17434003e-03, -4.56711280e-02,
       -1.98835477e-02,  1.91310253e-03, -1.07248331e-02, -3.81659057e-02,
        1.62047427e-02, -2.75750294e-02,  1.69366674e-02,  8.27078379e-03,
       -2.04806614e-02, -2.12838127e-02, -2.16613873e-02,  1.05476997e-02,
       -1.03484316e-02, -4.80551444e-02, -3.70885354e-02, -6.11952964e-03,
       -5.75293970e-02,  1.58982881e-02, -5.71236667e-02,  5.18669510e-03,
       -1.64361518e-02, -1.09887133e-01,  1.18427339e-02, -1.16934651e-02,
        1.50619739e-02, -7.83499022e-03,  2.22078087e-02, -8.54303307e-02,
       -2.67373142e-02,  2.03295629e-02, -6.43542288e-03,  1.26300180e-02,
       -1.70101067e-02, -5.01719177e-02,  1.72666559e-02, -1.47613239e-02,
       -9.35507752e-03, -5.15899787e-04,  4.26903983e-03, -4.40746624e-02,
       -9.21717177e-03, -1.03153155e-02, -2.77208946e-03, -6.13810099e-03,
       -8.89177264e-01]), 'fs_0 - beta_shared': array([-9.13695333e-05,  9.38601066e-04, -6.36471864e-04,  1.20562438e-04,
       -2.79623429e-04, -3.76941212e-04]), 'fs_0 - beta_sigma(p=7,n=3)_log__': array([-5.93079946, -5.91407812, -5.93501283, -5.90198267, -5.96062084,
       -5.92509751]), 'fs_0 - beta_z_offset(p=7,n=3)': array([[-7.15298828e-05, -1.15770976e-04,  4.64125003e-05,
        -5.57640858e-05,  3.84844527e-05,  3.45887832e-05],
       [-4.46805528e-05, -7.49699581e-05,  2.97353055e-05,
        -2.57459033e-06,  1.54871403e-05,  3.99655736e-05],
       [-1.23224688e-04,  2.70554693e-04, -2.36273086e-04,
         5.68314748e-05, -1.15594045e-04, -1.48025656e-04],
       ...,
       [ 4.84722799e-05,  1.07627107e-04, -3.60672119e-05,
         3.20156851e-05, -2.06109522e-05, -2.15037108e-05],
       [-3.59384108e-05, -1.14043710e-04,  4.70286435e-05,
        -8.56797674e-05,  3.96553467e-05, -1.73001918e-06],
       [ 4.12381697e-04, -1.37772856e-03,  1.02743712e-03,
        -2.07823362e-04,  4.50334729e-04,  6.24228500e-04]]), 'fs_1 - beta_shared': array([ 0.00766158, -0.00204297, -0.00707729,  0.00542069, -0.00622227,
       -0.00364051,  0.00454366, -0.00613524,  0.00545177,  0.00117071,
        0.00035482,  0.00322438, -0.00095714, -0.00183838,  0.0050997 ,
       -0.0012997 ,  0.0041008 ,  0.00412401,  0.00298858, -0.00096884]), 'fs_1 - beta_sigma(p=365.25,n=10)_log__': array([-5.82127061, -5.90701532, -5.89864834, -5.8673135 , -5.8728984 ,
       -5.90845469, -5.89468358, -5.92683043, -5.93255153, -5.92489401,
       -5.88974148, -5.90735539, -5.87465649, -5.9235901 , -5.90329279,
       -5.88878399, -5.95933114, -5.95428573, -5.94295795, -5.94275501]), 'fs_1 - beta_z_offset(p=365.25,n=10)': array([[ 1.06756495e-03,  1.64827393e-03, -5.05691594e-04, ...,
        -8.34330680e-04,  2.82212074e-04, -7.52008526e-05],
       [ 1.31481789e-04,  1.61724528e-05, -6.02648647e-04, ...,
        -1.10753654e-03,  1.02615643e-03,  4.70677901e-05],
       [-2.13815924e-03, -2.77614245e-03,  1.14769505e-03, ...,
         2.47330786e-04,  3.33645300e-04, -4.81616192e-04],
       ...,
       [ 3.82470604e-05, -1.14686102e-04, -5.17750809e-04, ...,
         5.93937970e-04,  4.75417128e-05,  3.01708510e-05],
       [ 9.92829266e-04,  8.58186131e-04, -4.17170931e-04, ...,
        -1.62893485e-04, -4.18942334e-04, -5.30153524e-04],
       [-8.09597056e-04, -3.97604355e-03,  9.30578706e-05, ...,
        -7.25788976e-03, -1.55973789e-03, -4.04561019e-04]]), 'sigma_log__': array(-2.98946214), 'lt_0 - slope_sigma': array(0.56914124), 'fs_0 - beta_sigma(p=7,n=3)': array([0.00265636, 0.00270115, 0.00264519, 0.00273402, 0.00257831,
       0.00267155]), 'fs_1 - beta_sigma(p=365.25,n=10)': array([0.00296384, 0.00272029, 0.00274315, 0.00283047, 0.0028147 ,
       0.00271638, 0.00275405, 0.00266692, 0.00265171, 0.00267209,
       0.00276769, 0.00271937, 0.00280976, 0.00267558, 0.00273044,
       0.00277034, 0.00258164, 0.0025947 , 0.00262426, 0.00262479]), 'sigma': array(0.05031449), 'lt_0 - slope': array([0.94036868, 0.9424576 , 0.93217103, 0.94672717, 0.93841859,
       0.94931182, 0.9514611 , 0.94585412, 0.94292792, 0.92902813,
       0.94896104, 0.93312344, 0.95407849, 0.9510418 , 0.93935329,
       0.94660358, 0.94881125, 0.94828386, 0.95433125, 0.92122061,
       0.94279402, 0.94673199, 0.94164507, 0.95073449, 0.94681957,
       0.9352915 , 0.95670472, 0.91616953, 0.95217798, 0.94784523,
       0.94610117, 0.94532005, 0.94117813, 0.93960708, 0.94789173,
       0.95075432, 0.94462296, 0.92735904, 0.95214947, 0.95158998,
       0.94525385, 0.94850496, 0.95113572, 0.95143524, 0.93123992,
       0.94779571, 0.9516902 , 0.94718882, 0.95094648, 0.94953238,
       0.946832  , 0.94898893, 0.93466105, 0.94511341, 0.94559053,
       0.94913092, 0.95494586, 0.94812269, 0.93693256, 0.93886234,
       0.94392264, 0.94492518, 0.94630827, 0.94750488, 0.94490006,
       0.94882083, 0.94810136, 0.95409237, 0.94900037, 0.94297178,
       0.95029655, 0.9470863 , 0.94355394, 0.95146857, 0.94799997,
       0.94665791, 0.94698813, 0.94521915, 0.93247304, 0.94459074,
       0.95328157, 0.94411824, 0.95156859, 0.94669773, 0.94991949,
       0.95066087, 0.94606745, 0.94565706, 0.95033201, 0.94881384,
       0.92324273, 0.93587447, 0.95168456, 0.93679186, 0.94541814,
       0.94752143, 0.94431633, 0.94264452, 0.94528911, 0.94884504,
       0.94350115, 0.95005587, 0.94567683, 0.94216054, 0.95462637,
       0.94497391, 0.9452661 , 0.94185553, 0.94498546, 0.94796869,
       0.93513644, 0.9507476 , 0.95087585, 0.9455197 , 0.94581856,
       0.94711487, 0.94930411, 0.94447792, 0.94532903, 0.93335125,
       0.94658425, 0.94971508, 0.93853473, 0.95034061, 0.94767187,
       0.94717609, 0.93246918, 0.93495247, 0.9275344 , 0.94224342,
       0.94558574, 0.95125293, 0.95015952, 0.94773437, 0.94484438,
       0.94692945, 0.94934024, 0.9457557 , 0.9429466 , 0.95117315,
       0.95253853, 0.95244015, 0.94940902, 0.9431062 , 0.95111512,
       0.89463426, 0.94682927, 0.94671705, 0.94237789, 0.94732893,
       0.9406484 , 0.93868536, 0.9428822 , 0.94345372, 0.94835453,
       0.89410294, 0.9468616 , 0.94983846, 0.93617892, 0.94096581,
       0.94722113, 0.94109283, 0.94089362, 0.95242034, 0.94195255,
       0.91618435, 0.94882838, 0.94710138, 0.94789247, 0.95412689,
       0.95105144, 0.94704936, 0.94759142, 0.9432446 , 0.94542837,
       0.94956832, 0.94363046, 0.9497754 , 0.94628134, 0.93641607,
       0.94742287, 0.9444271 , 0.94833743, 0.9412851 , 0.9250074 ,
       0.94581705, 0.93908878, 0.94565673, 0.93767599, 0.94301204,
       0.9478933 , 0.95021769, 0.9350273 , 0.93162057, 0.94715644,
       0.9457119 , 0.94365892, 0.94469277, 0.94406425, 0.9476822 ,
       0.94440321, 0.95155707, 0.94792594, 0.9297334 , 0.93730757,
       0.94751032, 0.94181532, 0.94615255, 0.94668318, 0.94077835,
       0.93833768, 0.94342813, 0.94317343, 0.94637959, 0.94994715,
       0.95093542, 0.9421924 , 0.94990375, 0.94541538, 0.95023644,
       0.94865101, 0.94261693, 0.94786986, 0.95101065, 0.95112517,
       0.9445516 , 0.94657213, 0.94906478, 0.93909306, 0.94608066,
       0.90749275, 0.94986587, 0.95120967, 0.93828597, 0.9524017 ,
       0.93354482, 0.94717573, 0.95170346, 0.95004039, 0.94269323,
       0.94770493, 0.95003338, 0.94891241, 0.94973213, 0.94188224,
       0.94736674, 0.9486176 , 0.93743236, 0.9470725 , 0.93335888,
       0.93565727, 0.94784154, 0.93859082, 0.95148125, 0.94754287,
       0.94375825, 0.94522603, 0.9444668 , 0.94820502, 0.94846674,
       0.95057156, 0.9489456 , 0.94940803, 0.94916966, 0.94536779,
       0.93858292, 0.95211876, 0.95258161, 0.93627391, 0.94552598,
       0.9514169 , 0.9509146 , 0.94155576, 0.9467071 , 0.93845529,
       0.93343464, 0.94892813, 0.94661483, 0.94163988, 0.942433  ,
       0.95161639, 0.95233921, 0.9431098 , 0.92606287, 0.9435555 ,
       0.94896334, 0.95092426, 0.94168066, 0.93342672, 0.95070812,
       0.9507231 , 0.94949912, 0.94039525, 0.94073101, 0.91961225,
       0.93251669, 0.93994353, 0.9483274 , 0.94660206, 0.93375811,
       0.94976569, 0.94143948, 0.94048662, 0.93900264, 0.94867674,
       0.95092896, 0.91129742, 0.94979171, 0.94730808, 0.94713555,
       0.94645382, 0.93438528, 0.94879366, 0.94500994, 0.94217524,
       0.95259536, 0.9460395 , 0.9479553 , 0.94625069, 0.94639607,
       0.94883376, 0.94484213, 0.94900622, 0.95245986, 0.95107379,
       0.9500732 , 0.9434611 , 0.95171798, 0.94962501, 0.94670982,
       0.95363733, 0.9381836 , 0.94679151, 0.94165083, 0.94242771,
       0.92005746, 0.91803099, 0.94234744, 0.93346088, 0.93063469,
       0.94867058, 0.95230922, 0.94239787, 0.94609267, 0.94850455,
       0.9452478 , 0.93197367, 0.94571024, 0.94957809, 0.95198907,
       0.94434355, 0.94352666, 0.95533738, 0.94953383, 0.93670404,
       0.95123071, 0.94139615, 0.93725292, 0.94318329, 0.94986129,
       0.94379124, 0.95029136, 0.94877745, 0.94420358, 0.95194706,
       0.94648317, 0.95080746, 0.94654885, 0.94484809, 0.946433  ,
       0.91274666, 0.94890985, 0.94917359, 0.94160212, 0.94524217,
       0.95064011, 0.95486874, 0.9535423 , 0.94677736, 0.94876982,
       0.95016884, 0.94803408, 0.94416018, 0.95100662, 0.9530136 ,
       0.94725699, 0.95150971, 0.94774478, 0.93817718, 0.94300576,
       0.94915042, 0.94954295, 0.94943642, 0.92996987, 0.93214768,
       0.94590424, 0.94203724, 0.94714113, 0.94707994, 0.95067885,
       0.93484426, 0.94763558, 0.94935681, 0.93349036, 0.94195361,
       0.94731807, 0.94453023, 0.93492304, 0.95150121, 0.9397432 ,
       0.95217222, 0.94992249, 0.94029228, 0.94202508, 0.94130761,
       0.95024353, 0.94368573, 0.93489599, 0.93726848, 0.94473096,
       0.93228405, 0.95171884, 0.92918621, 0.94918842, 0.94201758,
       0.91400671, 0.94995297, 0.94310176, 0.95169534, 0.94470703,
       0.95346053, 0.92022266, 0.93890078, 0.95266444, 0.94613617,
       0.95042493, 0.94297769, 0.93259774, 0.95180261, 0.94284494,
       0.94523812, 0.94696881, 0.94889086, 0.93427405, 0.9447655 ,
       0.94355792, 0.9463105 , 0.9459981 , 1.78051756]), 'fs_0 - beta(p=7,n=3)': array([[-9.15595423e-05,  9.38288351e-04, -6.36349094e-04,
         1.20409977e-04, -2.79524204e-04, -3.76848806e-04],
       [-9.14882208e-05,  9.38398561e-04, -6.36393209e-04,
         1.20555399e-04, -2.79583499e-04, -3.76834442e-04],
       [-9.16968621e-05,  9.39331874e-04, -6.37096851e-04,
         1.20717816e-04, -2.79921467e-04, -3.77336670e-04],
       ...,
       [-9.12407736e-05,  9.38891783e-04, -6.36567269e-04,
         1.20649969e-04, -2.79676571e-04, -3.76998660e-04],
       [-9.14649986e-05,  9.38293017e-04, -6.36347464e-04,
         1.20328187e-04, -2.79521185e-04, -3.76945834e-04],
       [-9.02741001e-05,  9.34879616e-04, -6.33754099e-04,
         1.19994245e-04, -2.78462326e-04, -3.75273556e-04]]), 'fs_1 - beta(p=365.25,n=10)': array([[ 0.00766474, -0.00203848, -0.00707868, ...,  0.00412184,
         0.00298932, -0.00096904],
       [ 0.00766197, -0.00204292, -0.00707894, ...,  0.00412113,
         0.00299127, -0.00096872],
       [ 0.00765524, -0.00205052, -0.00707414, ...,  0.00412465,
         0.00298945, -0.00097011],
       ...,
       [ 0.00766169, -0.00204328, -0.00707871, ...,  0.00412555,
         0.0029887 , -0.00096876],
       [ 0.00766452, -0.00204063, -0.00707843, ...,  0.00412358,
         0.00298748, -0.00097023],
       [ 0.00765918, -0.00205378, -0.00707703, ...,  0.00410517,
         0.00298449, -0.0009699 ]])}"
