,0
0,"{'lt_0 - slope_shared': array(0.98307722), 'lt_0 - slope_sigma_log__': array(0.20285101), 'lt_0 - slope_z_offset': array([-5.26186888e-02,  1.81916542e-01,  9.51459525e-02, -4.17688442e-02,
       -6.07856705e-02, -1.17330127e-01,  1.17849762e-02, -6.68675574e-02,
        8.21658149e-02,  2.02413135e-02,  5.80135614e-02,  1.83518378e-02,
       -2.35421454e-02, -9.31459818e-02, -1.14344638e-01, -5.45724071e-02,
        5.32221900e-02, -3.92287250e-02, -2.23727861e-02,  1.32073962e-01,
        2.00835153e-02,  9.70600925e-03,  1.70904177e-01,  1.28475634e-02,
       -6.57399774e-02,  3.05108968e-02, -8.19060996e-02,  2.92659064e-01,
       -1.68866177e-03, -1.97788274e-01,  9.41497590e-02, -1.07844580e-01,
       -1.14297845e-01,  6.61969819e-02, -1.57460246e-02, -2.68317035e-02,
       -2.89456300e-02,  1.28084940e-02,  2.62618699e-02,  6.33812026e-03,
       -5.15141530e-02, -3.59582174e-02, -5.60598758e-02, -8.45620180e-02,
       -1.56487326e-02, -1.11588642e-01, -5.71846112e-02,  9.61548576e-02,
        1.74690838e-03,  9.76687395e-02,  2.54512886e-01, -9.60256884e-02,
        1.40691048e-01, -9.03448743e-02,  6.57023889e-02, -8.64107615e-02,
        4.67471797e-02,  1.20901838e-01, -1.81292139e-02,  1.79063734e-01,
        2.01090584e-02,  1.46578392e-02, -8.34961970e-02, -1.53378224e-01,
        3.97733941e-02, -1.17955098e-01,  1.44415908e-01,  2.68608455e-02,
       -9.98824738e-02,  5.96791948e-02, -3.56427101e-03,  4.11025531e-02,
        4.43234585e-02, -1.31381908e-01,  4.95351733e-02, -2.54295285e-02,
        8.90362560e-02,  1.56533580e-01,  1.43468599e-01,  2.51919279e-01,
       -1.08280798e-01,  3.29042591e-02, -4.85127731e-03,  1.36356029e-02,
       -1.76828395e-02, -1.37323290e-01, -1.00738779e-01,  2.46697147e-01,
        1.04342756e-02,  7.27865694e-02, -1.11289501e-01,  7.25565391e-02,
       -6.99134235e-02, -2.10857694e-01,  2.84806234e-03,  1.40727527e-01,
       -9.61120789e-02,  1.13426324e-01, -9.25201919e-03,  2.37324891e-02,
       -1.14658067e-02, -5.71072235e-02, -5.66795716e-02,  1.27395501e-01,
        5.48183525e-02,  1.95936642e-02, -1.79023585e-01,  8.50126927e-02,
       -3.66126497e-02,  1.73960288e-01,  2.73434065e-02,  1.19710479e-01,
        1.57368936e-01,  3.67563570e-02,  2.02665800e-02, -9.34587484e-02,
       -2.40149472e-02,  5.23993257e-02, -6.67720731e-02,  3.66377614e-02,
        2.02503318e-02,  1.68452692e-02,  1.42032009e-01, -2.23826645e-02,
       -9.22526189e-02, -4.78205050e-02,  5.40459593e-02,  1.00936352e-01,
       -3.67389434e-01, -1.02381228e-01, -1.34930831e-01, -3.48178235e-02,
       -9.73506705e-02, -1.66117390e-01, -7.76039526e-02, -1.68276889e-01,
        9.36304846e-02,  4.16639269e-02,  3.88384978e-02, -7.91484980e-02,
       -5.41695636e-02, -5.61800739e-02, -4.91680753e-02,  2.29178123e-02,
       -1.36113352e-01, -2.34181351e-01, -2.46070753e-02, -3.59581866e-01,
       -2.46854781e-02,  1.56328661e-02,  2.61680752e-03, -1.16021387e-01,
       -3.28736499e-03,  3.28101622e-02,  1.18524284e-01,  2.63099905e-01,
        6.85053252e-02, -9.46089208e-02,  1.10954479e-01, -3.53199417e-02,
        1.88380062e-01,  2.16899255e-03,  1.15572809e-01, -1.38705423e-01,
        1.09863149e-01, -2.11377200e-01,  3.30353538e-02,  7.79842238e-02,
        2.30795424e-02, -9.92153161e-02, -4.16031922e-02,  7.55950980e-02,
       -5.24165548e-03,  6.15206521e-02, -3.72795576e-02, -4.80676283e-02,
       -4.39962642e-02, -1.15966174e-01,  4.95318292e-03,  2.45235910e-01,
        2.64923363e-02,  1.18053126e-01,  1.80937264e-02,  2.03280889e-01,
       -1.41649916e-01, -9.99284676e-02,  6.52605369e-05,  1.01737938e-01,
        6.59232356e-02,  1.04682384e-01,  7.35602146e-02, -2.15140166e-02,
       -1.87249026e-02,  6.27727054e-03, -1.34925095e-02, -1.22340907e-01,
       -1.01381690e-01,  9.86675707e-02, -1.34082318e-03,  9.86443192e-02,
        2.14592035e-02,  7.96598575e-03,  9.78603249e-03, -1.63494283e-02,
       -1.92570300e-01, -3.62137602e-01,  8.15026335e-02, -7.68049740e-02,
        2.17889394e-02,  4.32694737e-02,  2.74991592e-02,  1.09106161e-01,
       -3.77158504e-02, -1.47426398e-01, -1.54413476e-01,  1.03070334e-01,
        2.35053953e-02, -5.04227290e-06,  1.06355090e-01,  1.32789414e-01,
        4.23950097e-02,  2.54360004e-04, -5.58139270e-02,  9.83785030e-02,
        1.54173401e-01, -8.63509372e-02,  2.81730410e-01,  9.18873037e-02,
       -8.91363884e-02, -1.63621733e-01,  6.21081900e-02, -1.19429778e-01,
       -6.82255137e-02,  7.57785317e-02, -3.95824219e-02,  7.59058879e-02,
        7.28386250e-02,  1.23188534e-01,  8.86604872e-03, -1.62315501e-02,
       -1.19413989e-01,  9.78562160e-02, -1.66239538e-02, -9.88650534e-02,
       -1.71741127e-01,  2.74952095e-02,  2.52951283e-01, -8.69263278e-02,
       -2.22975958e-02,  5.24970034e-02, -1.74567098e-01,  1.68669377e-01,
       -2.67306728e-02,  5.55268973e-02, -3.75398204e-02, -2.25865762e-02,
       -3.31382818e-02,  1.32367742e-01, -9.81100815e-02,  1.31868097e-02,
        2.31033420e-02, -1.94656706e-01, -1.39559118e-01, -3.75245095e-02,
       -1.89120462e-01,  1.53560795e-01, -1.25048551e-01,  6.50350287e-02,
       -4.99766355e-02, -8.72679637e-02, -3.96753503e-02,  1.63619952e-01,
       -1.12873052e-03, -2.81031822e-02, -1.54495668e-01, -1.36971079e-02,
        1.12567388e-01,  8.98686436e-02, -4.15998531e-02,  2.11198440e-01,
       -9.24046944e-02,  2.53702268e-02,  4.36357374e-02,  1.87461108e-01,
       -1.90854851e-02,  7.31683652e-02,  6.74508020e-02, -5.64008285e-02,
       -1.04530384e-01, -2.13950707e-01,  1.12760316e-01, -1.42849006e-01,
       -8.43773091e-02,  5.42235322e-02,  2.60092878e-02, -1.93875649e-02,
        1.10518571e-02,  7.73940277e-02, -8.31238016e-03,  1.60111410e-01,
        1.92518157e-01,  2.61409618e-01, -4.43292303e-02, -1.54476846e-01,
       -2.22158279e-01, -2.21310651e-01, -2.17759099e-01,  1.77444065e-01,
        7.69803815e-02, -2.73101568e-03, -2.34977090e-02, -4.38693351e-02,
       -5.29272311e-02, -1.54878419e-01, -1.17734780e-02,  6.02973513e-02,
       -3.37473637e-02, -6.36727678e-02, -7.48886516e-02,  8.81593986e-02,
       -8.31216319e-02,  3.80423368e-02,  8.93230861e-02, -7.79668184e-02,
        1.91597064e-02, -6.90404205e-02, -1.32466483e-01,  1.69968015e-01,
       -8.55519693e-02, -4.17597798e-02,  5.54574262e-02, -7.00064516e-02,
       -5.16710307e-02, -1.49790595e-01,  1.78287256e-01, -4.93537078e-02,
        3.46239674e-02, -1.11360621e-01,  1.66379070e-01, -6.83766140e-02,
       -1.00835816e-02, -4.15553084e-02,  9.98467106e-02, -1.78590878e-01,
       -8.80016347e-02,  2.62983355e-01,  1.64956484e-01,  1.59328414e-01,
       -5.63572143e-03, -8.52023312e-02,  9.38119786e-02,  8.61270658e-02,
       -9.19893243e-03,  1.80151578e-02,  6.21904768e-02,  3.34944170e-02,
       -1.52262899e-01,  2.93918785e-02,  1.55788033e-01, -4.21514354e-03,
       -6.32491473e-02, -8.68866419e-02,  2.77104247e-02, -4.00410644e-02,
        8.01249360e-02, -2.65095443e-02, -1.10604695e-01, -1.70074369e-01,
       -1.11207234e-01, -1.05040964e-01, -1.08963564e-01,  7.09334121e-02,
        1.98629247e-02, -1.21484473e-01, -4.85909231e-02, -2.95265106e-02,
        1.99839727e-01, -3.89701893e-02,  6.96895021e-02, -3.35973012e-02,
       -1.35181381e-01, -7.76250108e-02,  9.78453742e-02,  4.62882068e-02,
        1.10750862e-01,  1.38043064e-01, -1.46664690e-01,  7.68706622e-02,
       -4.72182065e-03, -1.23833658e-01,  1.22431494e-01, -1.41977235e-02,
        8.31651472e-02, -1.16839578e-02,  7.10305824e-02, -1.04182241e-01,
       -2.37867779e-01,  9.80812602e-02,  3.61675544e-02,  2.55145406e-03,
        1.35280065e-01, -2.03826457e-01, -3.23956763e-01, -2.76014603e-01,
        2.41198653e-01, -6.63362293e-02, -1.05964344e-01,  1.03136515e-02,
        8.02998588e-02,  1.43622576e-01,  3.45549861e-02,  3.23981928e-02,
        2.23548014e-01,  1.13758373e-01, -7.93892724e-02, -3.77708768e-02,
        1.31173592e-01,  7.35861074e-02, -2.52430344e-02, -1.97961258e-02,
       -3.02590611e-02, -1.40090589e-01, -1.88285496e-01, -1.27636630e-01,
       -4.04170011e-02,  7.63851802e-03, -1.79893206e-01,  1.77536114e-02,
        8.48767892e-02, -9.76940692e-02, -1.78384173e-01,  1.32975438e-01,
        1.01188176e-02,  6.04090430e-02, -3.30420964e-02, -3.20397065e-02,
        6.23111116e-02,  6.46184134e-02,  9.88584678e-03, -3.51501369e-02,
       -9.56043596e-02, -8.49985381e-02,  2.63129715e-03, -3.17347556e-02,
       -1.00632313e-01, -3.74256632e-02, -3.73967480e-02, -2.81509653e-01,
        1.11291737e-01,  2.19413250e-01, -3.61972142e-02,  1.66295399e+00]), 'lt_0 - delta': array([-2.71770649e-02, -9.76891886e-02,  5.08933236e-03, -5.07601358e-01,
        4.77804599e-01, -3.93239613e-01, -3.00114279e-01,  8.94604157e-01,
       -6.66133525e-01,  1.82748724e-01, -2.20170599e-01,  1.27424468e-01,
        2.98205914e-01, -1.76851018e+00, -1.25751819e+00, -6.33415984e-01,
       -4.87074031e-01,  6.96273113e+00,  2.42237506e+00, -6.50581068e+00,
       -3.92579549e-01,  2.38364305e-01, -2.07866159e+00,  1.33325202e+01,
       -1.25782026e+01]), 'lt_0 - intercept': array([ 3.89468687e-02, -3.50626011e-01, -2.14232521e-01,  3.41995594e-02,
        4.72193452e-02,  9.49506472e-02, -4.83922313e-02,  6.56887383e-02,
       -1.81891978e-01, -7.71812833e-02, -1.44911747e-01, -1.04935017e-01,
       -1.88662395e-03,  7.38031550e-02,  7.05690551e-02,  5.31046010e-02,
       -1.14861498e-01,  1.04386176e-02,  1.92386786e-02, -2.56799500e-01,
       -8.68770699e-02, -6.80614716e-02, -3.40481984e-01, -5.67870216e-02,
        6.57594692e-02, -1.00781963e-01,  1.06453377e-01, -6.05312965e-01,
       -5.00731974e-02,  1.47525762e-01, -2.11189904e-01,  8.83624783e-02,
        9.49648895e-02, -1.58511398e-01,  4.08091391e-03,  2.57911094e-02,
        4.62528345e-03, -7.24024243e-02, -8.27800858e-02, -2.30914444e-02,
        3.05658938e-02,  2.02918683e-02,  3.16762116e-02,  5.94881600e-02,
       -5.27130988e-03,  9.45821011e-02,  3.86160707e-02, -1.88256847e-01,
       -3.35525148e-02, -1.95681173e-01, -4.83413607e-01,  8.22335793e-02,
       -2.98288514e-01,  8.40385939e-02, -1.68069232e-01,  5.35519084e-02,
       -1.12226629e-01, -2.23598957e-01, -5.81774136e-03, -3.35770489e-01,
       -7.78774549e-02, -7.74205207e-02,  6.26864281e-02,  1.41931261e-01,
       -1.64265260e-01,  7.82814426e-02, -2.83683597e-01, -6.42864798e-02,
        8.49433449e-02, -1.30138572e-01, -2.35881097e-02, -1.42267159e-01,
       -1.58381863e-01,  1.11828760e-01, -1.14514959e-01,  3.45764130e-04,
       -2.11065145e-01, -2.98810256e-01, -3.05790213e-01, -4.66850326e-01,
        1.06348586e-01, -9.13721674e-02, -5.01359515e-02, -5.90375572e-02,
       -1.20575290e-02,  1.32071176e-01,  8.88568950e-02, -4.69467199e-01,
       -4.26228288e-02, -1.73904799e-01,  7.48246525e-02, -1.62417009e-01,
        4.80694906e-02,  1.56234351e-01, -3.87438578e-02, -2.79440606e-01,
        7.42176095e-02, -2.60913250e-01, -3.59215437e-02, -8.07408140e-02,
       -5.19837709e-03,  1.70584621e-02,  5.70785297e-02, -2.54204522e-01,
       -1.36065805e-01, -7.65112962e-02,  1.54386009e-01, -1.82117880e-01,
        2.65590562e-02, -3.37443590e-01, -8.87391906e-02, -2.37626157e-01,
       -3.14212566e-01, -1.14283653e-01, -7.70425351e-02,  8.11334140e-02,
        2.07433160e-02, -1.36552439e-01,  4.44869034e-02, -1.24935444e-01,
       -8.78806506e-02, -6.00341923e-02, -2.88496062e-01,  3.94246130e-04,
        7.52354270e-02,  1.84254762e-02, -1.59920693e-01, -1.90137054e-01,
        2.77615605e-01,  9.19739505e-02,  1.02044881e-01,  2.62557887e-02,
        7.15611593e-02,  1.49906259e-01,  6.12756241e-02,  1.56908622e-01,
       -1.74799803e-01, -1.11333855e-01, -1.31793462e-01,  6.27210833e-02,
        3.40461959e-02,  4.28078299e-02,  2.34824571e-02, -7.60158649e-02,
        8.77115204e-02,  1.53053128e-01,  3.60816399e-02,  3.07857652e-01,
       -2.48149894e-02, -7.39580950e-02, -5.54517712e-02,  7.97474249e-02,
       -5.31777393e-02, -1.31776910e-01, -2.46969163e-01, -5.18755721e-01,
       -1.54533459e-01,  7.33725903e-02, -1.99715547e-01,  3.43857744e-02,
       -3.47504099e-01, -8.28099199e-02, -2.44604057e-01,  9.99440208e-02,
       -2.09988950e-01,  1.49215709e-01, -8.61908028e-02, -1.73652486e-01,
       -6.06657617e-02,  6.85116313e-02,  3.70123161e-02, -1.56086713e-01,
       -3.07225823e-02, -1.70941094e-01,  2.84503734e-02,  4.21074016e-02,
        2.77145790e-02,  8.62742294e-02, -4.74482193e-02, -4.74034749e-01,
       -8.80239627e-02, -2.45524364e-01, -5.98509527e-02, -3.84562193e-01,
        1.29113281e-01,  6.05094837e-02, -4.09458763e-02, -2.75885254e-01,
       -1.28425964e-01, -2.07229109e-01, -1.96579070e-01, -6.35956758e-03,
       -3.72090591e-03, -5.83126758e-02, -2.62936784e-02,  1.18796509e-01,
        8.05070259e-02, -2.31608334e-01, -2.00210071e-02, -2.25540056e-01,
       -6.99993796e-02, -6.18607546e-02, -4.89988663e-02, -8.83335399e-03,
        1.56249915e-01,  2.56593602e-01, -1.81998183e-01,  6.16669861e-02,
       -6.12423216e-02, -1.36987355e-01, -7.33792939e-02, -2.01975143e-01,
        2.77618525e-02,  9.21239874e-02,  1.40392923e-01, -1.91329984e-01,
       -6.22804958e-02, -5.07972283e-02, -2.27704920e-01, -2.75145191e-01,
       -1.12654489e-01, -3.53097440e-02,  5.84193587e-02, -2.11324107e-01,
       -3.02100947e-01,  8.39429935e-02, -5.00896871e-01, -1.98213352e-01,
        9.03631736e-02,  1.28058950e-01, -1.44725764e-01,  9.61313390e-02,
        3.17960665e-02, -2.03254201e-01,  4.81299702e-02, -1.78241158e-01,
       -1.63315192e-01, -2.50259860e-01, -4.78743230e-02, -1.77886911e-02,
        1.03888771e-01, -1.89600341e-01, -2.03999038e-03,  7.45537474e-02,
        1.50178369e-01, -8.83105524e-02, -4.68044498e-01,  5.78372285e-02,
       -1.47459688e-02, -1.15232318e-01,  9.41016550e-02, -3.23043390e-01,
       -1.64105331e-02, -1.45684708e-01,  2.39859631e-02,  9.24919784e-03,
        1.09106728e-02, -2.77348215e-01,  7.98262066e-02, -5.15441882e-02,
       -6.54310251e-02,  1.58871244e-01,  1.25580075e-01,  1.41839425e-02,
        1.76316291e-01, -2.89046848e-01,  1.09069027e-01, -1.46507681e-01,
        3.59275580e-02,  7.09314926e-02,  5.34786646e-03, -3.11202951e-01,
       -1.31399776e-02,  1.84236094e-02,  1.35625697e-01, -1.42502651e-02,
       -2.66435353e-01, -2.01797091e-01,  2.71979235e-02, -3.95470068e-01,
        7.43152069e-02, -7.03142289e-02, -1.05185711e-01, -3.55229212e-01,
        9.81500025e-03, -1.82363737e-01, -1.79492000e-01,  3.40925078e-02,
        9.03049121e-02,  1.35086870e-01, -2.17734591e-01,  9.38377282e-02,
        5.86109157e-02, -1.28144633e-01, -1.38713240e-01, -3.16875899e-02,
       -9.41938865e-02, -1.77132109e-01, -4.07715146e-02, -3.14634279e-01,
       -3.97159700e-01, -5.07877099e-01,  3.32221542e-02,  1.46908138e-01,
        1.61670287e-01,  1.68298768e-01,  1.62126731e-01, -3.35611266e-01,
       -1.92614189e-01, -2.42734918e-02,  7.99448890e-03,  4.14298810e-02,
        3.74622743e-02,  1.11727896e-01, -3.20501368e-02, -1.73783717e-01,
        7.16554362e-03,  6.74104411e-02,  6.58401881e-02, -1.88449396e-01,
        8.38893793e-02, -1.11930393e-01, -1.77647087e-01,  5.70597002e-02,
       -4.92324802e-02,  4.85213410e-02,  1.16554080e-01, -3.11255905e-01,
        4.91820562e-02,  2.59930633e-02, -1.33515423e-01,  4.17189961e-02,
        3.18677933e-02,  1.10930792e-01, -3.33772268e-01,  3.15001903e-02,
       -8.93958420e-02,  9.11430604e-02, -3.38166854e-01,  2.24734249e-02,
       -2.12028298e-02,  2.27791842e-02, -2.01265767e-01,  1.42165917e-01,
        1.34072369e-02, -4.84169972e-01, -3.25219591e-01, -2.95844471e-01,
       -6.57942152e-02,  7.75190839e-02, -1.89954982e-01, -1.84944418e-01,
       -1.29012966e-02, -5.85151003e-02, -1.29444175e-01, -8.08029049e-02,
        1.29762979e-01, -8.59815187e-02, -2.89524787e-01, -2.61414300e-02,
        4.66300449e-02,  8.05426799e-02, -7.63709871e-02,  9.18653141e-03,
       -1.65244737e-01,  2.57897227e-02,  9.02028761e-02,  1.24322436e-01,
        1.11806064e-01,  8.70635164e-02,  8.35390717e-02, -1.48448085e-01,
       -8.36848699e-02,  1.12590048e-01,  4.05738045e-02,  1.59199061e-02,
       -3.79942242e-01,  2.31225790e-02, -1.56195874e-01, -7.32697202e-03,
        1.12256598e-01,  6.56947389e-02, -2.08029984e-01, -1.20417162e-01,
       -2.26167466e-01, -2.67248064e-01,  1.01249290e-01, -1.63252139e-01,
       -2.23193193e-02,  1.10595176e-01, -2.56436286e-01, -2.05265250e-02,
       -1.83136812e-01, -3.39450429e-02, -1.54103453e-01,  7.57812304e-02,
        1.99021127e-01, -1.97014291e-01, -9.27469478e-02, -3.56270738e-02,
       -2.74046284e-01,  1.80717696e-01,  2.60344208e-01,  2.21084728e-01,
       -4.55036186e-01,  4.43117506e-02,  9.98792789e-02, -5.65731505e-02,
       -1.74665154e-01, -2.71856286e-01, -1.04313998e-01, -8.96345261e-02,
       -4.39621810e-01, -2.21309066e-01,  8.96875204e-02,  2.75851240e-02,
       -2.63343897e-01, -1.80686875e-01, -1.56401405e-02,  1.56569353e-02,
       -2.90044190e-03,  7.21855653e-02,  1.45351617e-01,  6.32675626e-02,
        1.85057784e-02, -6.29454642e-02,  1.57324078e-01, -5.88757798e-02,
       -2.13911007e-01,  6.74563453e-02,  1.31564853e-01, -2.84246176e-01,
       -7.62608258e-02, -1.24781836e-01,  2.02015399e-02,  3.30991604e-02,
       -1.56457888e-01, -1.45937732e-01, -5.91056676e-02,  1.89286757e-03,
        6.13656391e-02,  6.12256342e-02, -4.72858017e-02,  2.08733936e-02,
        8.69465395e-02,  9.82020857e-04,  3.64283877e-02,  2.30287967e-01,
       -2.62665555e-01, -4.21731328e-01,  3.00266789e-02, -2.03031901e+00]), 'fs_0 - beta_shared': array([ 0.00041396, -0.00054472,  0.00018954,  0.00053456, -0.00023267,
        0.00012154]), 'fs_0 - beta_sigma(p=7,n=3)_log__': array([-5.8244943 , -5.94890124, -5.9944852 , -5.9681118 , -5.96751396,
       -5.99066523]), 'fs_0 - beta_z_offset(p=7,n=3)': array([[ 0.01513841, -0.0040577 ,  0.00237972,  0.00418216, -0.00346811,
        -0.00398383],
       [ 0.03813039, -0.01527516,  0.01647593,  0.00581895,  0.00035053,
         0.00107016],
       [-0.00021464,  0.01845903,  0.00231385, -0.00732478,  0.00929745,
         0.00689388],
       ...,
       [ 0.05044745, -0.00905826,  0.00678563,  0.02892079, -0.01579915,
        -0.00467069],
       [ 0.01178408,  0.01583302, -0.01333391,  0.01054104, -0.01289066,
        -0.01432715],
       [-0.06618267,  0.16374157, -0.04634618, -0.11824689,  0.05505713,
        -0.02997853]]), 'fs_1 - beta_shared': array([ 3.75859135e-03,  1.83948413e-03,  4.15840642e-04,  6.68315880e-03,
       -5.40597331e-03,  5.65943072e-03, -6.72917676e-03, -1.24916773e-05,
       -4.16808674e-03, -3.06668094e-03, -1.32192560e-03, -2.97167716e-03,
       -2.62660378e-04, -1.59429847e-03, -9.16789711e-05, -6.63032158e-04,
       -9.80798023e-04,  2.61500482e-04, -2.49712143e-03,  7.37925155e-05]), 'fs_1 - beta_sigma(p=365.25,n=10)_log__': array([-3.38681603, -3.35854472, -3.41860124, -3.1298038 , -3.05593291,
       -3.46838248, -3.32607881, -3.32904845, -3.62654746, -3.50080819,
       -3.60861   , -3.72812897, -3.62690283, -3.61584754, -3.85255731,
       -3.69625869, -4.04026924, -3.776605  , -3.38272741, -3.54744175]), 'fs_1 - beta_z_offset(p=365.25,n=10)': array([[-0.098469  , -0.09516485,  0.06648319, ...,  0.04796489,
        -0.14386937, -0.12668668],
       [ 0.29448244,  0.38282484, -0.33384436, ...,  0.15017616,
        -0.27662547,  0.0244095 ],
       [ 0.17733878,  0.17887608, -0.0478862 , ...,  0.1440569 ,
        -0.05865232,  0.13337915],
       ...,
       [ 0.40013792,  0.41732135, -0.26097638, ...,  0.01900453,
        -0.28812285, -0.10861651],
       [-0.06528919, -0.06672905,  0.06615439, ...,  0.01374076,
        -0.09448577, -0.07827098],
       [ 0.17833579, -0.20030433, -0.13961125, ...,  0.04412212,
         0.11767867, -0.01314904]]), 'sigma_log__': array(-3.9119633), 'lt_0 - slope_sigma': array(1.22488996), 'fs_0 - beta_sigma(p=7,n=3)': array([0.0029543 , 0.00260871, 0.00249246, 0.00255907, 0.0025606 ,
       0.002502  ]), 'fs_1 - beta_sigma(p=365.25,n=10)': array([0.03381618, 0.03478585, 0.03275822, 0.04372638, 0.04707878,
       0.0311674 , 0.03593373, 0.03582718, 0.02660789, 0.03017299,
       0.02708948, 0.02403777, 0.02659844, 0.02689412, 0.02122539,
       0.0248162 , 0.01759274, 0.02290031, 0.03395472, 0.02879822]), 'sigma': array(0.02000119), 'lt_0 - slope': array([0.91862511, 1.20590496, 1.09962054, 0.93191498, 0.90862146,
       0.83936072, 0.99751251, 0.90117182, 1.0837213 , 1.0078706 ,
       1.05413744, 1.0055562 , 0.95424068, 0.86898364, 0.84301762,
       0.91623202, 1.04826854, 0.93502634, 0.95567301, 1.14485328,
       1.00767731, 0.99496601, 1.19241603, 0.99881407, 0.90255298,
       1.02044971, 0.88275126, 1.34155236, 0.98100879, 0.74080835,
       1.09840031, 0.85097947, 0.84307493, 1.06416123, 0.96379007,
       0.95021133, 0.947622  , 0.99876621, 1.01524512, 0.99084072,
       0.91997805, 0.93903236, 0.91441004, 0.87949805, 0.96390924,
       0.84639341, 0.91303236, 1.10085633, 0.98521699, 1.10271067,
       1.29482749, 0.86545631, 1.15540827, 0.87241469, 1.06355541,
       0.87723354, 1.04033737, 1.13116866, 0.96087092, 1.20241058,
       1.0077086 , 1.00103146, 0.88080356, 0.79520577, 1.03179525,
       0.8385952 , 1.15997081, 1.0159788 , 0.86073218, 1.05617766,
       0.97871138, 1.03342332, 1.03736857, 0.82214884, 1.04375235,
       0.95192884, 1.09213683, 1.17481363, 1.15881046, 1.29165061,
       0.85044515, 1.02338131, 0.97713493, 0.99977933, 0.96141768,
       0.8148713 , 0.8596833 , 1.28525407, 0.99585805, 1.07223275,
       0.84675982, 1.07195099, 0.89744096, 0.72479974, 0.98656578,
       1.15545295, 0.86535049, 1.12201198, 0.97174451, 1.0121469 ,
       0.96903286, 0.91312715, 0.91365098, 1.13912269, 1.05022366,
       1.0070773 , 0.76379302, 1.08720841, 0.93823075, 1.19615943,
       1.01656988, 1.12970938, 1.17583685, 1.02809971, 1.00790155,
       0.86860053, 0.95366155, 1.04726062, 0.90128877, 1.02795444,
       1.00788164, 1.00371082, 1.1570508 , 0.95566091, 0.87007791,
       0.92450236, 1.04927757, 1.10671314, 0.53306559, 0.85767148,
       0.8178018 , 0.94042921, 0.86383336, 0.77960169, 0.88802091,
       0.77695654, 1.09776426, 1.03411094, 1.0306501 , 0.88612901,
       0.91672546, 0.91426281, 0.92285173, 1.01114901, 0.81635334,
       0.69623083, 0.95293626, 0.542629  , 0.95284022, 1.00222576,
       0.98628252, 0.84096378, 0.97905055, 1.02326605, 1.12825642,
       1.30534565, 1.0669887 , 0.8671917 , 1.11898424, 0.93981417,
       1.21382206, 0.98573399, 1.12464119, 0.81317834, 1.11764748,
       0.72416341, 1.02354189, 1.07859931, 1.01134712, 0.86154937,
       0.93211788, 1.07567289, 0.97665676, 1.05843324, 0.93741386,
       0.92419966, 0.92918663, 0.84103141, 0.98914432, 1.28346422,
       1.01552741, 1.1276793 , 1.00524004, 1.23207394, 0.80957166,
       0.86067584, 0.98315715, 1.10769499, 1.06382592, 1.11130162,
       1.07318038, 0.95672491, 0.96014127, 0.99076618, 0.96655038,
       0.83322307, 0.8588958 , 1.10393413, 0.98143485, 1.10390565,
       1.00936238, 0.99283467, 0.99506403, 0.96305096, 0.74719979,
       0.5394985 , 1.08290897, 0.88899957, 1.00976627, 1.03607756,
       1.01676066, 1.11672026, 0.93687945, 0.8024961 , 0.7939377 ,
       1.10932703, 1.01186874, 0.98307104, 1.1133505 , 1.14572963,
       1.03500644, 0.98338878, 0.9147113 , 1.10358006, 1.17192267,
       0.87730682, 1.32816597, 1.09562905, 0.87389495, 0.7826586 ,
       1.05915291, 0.83678888, 0.89950847, 1.07589758, 0.9345931 ,
       1.07605358, 1.07229652, 1.13396961, 0.99393715, 0.96319535,
       0.83680822, 1.10294031, 0.9627147 , 0.8619784 , 0.77271323,
       1.01675582, 1.2929147 , 0.87660203, 0.95576511, 1.04738027,
       0.76925173, 1.18967864, 0.95033508, 1.05109155, 0.93709507,
       0.95541114, 0.94248647, 1.14521313, 0.86290316, 0.99922961,
       1.01137627, 0.74464417, 0.81213265, 0.93711382, 0.75142546,
       1.17117229, 0.8299065 , 1.06273797, 0.92186134, 0.87618356,
       0.93447928, 1.18349365, 0.98169464, 0.94865391, 0.79383702,
       0.96629977, 1.12095988, 1.09315641, 0.93212197, 1.24177206,
       0.86989163, 1.01415295, 1.03652619, 1.21269644, 0.9596996 ,
       1.07270041, 1.06569703, 0.91399241, 0.855039  , 0.72101114,
       1.12119619, 0.8081029 , 0.8797243 , 1.04949508, 1.01493573,
       0.95932958, 0.99661452, 1.07787638, 0.97289546, 1.17919607,
       1.21889077, 1.30327523, 0.92877879, 0.79386008, 0.71095777,
       0.71199602, 0.71634628, 1.20042667, 1.07736971, 0.97973202,
       0.95429511, 0.92934211, 0.91824718, 0.7933682 , 0.968656  ,
       1.05693484, 0.94174041, 0.90508508, 0.89134686, 1.09106278,
       0.88126236, 1.02967489, 1.09248817, 0.88757644, 1.00654575,
       0.8985103 , 0.82082035, 1.19126933, 0.87828547, 0.93192608,
       1.05100646, 0.89732702, 0.91978589, 0.79960022, 1.20145948,
       0.92262435, 1.02548777, 0.84667271, 1.18687327, 0.89932339,
       0.97072594, 0.93217654, 1.10537845, 0.76432304, 0.8752849 ,
       1.30520289, 1.18513076, 1.17823699, 0.97617408, 0.87871374,
       1.09798657, 1.08857339, 0.97180954, 1.0051438 , 1.05925371,
       1.02410419, 0.79657192, 1.01907903, 1.17390041, 0.97791413,
       0.90560397, 0.87665064, 1.01701944, 0.93403132, 1.08122144,
       0.95060594, 0.84759864, 0.77475483, 0.84686059, 0.85441359,
       0.84960884, 1.06996284, 1.00740711, 0.8342721 , 0.92355868,
       0.94691049, 1.22785889, 0.93534302, 1.06843919, 0.94192422,
       0.8174949 , 0.88799512, 1.10292703, 1.03977518, 1.11873483,
       1.15216478, 0.80342911, 1.07723532, 0.9772935 , 0.83139461,
       1.13304232, 0.96568657, 1.08494537, 0.96876565, 1.07008186,
       0.85546543, 0.69171536, 1.10321597, 1.02737849, 0.98620247,
       1.14878041, 0.73341224, 0.58626583, 0.6449897 , 1.27851902,
       0.90182263, 0.85328255, 0.9957103 , 1.08143571, 1.15899907,
       1.02540327, 1.02276144, 1.25689893, 1.1224187 , 0.88583409,
       0.93681205, 1.14375043, 1.0732121 , 0.95215728, 0.95882914,
       0.9460132 , 0.81148166, 0.7524482 , 0.82673639, 0.93357084,
       0.99243356, 0.76272783, 1.00482344, 1.08704194, 0.86341273,
       0.76457623, 1.14595749, 0.99547165, 1.05707165, 0.94260428,
       0.9438321 , 1.05940147, 1.06222766, 0.99518629, 0.94002217,
       0.8659724 , 0.87896336, 0.98630026, 0.94420563, 0.85981371,
       0.9372349 , 0.93727031, 0.63825887, 1.11939735, 1.2518343 ,
       0.93873961, 3.02001286]), 'fs_0 - beta(p=7,n=3)': array([[ 4.58681593e-04, -5.55305055e-04,  1.95466945e-04,
         5.45261842e-04, -2.41547179e-04,  1.11577272e-04],
       [ 5.26606749e-04, -5.84568113e-04,  2.30601185e-04,
         5.49450511e-04, -2.31769173e-04,  1.24222332e-04],
       [ 4.13324108e-04, -4.96565552e-04,  1.95302759e-04,
         5.15814785e-04, -2.08859692e-04,  1.38793289e-04],
       ...,
       [ 5.62995028e-04, -5.68350050e-04,  2.06448509e-04,
         6.08569701e-04, -2.73122045e-04,  1.09858747e-04],
       [ 4.48771920e-04, -5.03416039e-04,  1.56301369e-04,
         5.61534662e-04, -2.65674570e-04,  8.56982909e-05],
       [ 2.18434916e-04, -1.17566237e-04,  7.40196108e-05,
         2.31957467e-04, -9.16875086e-05,  4.65385420e-05]]), 'fs_1 - beta(p=365.25,n=10)': array([[ 0.00042875, -0.00147091,  0.00259371, ...,  0.00135991,
        -0.00738217, -0.00357456],
       [ 0.01371686,  0.01515637, -0.01052031, ...,  0.00370058,
        -0.01188986,  0.00077674],
       [ 0.00975551,  0.00806184, -0.00115283, ...,  0.00356045,
        -0.00448864,  0.00391487],
       ...,
       [ 0.01728973,  0.01635636, -0.00813328, ...,  0.00069671,
        -0.01228025, -0.00305417],
       [ 0.00155076, -0.00048174,  0.00258294, ...,  0.00057617,
        -0.00570536, -0.00218027],
       [ 0.00978923, -0.00512827, -0.00415758, ...,  0.00127191,
         0.00149862, -0.00030488]])}"
