,0
0,"{'priors': array([ 1.97302249e+00,  2.43387637e-01,  1.60644194e-01, -2.57233202e-02,
       -1.86324101e-02, -3.23012754e-02,  1.36480173e-01,  6.63204663e-02,
        1.18603131e-01,  2.94571070e-02, -2.28587986e-01,  3.73920454e-02,
       -2.26267626e-02, -3.13767937e-01, -2.33382315e-02,  8.18993452e-02,
       -1.98266444e-01, -3.57229087e-01,  1.66339813e-01, -1.96502384e-01,
        1.45337997e-01, -2.77485456e-01, -4.20752513e-01,  3.61697004e-01,
       -4.21480107e-01,  6.44751654e-03,  6.78564063e-04,  9.13381894e-01,
        2.83265507e-01,  7.52555890e-02,  5.02517841e-01, -2.04597280e-01,
        2.35299453e-01, -5.86829605e-01,  8.41228554e-01,  1.11846390e+00,
       -1.88136054e+00,  2.64640512e-01, -2.52753242e+00, -1.32260844e+00,
       -1.31878573e+00, -1.12177871e+00, -5.34627317e-01, -2.92587072e-01,
        5.80887097e-01,  1.39163866e+00,  9.54667799e-01,  1.25313227e+00,
        1.17840607e+00, -1.86530725e-01,  7.75960862e-01, -2.84648921e+00,
        6.58018679e-01,  0.00000000e+00]), 'lt_0 - slope_sigma_log__': array(-1.45987472), 'lt_0 - slope_z_offset': array([-1.14930654e-02, -2.55563939e-02, -1.75811880e-02,  4.92746246e-02,
       -7.18821288e-02,  6.96136490e-03,  4.82783407e-03,  1.04942837e-02,
        5.71958079e-04, -5.33525071e-02,  1.08054653e-02, -5.70220649e-03,
       -2.70809203e-02, -1.07134728e-02, -6.21581000e-02,  5.41808345e-03,
       -2.61550975e-02, -5.48514959e-02, -1.62180829e-02,  2.26641600e-02,
       -6.02363511e-02, -1.47172472e-02,  4.83682316e-02,  6.73196572e-03,
        1.54662552e-02, -9.48861648e-03, -3.18713434e-02,  6.46932557e-02,
       -1.04996884e-02, -3.84169915e-02,  3.05187857e-04, -2.21652812e-02,
        8.49940976e-02, -1.99800052e-02,  9.62176217e-03,  8.41554157e-03,
        5.70018667e-02,  3.51752133e-02,  2.46975902e-02,  1.28106352e-02,
        2.62176813e-02,  3.51216936e-02, -1.40585661e-02,  1.33489116e-02,
        4.39880473e-02,  1.81316511e-02,  6.78618543e-03, -7.69063027e-02,
        6.00798899e-03,  6.97422575e-02, -5.47456616e-02, -3.94230696e-02,
       -2.31026426e-03,  1.18766729e-02, -3.16233698e-02,  6.71690470e-02,
       -1.25220649e-02, -3.31416938e-02, -1.07501699e-03,  4.52313452e-02,
        1.02376962e-02,  1.18516288e-03,  6.27101285e-02,  7.82157830e-02,
        3.10877911e-02,  3.69992265e-02, -4.61731982e-02, -2.91108681e-02,
        2.41586525e-02, -6.66715620e-02, -1.64013671e-02, -1.57629201e-02,
        7.39769981e-04,  5.09858730e-02, -1.41967393e-02, -2.40543777e-02,
        2.71284024e-02, -3.71002827e-02,  6.22076542e-02, -7.07140276e-03,
        3.53138565e-02, -1.93318770e-02,  1.64058281e-02,  4.83859290e-02,
        1.11915566e-03, -9.54343449e-04,  2.97914010e-02, -2.07705433e-02,
        6.56753248e-03,  2.55161979e-02,  1.43412778e-04, -2.58453447e-02,
        1.49503768e-02,  6.16941504e-02, -3.81385320e-02, -3.30464636e-02,
       -4.69184449e-03, -8.61436747e-03,  2.64481841e-02,  2.79683600e-02,
        4.69909818e-03,  2.53397298e-02,  1.79275177e-02, -2.17647646e-02,
        3.64989908e-02,  5.67390290e-02,  4.21677581e-02, -9.38671061e-03,
       -1.18062344e-02, -2.49953500e-02,  1.82519877e-02,  1.04545986e-03,
       -5.43302170e-02, -1.73556037e-03,  3.55111192e-02,  3.29183311e-02,
        6.13781328e-05,  4.20116742e-02,  2.71078946e-03,  4.45009655e-02,
       -7.76784043e-03,  2.59142558e-02,  3.15395038e-02, -9.32639973e-03,
       -1.80115939e-02, -1.34063237e-02,  3.58575857e-02,  1.69685398e-02,
        4.93108014e-02,  8.47983334e-02, -4.16107324e-03,  1.73868763e-02,
       -5.78013710e-03,  4.76662871e-02, -6.32949501e-03,  2.53412334e-02,
       -2.92795621e-02, -4.30508700e-02,  5.06984847e-03, -1.63836291e-02,
        3.62387530e-02, -4.35982267e-03,  3.96876041e-02,  1.18160237e-02,
       -3.44046220e-02, -7.52423507e-03,  1.02120103e-03, -4.13543939e-02,
        6.36223300e-03, -6.44274951e-03,  4.61768206e-02,  2.45028889e-02,
        9.52324467e-02, -5.55331272e-02, -8.60073739e-02, -1.08229900e-02,
       -2.04924555e-02, -7.78335049e-02,  2.78435047e-02, -3.93064723e-02,
        8.37772749e-04,  4.65081401e-02,  3.03494254e-02, -8.16973893e-02,
        5.25196949e-02, -1.54545166e-02, -1.04063606e-02,  4.27163270e-04,
       -2.41384802e-03, -1.51570782e-02,  5.19133929e-02,  4.58979739e-02,
        9.00581611e-03,  7.57932435e-03, -5.42533311e-02,  4.83643694e-02,
       -2.93342831e-02, -2.49653227e-02, -3.87359578e-02,  3.70042738e-02,
        3.38897446e-02,  7.79533303e-03,  3.02063030e-02, -3.66595095e-02,
        4.15143192e-02,  9.45861482e-03, -1.78882125e-02,  7.29579482e-02,
        2.64969159e-02,  6.92965316e-02,  1.28545323e-02, -3.94822011e-02,
        2.93558949e-02,  1.12902224e-02, -3.65423492e-02,  8.52719680e-03,
        3.21794752e-02, -5.87548377e-03,  9.33557913e-03,  2.27791699e-02,
       -6.43899044e-03,  5.66069821e-02,  1.79630947e-02,  2.68126903e-02,
       -5.18248494e-02, -9.17088023e-03,  1.37727410e-02,  2.90742434e-02,
        6.77029693e-02,  3.37818640e-02, -6.04538759e-03, -1.85227035e-02,
       -2.31645216e-02,  7.46287042e-03, -1.56277721e-02, -2.37613818e-02,
       -8.16525434e-04, -1.67446094e-02,  1.83313592e-02, -3.47839170e-02,
        2.73529110e-02, -2.72532011e-02, -2.02533161e-02,  1.33205379e-03,
        2.79669747e-02,  2.12388053e-02, -5.30495948e-02, -3.28751836e-02,
        6.33914512e-03,  2.65525804e-02, -1.24375777e-02,  6.21557288e-02,
       -6.36936638e-03,  9.02626545e-03,  2.54473932e-02,  4.32209273e-02,
        5.05026676e-02,  2.57180029e-02, -1.64665318e-02, -4.70315447e-02,
       -6.62593176e-03,  1.32984803e-02, -8.18025686e-03, -5.34416796e-03,
        3.93971689e-02, -4.85420543e-03, -2.63437617e-02,  2.29586782e-02,
        6.01817083e-05,  4.83683897e-02, -2.81308861e-02, -1.77658050e-03,
       -1.12390175e-03,  5.92019200e-03,  2.35844672e-02,  3.46859420e-03,
        4.28756019e-02,  2.71112709e-02, -1.09007986e-02, -2.13987544e-02,
        1.41646207e-02, -4.82216957e-02, -1.05397318e-02,  4.37803132e-03,
        5.55281432e-02, -1.99281492e-03,  5.90063192e-02,  7.54210989e-02,
       -1.82312519e-02,  9.38290286e-03,  4.78667288e-02,  4.25064164e-02,
        5.71356621e-02,  6.10820610e-02, -9.69630117e-03, -3.22200266e-02,
        7.91051220e-02, -5.71670800e-02,  1.38393852e-02, -2.84067324e-02,
        1.77512007e-02, -7.83092165e-02, -3.81220291e-04,  1.61345353e-02,
       -3.54528604e-03,  1.20257614e-01,  1.36738758e-01,  1.35425598e-02,
       -2.16677122e-02,  5.35467866e-02, -1.05619899e-01,  6.55729572e-02,
       -5.54329327e-02,  5.42884001e-03, -5.88335318e-02,  8.22929519e-03,
       -5.13081248e-02,  2.14265288e-02,  2.60156737e-02,  2.60658964e-02,
        3.61289727e-02,  3.31232141e-02,  3.79668071e-02, -2.47804998e-02,
       -3.64862340e-02, -6.44586003e-03, -2.35297353e-03,  2.61794721e-02,
        1.46222823e-03,  7.15940681e-02,  1.53515787e-02, -4.69862950e-02,
       -9.36475763e-03,  3.17754855e-03,  3.27639847e-02, -2.63407110e-02,
       -3.95162705e-02, -6.08141321e-04, -3.13696773e-02,  2.28006489e-02,
        1.53917511e-02,  3.80338899e-03, -1.68542595e-02, -1.42375757e-03,
        1.10526570e-02, -1.08045111e-02,  3.82375896e-02,  1.11491591e-02,
       -2.28135740e-02, -3.96202362e-02, -6.44747462e-02,  3.42541957e-02,
        3.48584236e-02, -8.41333679e-02, -2.85203732e-04, -3.22459380e-02,
       -2.98183727e-02,  1.83137250e-02, -1.33418484e-02, -5.61931011e-02,
        2.57463568e-02, -1.03442329e-02, -1.36311788e-01,  7.40982964e-02,
        1.63409996e-02,  4.68294998e-03,  2.20484593e-02,  2.18824880e-02,
        6.13606242e-03,  2.61295849e-02,  2.63789213e-02,  5.23974416e-02,
       -2.13668211e-02,  3.45915834e-02,  4.80608235e-02,  4.62943489e-02,
       -1.82765678e-03,  2.34741387e-02,  1.87920428e-02,  1.32833524e-02,
       -2.28926650e-02,  2.11111965e-02,  4.49984427e-02, -1.21714246e-02,
       -8.26650215e-03, -2.72169176e-02, -5.53096512e-02,  8.08782875e-02,
        3.08296095e-03,  7.49839779e-02,  3.46416696e-02, -7.65997868e-03,
       -1.43593343e-02,  1.43457916e-02,  2.55718568e-03,  3.33696161e-02,
       -2.54792400e-02,  4.16668621e-02, -2.18326904e-02, -1.45580012e-02,
       -9.40180821e-03,  1.09780273e-02,  7.17305386e-03, -4.42244996e-03,
        7.51462993e-02,  5.33168901e-02, -2.52091677e-02,  2.14833531e-03,
        4.05582158e-02, -3.52570724e-02, -6.13999837e-03,  2.63467074e-02,
       -1.44263844e-02,  2.12722291e-02,  1.93091982e-02,  1.10870388e-02,
        3.40147202e-02,  1.74383199e-02,  1.53805315e-02, -1.33398082e-02,
        2.56239505e-02,  4.16138562e-02, -1.25361069e-02,  1.19370058e-02,
       -5.51984768e-02, -7.77404416e-02, -1.19346053e-02,  5.84855788e-03,
       -8.13930573e-03,  7.65698216e-02,  7.99907241e-02,  3.16111269e-02,
        2.64118137e-02,  2.42112892e-02, -2.42142074e-02,  2.21644757e-02,
       -1.40921541e-02,  1.46348099e-02,  1.82156212e-02,  1.67018161e-02,
        3.19611455e-02, -1.95473175e-02,  8.27409083e-04,  9.26239631e-03,
       -4.86388720e-03,  5.12921180e-02,  2.73318222e-02,  1.41598862e-02,
       -9.60925578e-03, -2.46478024e-02, -1.90924531e-02,  1.53955252e-02,
       -1.72869357e-02, -1.49406999e-02,  3.41916349e-03, -1.43707651e-02,
       -3.17590703e-02, -1.79982189e-02, -4.21357607e-02,  1.31055449e-02,
        1.56930323e-02,  6.76321840e-02, -4.76817067e-02,  1.49440968e-02,
        2.73178233e+00]), 'lt_0 - delta': array([-4.45626633e-04, -4.61593472e-04, -1.19297102e-01, -3.90460964e-02,
       -3.00271767e-01, -4.30439574e-03, -6.31574141e-03, -6.26828917e-02,
        3.91897862e-03, -3.68759064e-05, -1.12495163e-02, -3.75162032e-04,
       -3.65229048e-05,  4.61444272e-02, -7.74795015e-01, -1.55807358e+00,
       -1.53772678e+00, -1.43588056e-01,  3.71162976e+00,  5.68024483e+00,
       -2.48788787e+00, -5.80118339e+00,  1.35739075e+00,  4.92270343e+00,
       -4.32958077e+00]), 'lt_0 - intercept': array([ 0.10397369,  0.07154353,  0.12021922,  0.0196855 ,  0.08224691,
        0.10516245,  0.11819848,  0.08077096,  0.09063392,  0.09183796,
        0.10813872,  0.07737835,  0.09227355,  0.09658024,  0.07377896,
        0.1128031 ,  0.10995999,  0.11349399,  0.1222793 ,  0.0359905 ,
        0.08467413,  0.05868943,  0.02921943,  0.12646197,  0.09732112,
        0.11103553,  0.0983053 ,  0.00254148,  0.0983514 ,  0.09466201,
        0.10988115,  0.12795859, -0.00931442,  0.04996543,  0.11344801,
        0.09514313,  0.04719532,  0.06782984,  0.08259754,  0.10549157,
        0.06243348,  0.08013511,  0.09770002,  0.09446723, -0.03643531,
        0.11129697,  0.10319764,  0.09686009,  0.07555646,  0.01451086,
        0.08829894,  0.12054832,  0.10289723,  0.1070858 ,  0.09522996,
        0.02623206,  0.05703619,  0.10871164,  0.03822894,  0.05231122,
        0.09728424,  0.10847726,  0.02807207, -0.01738934,  0.03904003,
        0.08772939,  0.08138719,  0.13433733,  0.0863863 ,  0.04525956,
        0.13070659,  0.10542734,  0.12282168,  0.07942052,  0.1126294 ,
        0.10770612,  0.07733326,  0.08579933,  0.06205837,  0.11317921,
        0.08601017,  0.10918934,  0.04643963,  0.03683441,  0.11717503,
        0.12776968,  0.10415532,  0.09571194,  0.10400643,  0.07589268,
        0.09967619,  0.11196678,  0.08595183,  0.03078976,  0.10505578,
        0.11587736,  0.11445348,  0.09803153,  0.09073461,  0.09792044,
        0.1200145 , -0.0021826 ,  0.08720462,  0.1133427 ,  0.0825317 ,
        0.03023578,  0.08399739,  0.10858102,  0.10457202,  0.09243933,
        0.08032506,  0.1144165 ,  0.09325435,  0.10371316,  0.09887113,
        0.06138801,  0.12776406,  0.05635873,  0.07693742,  0.04396257,
        0.09099093,  0.09160507,  0.07730268,  0.09959928,  0.10072567,
        0.13825898,  0.0617452 ,  0.05019776,  0.05980797,  0.00995622,
        0.11090207,  0.06880287,  0.08974673,  0.03980965,  0.11308841,
        0.06828159,  0.05188524,  0.09211866,  0.09717352,  0.12191371,
        0.09308523,  0.10939171,  0.09461862,  0.09485431,  0.10543445,
        0.0959198 ,  0.12238587,  0.10176214,  0.07528231,  0.08135071,
        0.0805909 ,  0.08290941, -0.01090982,  0.10498657, -0.016264  ,
        0.12063115,  0.09468852,  0.08951049,  0.0804643 ,  0.09548028,
        0.08397398,  0.0614386 ,  0.09563289,  0.0514461 ,  0.0481603 ,
        0.11998471,  0.10691436,  0.09975439,  0.12402263,  0.1183908 ,
        0.07911899,  0.05879208,  0.07368512,  0.07244932,  0.09317472,
        0.07473135,  0.10033838,  0.1154096 ,  0.10939638,  0.06394329,
        0.04691081,  0.0955231 ,  0.03317418,  0.11783652,  0.05067347,
        0.09425187,  0.12627689, -0.02903284,  0.06617269,  0.0223856 ,
        0.11268168,  0.10991046,  0.05642323,  0.12365471,  0.12652592,
        0.10092038,  0.05023837,  0.12059863,  0.08397742,  0.07403295,
        0.11887566,  0.01971025,  0.08893067,  0.02216549,  0.11193496,
        0.08692683,  0.09997233,  0.06560353, -0.05621883,  0.07186879,
        0.10552865,  0.12617385,  0.12200207,  0.11202843,  0.10551073,
        0.05920561,  0.110419  ,  0.11825969,  0.09741938,  0.11566462,
        0.07555071,  0.10958987,  0.10888067,  0.11145133,  0.07011383,
        0.08388732,  0.09132368,  0.11931373,  0.1232239 ,  0.09770602,
        0.11790583,  0.05397211,  0.11580025,  0.09472877,  0.09753778,
        0.04501583,  0.05916592,  0.06998581,  0.118116  ,  0.09351491,
        0.12799944,  0.09561781,  0.10595493,  0.10040404,  0.06462375,
        0.10846389,  0.11819038,  0.06668326,  0.08691189,  0.03659308,
        0.10293643,  0.08853767,  0.07510833,  0.07977908,  0.09161067,
        0.08139681,  0.03776548,  0.08688761,  0.11158915,  0.11707358,
        0.09346281,  0.08144878,  0.1090746 ,  0.07580534,  0.02528518,
        0.12552981,  0.04660163, -0.03802833,  0.13202907,  0.11696097,
       -0.03592716,  0.07349742,  0.04176016,  0.00324311,  0.10796778,
        0.09942065,  0.03775332,  0.10252592,  0.09513159,  0.10874382,
        0.09977998,  0.0626197 ,  0.06102021,  0.09455637,  0.11321365,
       -0.03753588, -0.06283312,  0.10584439,  0.11960179,  0.04955959,
        0.06315381,  0.01239222,  0.04819537,  0.10941864,  0.09206229,
        0.10198861,  0.04454663,  0.07113338,  0.08825379,  0.09278425,
        0.04522135,  0.05474461,  0.05975499,  0.10732447,  0.03566266,
        0.10462638,  0.09505489,  0.06954172,  0.10736934, -0.03060547,
        0.09407168,  0.11034478,  0.10742148,  0.12288084,  0.08051985,
        0.10782914,  0.11660951,  0.12376874,  0.10978672,  0.0834263 ,
        0.09899149,  0.0850082 ,  0.11834212,  0.11785674,  0.10947877,
        0.09579964,  0.06950547,  0.11587941,  0.10014164,  0.09141159,
        0.08435003,  0.09870269,  0.03664808,  0.07842971,  0.09095518,
        0.11247139,  0.09768259,  0.09458127,  0.11766021,  0.07541162,
        0.08523515,  0.11606773,  0.06937794,  0.04410719,  0.09056116,
        0.12261886,  0.08459652,  0.04088472,  0.12065161,  0.09184986,
        0.06839447,  0.04591648,  0.09952156,  0.04293237,  0.07436554,
        0.0570598 ,  0.10265208,  0.10695017,  0.08139499,  0.08312579,
        0.09421539,  0.08682282,  0.03517702,  0.11484904,  0.12795949,
        0.11442051,  0.08982222,  0.05085322,  0.114092  , -0.0050133 ,
        0.05337971,  0.13181035,  0.12782927,  0.11227953,  0.1212337 ,
        0.05537713,  0.09428267,  0.04781824,  0.10974745,  0.11645386,
        0.08975756,  0.11855133,  0.12567408,  0.12300983,  0.02520289,
        0.01460314,  0.10934612,  0.13364786,  0.03735202,  0.07961213,
        0.11487397,  0.08981436,  0.08999788,  0.07194491,  0.09854751,
        0.08331021,  0.06051117,  0.0585145 ,  0.07943818,  0.1002738 ,
        0.07430713,  0.05759044,  0.10248561,  0.11184329,  0.10861821,
        0.00302114,  0.12043285,  0.10283249,  0.107417  , -0.02995108,
       -0.02365148,  0.10593091,  0.0499803 ,  0.05469739,  0.09207568,
        0.07970492,  0.11606255,  0.10829888,  0.05464917,  0.11158518,
        0.05082347,  0.10255395,  0.08584431,  0.08989933,  0.12544352,
        0.0699531 ,  0.09183621,  0.05357874,  0.11202905,  0.12022935,
        0.11130949,  0.06149889,  0.13310529,  0.04123376,  0.10473727,
        0.11956347,  0.10262604,  0.12343058,  0.09512641,  0.05811246,
        0.1082105 ,  0.03715351,  0.09263003,  0.08944019, -0.6693812 ]), 'fs_0 - beta_sigma(p=7,n=3)_log__': array([-8.24861443, -8.21331706, -8.23986346, -8.29047376, -8.25552419,
       -8.28456991]), 'fs_0 - beta_z_offset(p=7,n=3)': array([[ 7.54711453e-04,  3.35016873e-04,  1.09485890e-06,
         5.54531316e-04, -3.03274331e-04,  9.56407389e-05],
       [ 1.96768429e-03,  3.85895516e-04,  1.24734220e-04,
         1.24644097e-03, -6.47383351e-04,  6.02712245e-06],
       [-4.43233828e-04,  1.95884085e-04, -4.32669963e-04,
         2.31505046e-04, -3.54162882e-04, -1.00424226e-04],
       ...,
       [ 1.37255109e-03, -5.61092640e-04,  1.72633120e-04,
         3.57890167e-05, -3.80754013e-04, -6.60024250e-04],
       [ 3.56895863e-04,  2.44877873e-04, -1.91801478e-04,
         9.13152701e-04, -5.06319843e-04,  2.11273926e-04],
       [-2.35850026e-02, -1.21273389e-02, -8.45732228e-03,
        -6.78251259e-03, -5.39998768e-03, -5.60579396e-03]]), 'fs_1 - beta_sigma(p=365.25,n=10)_log__': array([-8.24494258, -8.16108642, -8.19065521, -8.18044016, -8.16900709,
       -8.11609953, -8.18880695, -8.16411811, -8.21905752, -8.22271664,
       -8.24334624, -8.30339568, -8.26558217, -8.2560487 , -8.22202581,
       -8.23740841, -8.27544674, -8.27925181, -8.26904623, -8.2636335 ]), 'fs_1 - beta_z_offset(p=365.25,n=10)': array([[-0.00657671,  0.00014845, -0.01208014, ..., -0.00193615,
         0.00256357, -0.00171272],
       [-0.00905343,  0.00560012, -0.01023866, ..., -0.00472869,
        -0.00609135, -0.00071605],
       [-0.00806345,  0.00395044, -0.01015053, ...,  0.00133011,
        -0.00870311,  0.00638749],
       ...,
       [-0.01811522,  0.00384798, -0.03005052, ...,  0.00514356,
         0.00084277,  0.00627119],
       [ 0.00293648, -0.00153594,  0.00453602, ..., -0.00250839,
         0.0028862 , -0.00309989],
       [ 0.01629033,  0.07676025, -0.01207581, ..., -0.00359822,
         0.10463241, -0.04479149]]), 'sigma_log__': array(-3.14914149), 'lt_0 - slope_sigma': array(0.23226537), 'fs_0 - beta_sigma(p=7,n=3)': array([0.00026162, 0.00027102, 0.00026392, 0.0002509 , 0.00025982,
       0.00025238]), 'fs_1 - beta_sigma(p=365.25,n=10)': array([0.00026258, 0.00028555, 0.00027723, 0.00028008, 0.0002833 ,
       0.00029869, 0.00027775, 0.00028469, 0.00026947, 0.00026848,
       0.000263  , 0.00024767, 0.00025722, 0.00025968, 0.00026867,
       0.00026457, 0.00025469, 0.00025373, 0.00025633, 0.00025772]), 'sigma': array(0.04288893), 'prior_lt_0 - slope': array(0.84786212), 'prior_lt_0 - intercept': array(-0.03604655), 'prior_lt_0 - delta': array([-1.43221679e-01, -1.26403459e-01, -8.67156060e-02, -4.39798474e-02,
        3.28181721e-03,  4.54025632e-02,  9.28887665e-02,  1.33890243e-01,
        1.64300350e-01,  2.04922937e-01,  1.98095487e-01,  1.69547126e-01,
        8.63628753e-02, -7.18642753e-02, -2.84457472e-01, -4.07131423e-01,
       -2.94288840e-01, -2.51299386e-01, -2.05902492e-01, -2.06086940e-01,
        2.50923919e-01,  1.17508723e+00,  1.70795774e+00,  1.65064789e+00,
        1.65788681e-03]), 'prior_fs_0 - beta(p=7,n=3)': array([0.00177931, 0.00078223, 0.00055661, 0.00053183, 0.00022529,
       0.00052427]), 'prior_fs_1 - beta(p=365.25,n=10)': array([ 7.33396102e-03, -1.19732762e-03,  3.68264645e-04,  5.47318687e-04,
       -1.82062599e-03, -3.65221822e-03, -2.73001436e-03, -5.89372591e-03,
       -3.45048397e-03, -2.13895914e-03,  5.18976328e-05,  3.25907895e-03,
        1.66313809e-03,  5.41077001e-03,  4.24936995e-03,  3.30655879e-03,
        6.07419864e-04,  1.87140681e-03, -6.61140026e-03,  1.45692274e-03]), 'prior_sigma': array(0.08423671), 'lt_0 - slope_shared': array(0.84786212), 'lt_0 - slope': array([0.84519268, 0.84192625, 0.84377862, 0.85930691, 0.83116639,
       0.849479  , 0.84898346, 0.85029958, 0.84799496, 0.83547018,
       0.85037185, 0.84653769, 0.84157216, 0.84537375, 0.83342494,
       0.84912055, 0.84178719, 0.83512201, 0.84409522, 0.85312622,
       0.8338713 , 0.84444381, 0.85909638, 0.84942572, 0.85145439,
       0.84565824, 0.84045951, 0.86288812, 0.8454234 , 0.83893918,
       0.847933  , 0.84271389, 0.8676033 , 0.84322145, 0.85009692,
       0.84981676, 0.86110168, 0.8560321 , 0.85359851, 0.85083758,
       0.85395158, 0.85601967, 0.8445968 , 0.85096261, 0.85807902,
       0.85207347, 0.84943831, 0.82999945, 0.84925757, 0.86406083,
       0.8351466 , 0.8387055 , 0.84732552, 0.85062066, 0.8405171 ,
       0.86346316, 0.84495368, 0.84016445, 0.84761243, 0.85836779,
       0.85023998, 0.84813739, 0.86242751, 0.86602894, 0.85508274,
       0.85645576, 0.83713768, 0.84110067, 0.85347334, 0.83237662,
       0.84405265, 0.84420094, 0.84803394, 0.85970437, 0.84456471,
       0.84227512, 0.85416311, 0.83924501, 0.8623108 , 0.84621968,
       0.8560643 , 0.84337199, 0.85167262, 0.85910049, 0.84812206,
       0.84764046, 0.85478163, 0.84303784, 0.84938753, 0.85378865,
       0.84789543, 0.84185914, 0.85133457, 0.86219153, 0.83900386,
       0.84018657, 0.84677236, 0.8458613 , 0.85400512, 0.8543582 ,
       0.84895356, 0.85374766, 0.85202606, 0.84280692, 0.85633957,
       0.86104063, 0.85765623, 0.84568191, 0.84511994, 0.84205656,
       0.85210142, 0.84810494, 0.83524309, 0.84745901, 0.85611012,
       0.85550791, 0.84787637, 0.85761998, 0.84849174, 0.85819815,
       0.84605792, 0.8538811 , 0.85518765, 0.84569592, 0.84367865,
       0.84474829, 0.85619059, 0.85180332, 0.85931531, 0.86755783,
       0.84689564, 0.85190049, 0.84651959, 0.85893335, 0.846392  ,
       0.85374801, 0.84106149, 0.83786289, 0.84903967, 0.84405677,
       0.85627913, 0.84684948, 0.85708017, 0.85060657, 0.83987112,
       0.8461145 , 0.84809931, 0.83825692, 0.84933984, 0.84636569,
       0.85858739, 0.85355329, 0.86998132, 0.8349637 , 0.82788558,
       0.84534831, 0.84310243, 0.82978409, 0.8543292 , 0.83873259,
       0.8480567 , 0.85866435, 0.85491124, 0.82888664, 0.86006062,
       0.84427257, 0.84544508, 0.84796133, 0.84730146, 0.84434165,
       0.8599198 , 0.85852263, 0.84995386, 0.84962253, 0.83526095,
       0.85909549, 0.84104878, 0.84206354, 0.8388651 , 0.85645693,
       0.85573353, 0.8496727 , 0.854878  , 0.83934738, 0.85750446,
       0.85005903, 0.84370731, 0.86480772, 0.85401643, 0.8639573 ,
       0.85084778, 0.83869177, 0.85468048, 0.85048445, 0.8393746 ,
       0.84984269, 0.8553363 , 0.84649745, 0.85003045, 0.85315293,
       0.84636656, 0.86100996, 0.85203432, 0.85408978, 0.835825  ,
       0.84573204, 0.85106105, 0.85461506, 0.86358717, 0.85570848,
       0.84645798, 0.84355994, 0.8424818 , 0.84959548, 0.84423233,
       0.84234317, 0.84767247, 0.84397292, 0.85211986, 0.83978302,
       0.85421525, 0.84153214, 0.84315797, 0.84817151, 0.85435788,
       0.85279516, 0.83554053, 0.84022635, 0.84933448, 0.85402936,
       0.8449733 , 0.86229874, 0.84638273, 0.84995861, 0.85377267,
       0.85790084, 0.85959214, 0.85383552, 0.84403751, 0.83693832,
       0.84632314, 0.85095089, 0.84596213, 0.84662085, 0.85701272,
       0.84673465, 0.84174337, 0.85319462, 0.8478761 , 0.85909642,
       0.84132829, 0.84744948, 0.84760107, 0.84923717, 0.85333997,
       0.84866775, 0.85782064, 0.85415913, 0.84533024, 0.84289193,
       0.85115207, 0.83666189, 0.8454141 , 0.84887898, 0.86075938,
       0.84739926, 0.86156724, 0.86537983, 0.84362763, 0.85004144,
       0.8589799 , 0.85773489, 0.86113275, 0.86204937, 0.84561   ,
       0.84037852, 0.8662355 , 0.83458418, 0.85107653, 0.84126422,
       0.85198511, 0.8296736 , 0.84777357, 0.85160961, 0.84703867,
       0.8757938 , 0.8796218 , 0.85100759, 0.84282946, 0.86029918,
       0.82333027, 0.86309245, 0.83498697, 0.84912305, 0.83419713,
       0.8497735 , 0.83594502, 0.85283876, 0.85390466, 0.85391632,
       0.85625363, 0.85555549, 0.85668049, 0.84210647, 0.83938763,
       0.84636497, 0.8473156 , 0.8539427 , 0.84820174, 0.86449094,
       0.85142776, 0.83694883, 0.84568701, 0.84860015, 0.85547206,
       0.84174408, 0.83868386, 0.84772087, 0.84057603, 0.85315792,
       0.85143709, 0.84874551, 0.84394746, 0.84753143, 0.85042927,
       0.8453526 , 0.85674339, 0.85045168, 0.84256331, 0.83865971,
       0.83288687, 0.85581818, 0.85595852, 0.82832085, 0.84779587,
       0.8403725 , 0.84093634, 0.85211576, 0.84476327, 0.83481041,
       0.85384211, 0.84545951, 0.81620161, 0.86507259, 0.85165757,
       0.8489498 , 0.85298321, 0.85294466, 0.84928731, 0.85393112,
       0.85398903, 0.86003223, 0.84289935, 0.85589654, 0.85902498,
       0.85861469, 0.84743762, 0.85331435, 0.85222686, 0.85094738,
       0.84254494, 0.85276552, 0.8583137 , 0.84503512, 0.8459421 ,
       0.84154057, 0.8350156 , 0.86664734, 0.84857818, 0.8652783 ,
       0.85590818, 0.84608297, 0.84452694, 0.85119415, 0.84845606,
       0.85561272, 0.84194417, 0.85753989, 0.84279114, 0.8444808 ,
       0.8456784 , 0.85041193, 0.84952817, 0.84683494, 0.865316  ,
       0.86024579, 0.8420069 , 0.8483611 , 0.85728239, 0.83967312,
       0.84643601, 0.85398155, 0.84451137, 0.85280292, 0.85234698,
       0.85043725, 0.85576256, 0.85191244, 0.85143448, 0.84476374,
       0.85381367, 0.85752758, 0.84495041, 0.85063467, 0.83504142,
       0.82980571, 0.84509012, 0.84922054, 0.84597164, 0.86564664,
       0.86644119, 0.85520429, 0.85399667, 0.85348556, 0.842238  ,
       0.85301016, 0.844589  , 0.85126128, 0.85209298, 0.85174137,
       0.85528559, 0.84332195, 0.8480543 , 0.85001345, 0.84673241,
       0.8597755 , 0.85421035, 0.85115097, 0.84563022, 0.84213729,
       0.8434276 , 0.85143797, 0.84384696, 0.84439191, 0.84865627,
       0.84452429, 0.84048559, 0.84368175, 0.83807544, 0.85090608,
       0.85150707, 0.86357073, 0.83678731, 0.85133311, 1.48236056]), 'fs_0 - beta_shared': array([0.00177931, 0.00078223, 0.00055661, 0.00053183, 0.00022529,
       0.00052427]), 'fs_0 - beta(p=7,n=3)': array([[0.00177951, 0.00078232, 0.00055661, 0.00053197, 0.00022521,
        0.00052429],
       [0.00177983, 0.00078233, 0.00055665, 0.00053215, 0.00022512,
        0.00052427],
       [0.0017792 , 0.00078228, 0.0005565 , 0.00053189, 0.0002252 ,
        0.00052424],
       ...,
       [0.00177967, 0.00078208, 0.00055666, 0.00053184, 0.00022519,
        0.0005241 ],
       [0.0017794 , 0.0007823 , 0.00055656, 0.00053206, 0.00022516,
        0.00052432],
       [0.00177314, 0.00077894, 0.00055438, 0.00053013, 0.00022389,
        0.00052285]]), 'fs_1 - beta_shared': array([ 7.33396102e-03, -1.19732762e-03,  3.68264645e-04,  5.47318687e-04,
       -1.82062599e-03, -3.65221822e-03, -2.73001436e-03, -5.89372591e-03,
       -3.45048397e-03, -2.13895914e-03,  5.18976328e-05,  3.25907895e-03,
        1.66313809e-03,  5.41077001e-03,  4.24936995e-03,  3.30655879e-03,
        6.07419864e-04,  1.87140681e-03, -6.61140026e-03,  1.45692274e-03]), 'fs_1 - beta(p=365.25,n=10)': array([[ 0.00733223, -0.00119729,  0.00036492, ...,  0.00187092,
        -0.00661074,  0.00145648],
       [ 0.00733158, -0.00119573,  0.00036543, ...,  0.00187021,
        -0.00661296,  0.00145674],
       [ 0.00733184, -0.0011962 ,  0.00036545, ...,  0.00187174,
        -0.00661363,  0.00145857],
       ...,
       [ 0.0073292 , -0.00119623,  0.00035993, ...,  0.00187271,
        -0.00661118,  0.00145854],
       [ 0.00733473, -0.00119777,  0.00036952, ...,  0.00187077,
        -0.00661066,  0.00145612],
       [ 0.00733824, -0.00117541,  0.00036492, ...,  0.00187049,
        -0.00658458,  0.00144538]])}"
