,0
0,"{'lt_0 - slope_shared': array(0.98872935), 'lt_0 - slope_sigma_log__': array(-0.61835133), 'lt_0 - slope_z_offset': array([ 4.60144336e-02, -6.97664515e-02, -7.80970454e-02,  4.19945595e-02,
       -5.69602471e-02,  4.86319939e-03,  2.17486250e-02,  2.83286126e-04,
        9.51378461e-02, -1.86296638e-02, -2.06486195e-02,  1.60299530e-02,
       -1.07520073e-01, -1.45429369e-01, -6.88890186e-03,  4.83822351e-02,
        4.72753438e-02, -7.47046641e-02, -8.94723757e-04,  1.09611907e-01,
       -2.33935923e-02, -7.57025109e-02, -5.41907483e-02, -1.38045060e-02,
        6.56445074e-02, -8.62566406e-02, -8.80104285e-03, -4.30753619e-02,
        3.24191340e-02, -9.41012524e-03, -3.12789967e-02, -4.03848477e-02,
        9.08900449e-02,  1.12881569e-02,  5.34307005e-03, -9.96679128e-03,
        7.46971089e-02, -3.74840714e-02,  7.10577650e-03,  4.54799661e-02,
        9.21664778e-02, -3.38409210e-02, -6.36589001e-02, -4.00010436e-02,
        1.28953687e-01, -1.86049897e-02, -4.91173053e-02, -8.09177400e-02,
        9.23760296e-02,  4.99379004e-02, -3.32668480e-02, -3.82303611e-02,
        4.52818390e-02, -2.30524361e-02, -3.42846020e-02,  7.06384508e-02,
        1.25898091e-01,  4.37464150e-02,  7.39371020e-02,  3.65623200e-02,
        5.15178290e-03,  2.18738500e-02,  7.06760237e-02,  1.41446833e-01,
        5.50417880e-02, -3.54372711e-02,  3.85756527e-02, -1.04099252e-02,
        3.62720778e-02, -4.99878668e-02, -1.85155784e-02, -1.53760807e-01,
        7.95545757e-02, -2.15763767e-02,  1.87345574e-02, -9.09165657e-03,
        1.60213863e-02, -3.44557783e-02, -7.61482061e-02,  1.73314984e-03,
        3.82076840e-03, -3.70451726e-02,  1.10203365e-01,  1.22778481e-01,
       -8.58346579e-04, -1.56546847e-02, -8.02092978e-03,  3.22317169e-02,
        3.10775811e-03,  1.45766623e-02, -7.43026106e-02, -5.22550222e-02,
       -8.83762334e-02,  1.72357602e-01, -1.23021620e-01,  5.55463664e-03,
        1.08500253e-01, -2.73192904e-02,  3.44274942e-02, -3.33967813e-02,
       -4.28406675e-03,  9.13168646e-02, -3.08699435e-02, -6.33268125e-02,
       -1.15693385e-02,  6.45930738e-02, -8.25505444e-03, -2.75841336e-02,
       -1.13230745e-01, -1.22158838e-01,  2.30622335e-02, -1.94410316e-02,
       -2.87405970e-02,  6.74929783e-02,  3.55177637e-02,  8.51348182e-02,
       -1.51576320e-02,  6.31236137e-02, -1.24831196e-01,  9.47377540e-02,
       -2.62240488e-02, -1.71967439e-02,  7.10312198e-02, -1.28963360e-01,
       -1.58384965e-01,  4.89983655e-02, -2.20654678e-02, -1.05538846e-02,
        1.25483498e-02,  5.57784206e-02,  3.77489703e-03,  5.78372302e-02,
       -1.65062417e-01,  5.22427715e-02, -9.51066590e-02,  7.46249638e-02,
       -3.76828403e-02, -4.43828416e-02, -1.72256559e-02,  2.04682732e-02,
       -4.12180382e-02, -1.22862701e-01, -2.91406680e-02, -1.26816923e-02,
       -1.44957094e-01, -1.32530361e-01,  4.63738823e-02, -1.29802883e-01,
        2.71806360e-02,  8.46643804e-02, -1.66386043e-02,  1.53085692e-02,
        8.13585906e-02, -1.22807897e-01, -4.97498444e-02, -5.12968160e-02,
       -1.66885824e-01, -5.86656110e-02,  1.40967595e-03,  1.96556138e-02,
       -3.79456476e-02, -5.78216388e-02, -2.73798990e-02, -6.82785310e-02,
        5.72808989e-02, -4.51216650e-02,  2.65928398e-02, -4.16230012e-02,
        1.29566956e-03,  2.48093469e-02, -8.89880847e-02,  3.75647630e-02,
       -1.15001122e-02, -3.04411864e-03, -4.83607536e-02,  2.02965107e-02,
       -1.59433154e-01,  3.13209720e-02, -3.52861741e-02,  2.90889990e-02,
        8.80410908e-02,  6.18389862e-02,  1.44872750e-01,  5.27786640e-02,
        4.46801062e-02, -3.24513357e-02,  1.76729771e-02,  1.22784189e-01,
        7.07471336e-02,  6.36561377e-02, -6.70808521e-04, -2.25541174e-01,
        4.15922399e-02, -2.32965221e-02, -1.87379560e-01, -9.00685355e-02,
        1.23800977e-01,  7.48267292e-04,  3.27163619e-02, -8.24281302e-02,
       -5.47340847e-03,  4.82878673e-02, -6.31602616e-02,  1.25255239e-01,
       -1.49574213e-01,  6.63939464e-02, -2.08015852e-02,  2.84170828e-02,
        1.51724601e-01,  6.18938383e-02, -1.06886866e-01, -2.46330427e-02,
       -2.58983266e-02, -1.62035023e-03,  3.78148361e-02,  7.70319183e-02,
        1.86593790e-02, -7.00030364e-03,  4.44557538e-02, -2.51856873e-02,
        2.25959323e-03,  4.29357781e-02, -5.74441402e-02,  4.19933099e-02,
        1.39081892e-02, -6.94291027e-02, -1.37981096e-01, -7.16641147e-02,
       -1.54772007e-02,  4.81872698e-02, -5.57875279e-02,  6.56255343e-02,
       -3.31954294e-03, -3.86053799e-02, -3.93297628e-03,  6.86392500e-02,
        3.86400081e-02,  6.13831996e-02, -4.07931369e-02, -9.18969840e-02,
       -1.62957936e-02, -5.57137508e-03,  3.99554669e-02, -1.29178605e-01,
        3.12671346e-02, -1.20523173e-01, -1.24445099e-01, -3.80541358e-02,
       -1.93897777e-02,  4.56450431e-02, -5.22422584e-03,  5.88664257e-03,
       -7.16177712e-02,  3.76158695e-03,  1.36648306e-02,  1.75396234e-02,
        1.74938863e-02, -2.52894376e-03,  6.68013710e-02, -2.41408430e-02,
        3.78681769e-03,  3.68174545e-03,  3.50775743e-02,  2.17974721e-02,
        4.47361814e-02,  9.64437346e-05,  9.53959115e-02,  1.31029115e-01,
       -1.11572601e-02, -1.63340813e-02,  1.07048866e-01, -7.14645213e-02,
       -1.01544805e-01,  5.26208790e-02, -8.72539406e-02, -2.45994460e-03,
        6.33587257e-02, -9.53137934e-02, -5.92611481e-02,  3.11678823e-02,
        3.16774260e-02, -1.38518584e-01,  1.34067338e-01,  3.27337683e-02,
       -5.96858022e-02, -1.15012809e-01, -2.81358552e-02, -2.62003834e-02,
        2.58553599e-02, -1.04830186e-02, -1.10975969e-01,  7.72451035e-02,
       -5.48945723e-02, -4.00805401e-02, -1.05611126e-01,  2.50052566e-02,
        1.04598473e-02,  3.95245359e-02,  7.73618542e-03,  3.12736116e-03,
        1.62055165e-02, -4.56110075e-03, -6.68237999e-02, -2.53965774e-02,
        3.18223446e-02,  9.27824062e-03, -2.53985751e-02,  7.62181120e-02,
       -7.17600975e-02,  8.41196834e-02,  6.19449763e-04, -3.24264529e-02,
       -4.75436220e-02, -3.21206437e-02,  2.52652828e-02,  1.48641501e-02,
       -9.12659715e-02, -3.28458252e-03, -2.77643322e-02,  6.52074017e-05,
       -4.46029525e-02, -6.09646306e-02, -7.17188997e-02,  3.53720031e-02,
       -4.24281185e-02, -1.46477162e-01,  3.50310893e-02, -3.08019759e-02,
       -7.58227604e-02,  8.35370369e-02, -1.42155694e-02, -5.36279272e-02,
        8.24489593e-02, -6.68840822e-02,  2.27784266e-03, -4.09171040e-02,
        3.13645722e-02, -2.97582181e-02, -3.82362775e-02,  4.46710330e-02,
        1.60507020e-02, -2.05051774e-02,  1.81506185e-02, -2.31304532e-01,
        9.85010828e-02, -4.30404191e-03,  7.32187745e-02,  6.07138481e-02,
        7.11778336e-02, -2.04820377e-02, -2.97635116e-02, -1.15847363e-02,
        6.43653584e-02,  6.28865240e-02,  4.06710758e-02,  2.69814115e-03,
        4.67555086e-02, -8.77896503e-03, -2.25469125e-02,  4.42425460e-02,
        3.64178448e-02, -1.70787532e-01, -5.39297939e-02,  7.52740314e-02,
       -4.95705078e-02,  1.88478302e-02, -1.50391873e-02, -1.53326847e-01,
        8.72729687e-03, -9.86571730e-03,  1.42175921e-01, -4.38869063e-02,
       -2.50157596e-02, -7.43414102e-02, -3.97069927e-02, -2.56000914e-02,
        1.87009649e-02,  4.69907135e-02,  4.50430783e-02, -2.28018814e-02,
        3.11104126e-02,  5.01596669e-02,  6.18597629e-02, -1.39097355e-02,
        1.48080487e-02,  2.20832396e-02,  7.41767779e-02, -9.92754847e-03,
       -1.09805627e-02,  4.06762737e-02, -5.53634416e-02, -6.41259537e-02,
        9.68073986e-03, -2.06150856e-01,  1.12370136e-02,  7.60304300e-03,
        6.97371419e-02,  1.02623157e-01, -1.29165230e-01, -2.57518476e-02,
        7.11908309e-02,  9.71398011e-02,  5.50628611e-02,  2.40001250e-03,
       -1.14492605e-01, -1.07093584e-01,  1.23449524e-02, -1.23009230e-02,
       -1.90243809e-02,  1.05991997e-02,  9.91693905e-02,  1.17526097e-01,
       -5.13476799e-02,  6.98422093e-02,  1.08740547e-01,  4.67747245e-03,
       -1.05124112e-01,  9.27831883e-02,  1.82873218e-04,  6.87335252e-02,
        1.96376155e-02,  1.07340482e-01, -1.27989756e-01, -1.52474060e-01,
       -8.40535626e-02, -5.31046756e-03, -6.64821721e-02, -3.59802706e-04,
        8.65552920e-02, -9.62798182e-02, -1.11642728e-02,  6.30288445e-02,
        1.05753134e-01, -1.20999559e-01, -1.91713399e-01, -9.76679508e-02,
       -9.19741834e-02, -2.54221470e-02, -6.57424629e-02, -1.37503901e-02,
        4.35724232e-02, -2.47087038e-02,  3.23380988e-02,  5.14315778e-02,
        2.28911645e-02,  1.15585650e+00]), 'lt_0 - delta': array([ 3.05995921e-03, -3.18403501e-02, -8.88209444e-02, -3.34805077e-03,
       -3.26277801e-01,  4.89056799e-03, -6.82224267e-03, -2.54480077e-01,
        2.56899329e-01, -1.19388983e-02, -6.22964086e-02, -8.24214672e-02,
        3.12068099e-02,  1.73483007e-01, -1.07792084e+00, -1.42430302e+00,
       -1.49576319e+00, -1.85303320e-01,  4.47676786e+00,  5.31848325e+00,
       -3.58039644e+00, -4.96494327e+00,  9.64438790e-01,  5.97731487e+00,
       -5.18649578e+00]), 'lt_0 - intercept': array([-6.72815835e-02, -4.51061591e-02, -1.01217138e-02, -7.64988525e-02,
       -2.17462528e-02, -1.72572362e-02, -5.69893281e-02, -3.74982786e-02,
       -1.28450239e-01,  3.90098818e-03, -6.00533145e-03, -6.03141568e-02,
        9.95079891e-04,  5.17833527e-03, -4.06313217e-02, -5.73292416e-02,
       -8.33045443e-02, -3.21768339e-03, -1.45375103e-02, -1.15163520e-01,
       -5.19776104e-02, -2.72899262e-03, -2.32155794e-02,  6.17301578e-03,
       -7.88042293e-02, -5.74937454e-03, -1.34988434e-02, -7.66310453e-02,
       -4.50125049e-02, -5.18966631e-02, -1.35756625e-02, -1.12868996e-03,
       -9.07166933e-02, -9.27973954e-02, -2.55634754e-02, -2.37015585e-02,
       -8.03385438e-02, -6.25651412e-02, -2.86601551e-02, -6.53518980e-02,
       -1.21237354e-01, -1.92623260e-02, -1.17837556e-02, -5.10609281e-03,
       -1.74978762e-01,  1.35465126e-03, -1.21953882e-03, -1.06188306e-02,
       -1.13535502e-01, -6.18288171e-02, -1.39009407e-02,  3.40360017e-03,
       -9.10202481e-02, -9.73451873e-03,  5.23840729e-03, -1.61594769e-01,
       -1.34455403e-01, -5.40601592e-02, -1.11166844e-01, -9.99915037e-02,
       -2.30465636e-02, -7.32681271e-02, -8.18580133e-02, -1.55353071e-01,
       -7.57462609e-02,  1.48578139e-03, -5.93116277e-02, -3.94188636e-02,
       -4.38731949e-02, -4.54053108e-03,  6.88245625e-03,  1.70415087e-02,
       -1.19721149e-01,  1.20269950e-03, -6.54770990e-02, -2.54395305e-02,
       -3.73744080e-02, -1.06816161e-01,  6.62038295e-03, -2.28621693e-02,
       -1.15625960e-02, -8.13415361e-03, -1.29739566e-01, -1.46722469e-01,
       -2.57021732e-02, -3.35750352e-03, -3.74676388e-03, -4.31337467e-02,
       -2.75002539e-02, -6.31066305e-02, -3.19062081e-03, -1.63255188e-03,
       -2.91072974e-03, -1.88073567e-01,  1.51028978e-02, -3.62377781e-02,
       -1.21278491e-01, -3.57805609e-02, -4.71052771e-02,  2.20473898e-03,
       -6.07393206e-03, -1.25113186e-01, -2.13758560e-02, -5.91166786e-03,
       -2.53020135e-02, -7.97402045e-02, -7.30565338e-03, -2.23022921e-02,
        8.40339080e-03, -1.55582590e-02, -4.68103279e-02, -7.52584153e-03,
       -1.25236581e-02, -7.72119454e-02, -6.26559801e-02, -1.10726142e-01,
       -1.86373331e-03, -6.91659520e-02, -1.31841359e-03, -1.07182569e-01,
       -4.98992074e-03, -1.51059319e-02, -1.02583534e-01,  2.97743926e-03,
        5.85388594e-03, -6.68894887e-02, -4.84491484e-02, -5.76093796e-02,
       -8.49256332e-02, -7.81446371e-02, -4.46584532e-02, -6.04287538e-02,
        7.35208751e-03, -5.57106282e-02,  8.00873580e-03, -7.47705609e-02,
       -2.57418436e-02, -3.57750544e-03, -4.06597646e-02, -5.03177305e-02,
       -1.22679232e-02,  1.22416481e-02, -2.49329448e-02, -2.77370505e-02,
        4.18936307e-03,  2.73170059e-03, -9.21471954e-02, -2.84772424e-03,
       -5.70809349e-02, -1.12798835e-01, -2.45252094e-02, -3.56523060e-02,
       -1.48176898e-01, -2.93012052e-03, -5.83144643e-02,  7.00068960e-03,
        4.76501189e-03, -3.72384400e-02, -2.59047240e-02, -2.36418236e-02,
       -4.27645744e-02, -1.96542122e-02, -1.44191325e-02, -3.71410854e-02,
       -7.86968253e-02,  7.45869897e-03, -9.52614049e-02, -3.84866747e-03,
       -4.00848552e-02, -4.91440419e-02,  1.13546835e-02, -6.72405110e-02,
       -3.83818015e-02, -4.25154841e-02,  9.88599430e-03, -7.90052302e-02,
       -4.51517624e-03, -7.04459803e-02, -5.94801514e-03, -1.09252857e-01,
       -1.14213474e-01, -6.82818764e-02, -1.52117490e-01, -9.61057934e-02,
       -5.29783758e-02, -4.60172283e-02, -3.95476611e-02, -1.19364738e-01,
       -1.09997703e-01, -7.30032267e-02, -8.14865532e-03,  1.40515052e-02,
       -5.42527353e-02,  9.19747423e-03,  1.98218677e-02,  2.65623824e-03,
       -1.50309939e-01, -1.47586945e-02, -4.81200502e-02, -5.59406742e-03,
       -2.00438438e-02, -6.38947642e-02, -8.10940077e-03, -2.06809631e-01,
       -1.63309466e-04, -8.05085505e-02, -1.21265753e-02, -4.54348644e-02,
       -1.67699000e-01, -7.26440250e-02,  6.77728412e-03, -2.23159401e-02,
       -4.88030285e-03, -1.27802345e-02, -6.13814254e-02, -1.24399415e-01,
       -7.69928480e-02, -7.47832233e-03, -5.94400071e-02,  7.75219916e-03,
       -3.46654823e-02, -7.96751552e-02, -1.35430191e-02, -5.80501508e-02,
       -5.42881257e-02, -1.24036806e-03, -1.53789451e-02, -1.83348222e-02,
       -2.41526634e-02, -1.10618030e-01,  4.22129029e-03, -7.22234123e-02,
       -2.06363426e-02, -3.27811925e-02, -2.14843429e-02, -9.56160628e-02,
       -6.04796359e-02, -9.42524757e-02,  1.11621293e-03, -6.80239582e-03,
       -4.10957734e-02, -1.52879787e-02, -5.69527980e-02,  7.01334860e-03,
       -4.11203307e-02,  7.90250714e-03,  4.60546506e-04, -2.24534559e-02,
       -4.53357487e-02, -1.11462418e-01, -1.88973181e-02, -4.05151587e-02,
       -1.91832052e-02, -4.04520422e-02, -2.32235453e-02, -4.41208976e-02,
       -5.48112563e-02, -1.55702051e-02, -8.82646863e-02, -6.77806990e-03,
       -1.95005932e-02, -2.81247139e-02, -7.28004237e-02, -7.16317168e-02,
       -5.61087785e-02, -3.02622289e-02, -1.17936523e-01, -1.30663242e-01,
       -1.57875586e-03, -1.78993678e-03, -1.26097002e-01,  7.72625417e-04,
       -1.81798902e-02, -9.48642057e-02,  2.50975079e-03, -2.57120555e-02,
       -8.78911227e-02, -2.22618703e-02, -1.25775000e-02, -5.32349618e-02,
       -5.48500273e-02, -1.28126416e-02, -1.56696075e-01, -3.58695090e-02,
       -1.65496456e-03, -2.65752921e-02, -1.84418944e-01, -1.28882309e-03,
       -5.76481857e-02, -3.21443075e-02, -2.21065179e-02, -1.04975406e-01,
       -8.08392258e-03, -8.20690681e-03,  1.87002321e-02, -3.64139187e-02,
       -3.18548829e-02, -8.30506412e-02, -1.95418338e-02, -2.43284637e-02,
       -5.73143811e-02, -4.68781214e-02, -1.02811109e-02, -3.39847287e-02,
       -8.42114749e-02, -2.92614004e-02,  7.06611330e-03, -8.56997366e-02,
       -8.72432705e-03, -1.52798346e-01, -3.83703432e-02,  9.82021696e-03,
       -7.35749704e-03,  3.70030651e-03, -3.76169555e-02, -2.69237765e-02,
       -4.13165442e-03, -2.51061705e-02,  3.80877426e-04, -3.52940174e-02,
       -7.71654559e-03, -1.95514125e-02, -5.24618335e-03, -5.44619724e-02,
       -8.01469562e-03,  4.84325145e-03, -4.55199796e-02,  5.48468068e-04,
        2.94805888e-03, -2.23669625e-01, -6.96091503e-03,  1.21154602e-02,
       -8.60947585e-02, -3.75696714e-03, -3.40521051e-02, -8.98210842e-03,
       -1.41558599e-01, -3.53845208e-02, -4.03756127e-03, -1.25935972e-01,
       -4.21397720e-02, -1.73891809e-02, -4.66425919e-02, -2.50743971e-02,
       -1.35924123e-01, -2.80150762e-02, -9.99793820e-02, -6.49360828e-02,
       -9.16389223e-02,  1.26448680e-03, -6.88868892e-03, -2.82492627e-02,
       -7.94995614e-02, -7.44323338e-02, -7.14497293e-02, -1.60071022e-02,
       -6.08986141e-02, -7.64913538e-02, -1.23069862e-02, -5.36685819e-02,
       -5.22609590e-02,  1.66644314e-03, -4.30634422e-03, -9.50769435e-02,
       -2.41229341e-03, -5.37260621e-02, -1.46727291e-02,  7.25877053e-03,
       -4.11916063e-02, -1.45526531e-02, -1.86217592e-01, -3.44278221e-02,
        2.28174676e-03,  9.08166077e-03,  7.50509906e-04, -6.95656843e-03,
       -4.17019609e-02, -7.90150632e-02, -5.88487632e-02, -1.93087432e-02,
       -4.82881260e-02, -5.49630515e-02, -7.94844829e-02, -1.01084274e-02,
       -4.75702202e-02, -4.15258911e-02, -8.78047044e-02, -1.10774905e-02,
       -5.53562273e-03, -6.53494398e-02, -4.46385190e-02, -4.80081106e-03,
       -2.49741162e-02,  1.05513539e-02, -3.70739742e-02, -3.04575918e-02,
       -9.15028627e-02, -1.44126051e-01, -6.29096245e-03, -3.28526133e-02,
       -9.44596150e-02, -1.16451684e-01, -8.24659309e-02, -2.50187528e-02,
        1.71230943e-02, -3.56755188e-02, -6.88294549e-02, -6.80744171e-03,
       -1.87843983e-02, -3.21398217e-02, -1.38262836e-01, -1.10457487e-01,
        1.44107766e-02, -7.55519284e-02, -1.18997700e-01, -8.25614108e-02,
        1.99762546e-03, -1.91243633e-01, -8.10594547e-03, -7.38416091e-02,
       -3.68410215e-02, -1.49980074e-01, -5.75026656e-03,  5.42452314e-03,
       -2.40420676e-04, -1.46266937e-02, -3.79291503e-03, -1.88014288e-02,
       -1.17734121e-01,  1.40974677e-02, -8.16641253e-03, -1.14405359e-01,
       -1.23884003e-01,  2.60811445e-02, -2.72865301e-03,  7.68138624e-03,
        7.56781433e-03, -9.53719759e-03,  6.04733669e-03, -2.68125180e-03,
       -6.23513945e-02, -2.82027096e-03, -7.84068769e-02, -6.39724278e-02,
       -3.53418598e-02, -7.80765689e-01]), 'fs_0 - beta_shared': array([7.37839135e-05, 4.66591448e-04, 6.17205291e-04, 3.25930988e-04,
       2.76528705e-04, 4.50336835e-05]), 'fs_0 - beta_sigma(p=7,n=3)_log__': array([-5.92403012, -5.92263353, -5.92842747, -5.9750524 , -5.92832948,
       -5.95683529]), 'fs_0 - beta_z_offset(p=7,n=3)': array([[ 0.00492185,  0.00996347,  0.00499461,  0.00467853,  0.00068564,
        -0.00577025],
       [ 0.00567424, -0.00271582, -0.00507327,  0.00154536, -0.00426121,
         0.00042685],
       [-0.00436245, -0.01105482, -0.00285548, -0.00535768, -0.00168588,
        -0.00337272],
       ...,
       [ 0.01222954,  0.00045303,  0.01098295, -0.00077589,  0.00356599,
        -0.00639069],
       [-0.00273686,  0.01433097, -0.00477179,  0.00738939, -0.0028094 ,
        -0.0004007 ],
       [-0.01002663, -0.02720718, -0.08892536, -0.05557906, -0.0332304 ,
        -0.02530617]]), 'fs_1 - beta_shared': array([ 0.00112176, -0.00206479, -0.00144795, -0.00233232, -0.00252367,
       -0.00113991, -0.00240263,  0.00070602, -0.00164393,  0.00096579,
       -0.00157784,  0.00161074, -0.00039184,  0.00244187,  0.00135112,
        0.00166772,  0.00139892,  0.000419  ,  0.00123525, -0.00012264]), 'fs_1 - beta_sigma(p=365.25,n=10)_log__': array([-4.50743709, -3.76687819, -3.71651683, -3.5486055 , -3.48274723,
       -3.79415413, -3.68309362, -3.73787408, -3.85115748, -3.84893854,
       -3.86038243, -3.86743233, -4.19705445, -3.76223624, -4.02557745,
       -3.8067053 , -4.95360747, -3.88148926, -5.01107109, -4.87588369]), 'fs_1 - beta_z_offset(p=365.25,n=10)': array([[ 0.05016135, -0.1048984 , -0.08028854, ..., -0.09928268,
        -0.06863434, -0.0047342 ],
       [-0.07041588,  0.14072252,  0.05565201, ...,  0.08802961,
         0.15243375, -0.14024006],
       [-0.07132429,  0.18847296,  0.13459433, ...,  0.03622668,
        -0.04992334,  0.0586781 ],
       ...,
       [ 0.0583436 , -0.10803775, -0.06937288, ...,  0.00721776,
        -0.02853424,  0.10972609],
       [ 0.02868796, -0.07438293, -0.0439792 , ..., -0.00972534,
         0.01275108,  0.01157613],
       [ 1.21789349,  0.11871148,  0.07627444, ...,  0.00886679,
         0.00866325, -0.15994467]]), 'sigma_log__': array(-3.41161297), 'lt_0 - slope_sigma': array(0.53883206), 'fs_0 - beta_sigma(p=7,n=3)': array([0.0026744 , 0.00267814, 0.00266267, 0.00254137, 0.00266293,
       0.00258809]), 'fs_1 - beta_sigma(p=365.25,n=10)': array([0.01102668, 0.02312414, 0.02431853, 0.02876472, 0.03072289,
       0.02250193, 0.02514507, 0.02380466, 0.02125512, 0.02130234,
       0.02105994, 0.020912  , 0.01503981, 0.02323173, 0.01785311,
       0.02222127, 0.0070579 , 0.02062009, 0.00666376, 0.00762835]), 'sigma': array(0.03298795), 'lt_0 - slope': array([1.0135234 , 0.95113695, 0.94664816, 1.01135737, 0.95803734,
       0.9913498 , 1.00044821, 0.988882  , 1.03999267, 0.97869109,
       0.97760321, 0.9973668 , 0.93079409, 0.91036734, 0.98501739,
       1.01479925, 1.01420282, 0.94847608, 0.98824725, 1.04779176,
       0.97612413, 0.94793841, 0.95952964, 0.98129104, 1.02410072,
       0.94225151, 0.98398707, 0.96551897, 1.00619782, 0.98365887,
       0.97187523, 0.9669687 , 1.03770382, 0.99481177, 0.99160837,
       0.98335892, 1.02897855, 0.96853173, 0.99255817, 1.01323542,
       1.0383916 , 0.97049478, 0.9544279 , 0.96717551, 1.05821373,
       0.97870439, 0.96226337, 0.94512828, 1.03850452, 1.01563749,
       0.97080411, 0.96812961, 1.01312866, 0.97630796, 0.97025571,
       1.02679161, 1.05656728, 1.01230132, 1.02856903, 1.0084303 ,
       0.9915053 , 1.00051568, 1.02681186, 1.06494544, 1.01838763,
       0.96963461, 1.00951515, 0.98312015, 1.00827391, 0.96179429,
       0.97875256, 0.9058781 , 1.03159591, 0.97710331, 0.99882413,
       0.98383048, 0.99736219, 0.97016347, 0.94769826, 0.98966323,
       0.9907881 , 0.96876822, 1.04811046, 1.05488633, 0.98826685,
       0.98029411, 0.98440742, 1.00609683, 0.99040391, 0.99658372,
       0.94869272, 0.96057267, 0.9411094 , 1.08160115, 0.92244136,
       0.99172237, 1.04719277, 0.97400884, 1.00727999, 0.9707341 ,
       0.98642096, 1.03793381, 0.97209564, 0.95460683, 0.98249542,
       1.02353417, 0.98428126, 0.97386614, 0.927717  , 0.92290625,
       1.00115602, 0.9782539 , 0.973243  , 1.02509673, 1.00786746,
       1.03460272, 0.98056193, 1.02274238, 0.9214663 , 1.03977709,
       0.97459899, 0.97946319, 1.02700325, 0.91923976, 0.90338645,
       1.01513124, 0.97683977, 0.98304258, 0.9954908 , 1.01878455,
       0.99076339, 1.01989391, 0.89978843, 1.01687943, 0.93748283,
       1.02893967, 0.96842463, 0.96481445, 0.97944762, 0.99975831,
       0.96651975, 0.92252699, 0.97302743, 0.98189605, 0.91062182,
       0.91731774, 1.01371709, 0.9187874 , 1.00337515, 1.03434923,
       0.97976394, 0.9969781 , 1.03256797, 0.92255652, 0.96192254,
       0.96108898, 0.89880592, 0.95711844, 0.98948893, 0.99932043,
       0.96828302, 0.9575732 , 0.97397618, 0.95193869, 1.01959414,
       0.96441635, 1.00305843, 0.96630154, 0.9894275 , 1.00209742,
       0.94077972, 1.00897045, 0.98253272, 0.98708908, 0.96267103,
       0.99966576, 0.90282166, 1.0056061 , 0.96971603, 1.00440344,
       1.03616871, 1.02205018, 1.06679143, 1.01716819, 1.01280443,
       0.97124353, 0.99825212, 1.05488941, 1.02685018, 1.02302932,
       0.9883679 , 0.86720054, 1.01114058, 0.97617644, 0.88776324,
       0.94019754, 1.05543729, 0.98913254, 1.00635798, 0.94431443,
       0.9857801 , 1.0147484 , 0.95469658, 1.05622089, 0.90813397,
       1.02450454, 0.97752079, 1.00404139, 1.07048343, 1.02207974,
       0.93113528, 0.97545628, 0.9747745 , 0.98785625, 1.0091052 ,
       1.03023662, 0.99878362, 0.98495736, 1.01268354, 0.9751585 ,
       0.98994689, 1.01186453, 0.95777661, 1.01135669, 0.99622353,
       0.95131873, 0.91438071, 0.95011443, 0.98038974, 1.0146942 ,
       0.95866924, 1.02409049, 0.98694068, 0.96792754, 0.98661014,
       1.02571438, 1.00954983, 1.02180459, 0.9667487 , 0.93921231,
       0.97994866, 0.98572732, 1.01025864, 0.91912378, 1.00557709,
       0.9237876 , 0.92167434, 0.96822456, 0.97828152, 1.01332436,
       0.98591437, 0.99190126, 0.9501394 , 0.99075622, 0.9960924 ,
       0.99818026, 0.99815562, 0.98736668, 1.02472407, 0.97572149,
       0.99076981, 0.99071319, 1.00763027, 1.00047453, 1.01283464,
       0.98878132, 1.04013173, 1.05933204, 0.98271746, 0.97992802,
       1.04641071, 0.95022198, 0.93401375, 1.01708317, 0.94171413,
       0.98740385, 1.02286906, 0.93737122, 0.95679755, 1.00552361,
       1.00579816, 0.9140911 , 1.06096913, 1.00636736, 0.95656873,
       0.92675676, 0.97356885, 0.97461174, 1.00266105, 0.98308076,
       0.92893194, 1.03035149, 0.9591504 , 0.96713267, 0.93182269,
       1.00220299, 0.99436545, 1.01002644, 0.99289786, 0.99041447,
       0.9974614 , 0.98627168, 0.95272255, 0.97504486, 1.00587625,
       0.99372876, 0.97504378, 1.02979811, 0.95006271, 1.03405573,
       0.98906313, 0.97125694, 0.96311132, 0.97142172, 1.0023431 ,
       0.99673863, 0.93955232, 0.98695951, 0.97376904, 0.98876449,
       0.96469585, 0.95587965, 0.95008491, 1.00778892, 0.96586772,
       0.90980276, 1.00760523, 0.97213226, 0.94787362, 1.03374179,
       0.98106955, 0.95983291, 1.03315549, 0.95269006, 0.98995673,
       0.9666819 , 1.00562959, 0.97269467, 0.96812642, 1.01279954,
       0.99737798, 0.9776805 , 0.99850949, 0.86409505, 1.04180489,
       0.9864102 , 1.02818197, 1.02144392, 1.02708225, 0.97769297,
       0.97269182, 0.98248712, 1.02341147, 1.02261463, 1.01064423,
       0.9901832 , 1.01392272, 0.98399896, 0.97658035, 1.01256865,
       1.00835245, 0.89670355, 0.95967025, 1.02928941, 0.96201917,
       0.99888517, 0.98062576, 0.90611193, 0.9934319 , 0.98341339,
       1.0653383 , 0.96508168, 0.97525006, 0.94867182, 0.96733395,
       0.9749352 , 0.99880603, 1.01404945, 1.01300001, 0.97644297,
       1.00549264, 1.01575699, 1.02206137, 0.98123434, 0.9967084 ,
       1.00062851, 1.02869818, 0.98338007, 0.98281267, 1.01064703,
       0.95889775, 0.95417623, 0.99394564, 0.87764866, 0.99478421,
       0.99282611, 1.02630596, 1.044026  , 0.91913098, 0.97485343,
       1.02708925, 1.04107139, 1.01839899, 0.99002256, 0.92703707,
       0.9310239 , 0.99538121, 0.98210122, 0.97847841, 0.99444054,
       1.042165  , 1.05205618, 0.96106158, 1.02636257, 1.04732224,
       0.99124972, 0.93208511, 1.03872391, 0.98882789, 1.02576518,
       0.99931073, 1.04656784, 0.91976437, 0.90657144, 0.9434386 ,
       0.9858679 , 0.95290663, 0.98853548, 1.03536812, 0.9368507 ,
       0.98271368, 1.02269131, 1.04571253, 0.92353091, 0.88542803,
       0.93610273, 0.93917071, 0.97503108, 0.9533052 , 0.9813202 ,
       1.01220757, 0.97541551, 1.00615416, 1.01644233, 1.00106384,
       1.61154189]), 'fs_0 - beta(p=7,n=3)': array([[ 8.69469165e-05,  4.93275003e-04,  6.30504278e-04,
         3.37820867e-04,  2.78354519e-04,  3.00997517e-05],
       [ 8.89590892e-05,  4.59318109e-04,  6.03696875e-04,
         3.29858307e-04,  2.65181417e-04,  4.61384064e-05],
       [ 6.21169854e-05,  4.36985127e-04,  6.09602089e-04,
         3.12315158e-04,  2.72039323e-04,  3.63047912e-05],
       ...,
       [ 1.06490607e-04,  4.67804713e-04,  6.46449215e-04,
         3.23959177e-04,  2.86024667e-04,  2.84939929e-05],
       [ 6.64644501e-05,  5.04971768e-04,  6.04499617e-04,
         3.44710155e-04,  2.69047473e-04,  4.39966443e-05],
       [ 4.69687009e-05,  3.93726876e-04,  3.80426764e-04,
         1.84684099e-04,  1.88038588e-04, -2.04609413e-05]]), 'fs_1 - beta(p=365.25,n=10)': array([[ 1.67486864e-03, -4.49047097e-03, -3.40044998e-03, ...,
        -1.62822230e-03,  7.77889625e-04, -1.58757950e-04],
       [ 3.45301576e-04,  1.18930156e-03, -9.45761568e-05, ...,
         2.23417476e-03,  2.25103474e-03, -1.19244409e-03],
       [ 3.35284809e-04,  2.29348949e-03,  1.82518448e-03, ...,
         1.16599345e-03,  9.02575293e-04,  3.24973279e-04],
       ...,
       [ 1.76509171e-03, -4.56306568e-03, -3.13499729e-03, ...,
         5.67826710e-04,  1.04510711e-03,  7.14385219e-04],
       [ 1.43808829e-03, -3.78482703e-03, -2.51746049e-03, ...,
         2.18458406e-04,  1.32022269e-03, -3.43369788e-05],
       [ 1.45510824e-02,  6.80315195e-04,  4.06930905e-04, ...,
         6.01829891e-04,  1.29298238e-03, -1.34275777e-03]])}"
