,0
0,"{'lt_0 - slope_shared': array(0.92543923), 'lt_0 - slope_sigma_log__': array(0.44264208), 'lt_0 - slope_z_offset': array([-2.51449426e-02,  1.46944709e-01, -1.46845227e-01,  8.39085323e-02,
       -8.94308246e-02, -7.58459518e-02,  8.12793693e-02,  1.11715763e-01,
        4.14473668e-02,  5.15067567e-02,  2.81856387e-02,  1.47324716e-01,
        1.03322291e-02, -4.04302110e-02, -1.32088250e-02, -1.49734507e-03,
        4.96176423e-02, -2.69890726e-02,  3.95622554e-02,  2.18207015e-01,
        4.36192617e-02, -5.78344768e-02,  1.15291122e-01,  3.08984694e-02,
       -7.95307468e-02,  2.61022830e-02,  6.56305136e-02, -3.44264353e-02,
       -5.92458666e-02, -1.50542182e-01, -1.74898743e-02,  2.44177706e-02,
        6.79593448e-02,  1.14143550e-01, -8.40952927e-02,  4.33150290e-02,
        1.58430777e-02,  1.79770416e-01, -3.21553784e-02,  1.19679951e-01,
        1.82543803e-02, -6.65643011e-03, -2.50423469e-02, -1.55788781e-02,
        2.89701342e-02, -5.16171419e-02, -4.13822796e-02,  3.44818396e-02,
       -1.88832441e-02,  9.04894040e-02,  1.19762401e-01,  3.29147908e-02,
        1.31339412e-01,  2.95242148e-02, -7.59865941e-03, -4.42979211e-02,
        1.09730984e-01,  9.16791502e-02,  6.66515655e-02,  1.39819202e-01,
       -3.00014259e-02, -1.39006206e-01, -5.28912102e-02, -6.89878410e-02,
        5.15205930e-02, -1.69705748e-01,  9.77038266e-02,  6.95305210e-02,
       -1.54612561e-01,  7.28972048e-02,  3.30755635e-02, -3.80716149e-02,
       -9.00080832e-02, -2.90490042e-02,  7.28675287e-02,  4.16148101e-02,
        2.68780053e-02,  1.31163100e-01,  3.23049053e-02,  1.42121257e-01,
       -6.38052201e-02,  3.67312563e-02,  2.34480151e-02, -3.56453939e-02,
       -4.57936276e-02, -1.25175692e-02, -1.11425643e-01,  1.53231762e-01,
       -2.24896678e-02,  1.19053563e-02, -3.18550481e-02,  5.53617131e-02,
       -1.70046917e-02, -1.39839062e-01,  3.00812869e-02,  1.03850789e-01,
       -4.89089914e-03,  6.80517100e-02, -1.23634092e-01, -1.17542990e-01,
        6.43988508e-02, -3.37433867e-02,  3.30927802e-02,  1.44442580e-01,
       -3.13794624e-02, -1.18641755e-01, -1.61234025e-01,  5.49093447e-02,
        1.10749820e-02,  1.75834492e-01,  4.91535428e-02,  1.20044763e-01,
       -9.10257669e-03, -2.68375132e-01,  1.65137833e-02, -1.24046767e-01,
        6.52079256e-03,  7.63400814e-03, -7.20112551e-02, -2.40538534e-01,
       -6.08886936e-02,  1.55717762e-01,  6.18231094e-02,  2.72931702e-02,
       -2.16372468e-02, -1.12212851e-01, -2.67108896e-02,  2.16191948e-01,
       -2.81671232e-01,  3.55814319e-02, -5.89820083e-02, -4.67397046e-02,
       -1.60728309e-02, -2.96164407e-02, -6.66319503e-03, -8.81756079e-02,
        9.26686631e-02, -2.64279386e-02,  5.71245700e-02, -1.77453060e-02,
        1.72627852e-02,  1.52871625e-03, -4.21649680e-02, -3.83931368e-02,
       -8.97239726e-02, -9.08022070e-02,  1.02897721e-01, -1.35983707e-01,
       -3.62672681e-02,  3.10809209e-02,  1.42109542e-01, -9.22563416e-02,
       -2.05787880e-02,  2.36999636e-02, -7.48105552e-02, -4.94909794e-02,
        9.80322513e-02,  3.98671832e-02,  8.56768518e-02, -1.21250859e-02,
        1.26763707e-01, -1.13371443e-01,  7.39546010e-02, -1.06036400e-01,
        2.10077686e-01, -1.08378928e-01, -1.11957237e-02,  3.15509201e-02,
       -4.79481138e-02, -5.40460014e-02, -1.52341016e-01,  5.06429957e-02,
        5.24292286e-02,  4.09991205e-02,  3.90780707e-02,  3.77153727e-02,
       -1.12522494e-01, -1.03051104e-02, -7.18662129e-02,  9.43030013e-02,
       -8.22464566e-02,  1.10118835e-01,  4.30898698e-02,  1.05659072e-01,
       -1.05964499e-01,  3.87199620e-02, -7.32544773e-02, -1.12731905e-01,
        1.35744766e-01, -4.93387699e-02, -2.56027725e-02,  1.71211299e-02,
       -2.95846798e-02,  5.42218070e-02,  6.27861805e-02,  2.28465847e-02,
       -3.72087235e-02, -1.58911111e-01, -1.16278018e-01,  4.81421425e-03,
       -1.89360199e-03, -9.87236244e-03,  9.43224881e-03, -4.74339602e-02,
       -3.66190821e-02, -2.21641039e-01,  1.58250313e-01,  2.71198991e-02,
        2.52329428e-03, -2.83077952e-02,  6.89323483e-03,  9.56796829e-02,
        7.55394559e-03, -1.30847099e-01,  1.22029502e-02,  1.11247923e-02,
        1.06002285e-02, -1.07848896e-02, -2.18379479e-02,  2.01791935e-02,
        9.29588986e-03, -5.93922022e-02,  8.07420915e-03,  1.02897902e-01,
        8.37279277e-02, -9.95693404e-02,  1.53383739e-01,  1.34405213e-01,
        1.19430461e-02, -1.21779627e-01,  1.18785264e-01, -8.88010158e-02,
       -3.65884467e-02, -1.85494973e-01,  2.70451598e-03, -2.26393959e-02,
        4.22403442e-02,  1.33798869e-01, -1.45818821e-01, -1.42919088e-01,
       -5.47974066e-02,  5.13738703e-02,  1.59629588e-02, -9.66878990e-02,
       -1.13290926e-02, -2.42629709e-02,  1.22081796e-01, -1.72801865e-02,
       -1.49526091e-01,  1.02032895e-01, -9.92936547e-02,  1.55884609e-01,
        1.75155586e-01,  6.07623712e-02,  6.33113664e-02,  1.24478746e-01,
       -1.08657905e-02, -2.24425114e-02, -1.23013558e-01,  1.01346352e-02,
        2.85575306e-02, -3.33318573e-01, -1.09579984e-02,  3.21289286e-02,
       -1.34562619e-02,  1.83454252e-01,  3.87060455e-02,  1.34745874e-01,
       -9.69356546e-02, -5.68519788e-02, -8.01339915e-02, -8.75364422e-03,
        1.14356832e-02, -4.67296216e-02, -1.30943897e-01,  4.71328632e-03,
       -1.52873676e-01,  4.33185603e-02,  1.20016774e-02,  1.21414926e-01,
       -7.47648596e-02,  5.37971836e-02,  1.78001717e-02,  6.53258572e-02,
        5.66286812e-02,  1.04174741e-01,  5.35571310e-02, -5.94253686e-02,
        2.04393727e-02, -2.19843683e-01,  2.71231771e-01, -8.94536465e-02,
       -1.44944546e-01,  8.31845341e-02,  7.59579827e-03,  1.49573232e-01,
       -1.24790421e-01,  6.65250008e-02,  4.54100708e-02,  8.99757967e-02,
        1.21417495e-02,  1.29238691e-01, -8.93424688e-02, -6.41993990e-02,
       -9.21668796e-02, -8.55227502e-02, -1.30463821e-01,  8.06891666e-02,
        5.77248285e-02, -2.66107789e-02, -4.92829784e-02, -4.37001378e-02,
       -6.41385059e-02, -6.17153685e-02, -8.09601037e-02, -2.56516331e-02,
       -2.13777997e-02,  3.01834676e-02, -8.59471749e-02,  1.76723521e-01,
        3.15627505e-02, -1.11296634e-02,  2.96484258e-02, -1.29720120e-01,
        8.42502116e-02, -2.90876536e-02,  6.19087527e-04,  1.26137610e-01,
       -1.37233341e-01,  7.00288677e-03, -6.70199509e-02, -1.26831109e-01,
       -1.64471131e-02, -2.57000530e-02,  1.50313548e-01, -4.98435400e-02,
        5.59874370e-02,  4.27402552e-02,  1.57470356e-01,  1.16883418e-01,
        1.29068495e-01, -2.29506077e-02,  1.04321596e-01, -1.25867366e-01,
       -1.06201641e-01,  1.42819344e-01,  2.98339430e-02,  9.43691294e-02,
       -5.45900970e-02, -1.39107842e-01,  4.68580499e-02,  9.14253499e-02,
        2.17319903e-02,  3.61272249e-02,  3.96135991e-02, -4.26533395e-02,
       -2.56733474e-02, -2.57560057e-02,  8.44354648e-02, -1.56884001e-02,
       -1.29254793e-01, -1.44915863e-01,  1.94308773e-02, -1.71795296e-01,
        3.35236640e-02,  5.58301815e-02, -3.02246645e-03, -1.48571390e-01,
        5.44008228e-02,  3.65489495e-03, -3.17379357e-02,  5.91138756e-02,
        9.87625955e-02,  2.36220369e-02,  2.97026141e-03,  1.13749307e-01,
        6.07409584e-02,  4.18037425e-02, -3.96337864e-02, -9.54329099e-02,
        8.68918891e-02,  5.12611397e-02,  1.57818292e-02,  5.42842044e-02,
        1.32751235e-01,  5.77575171e-02, -2.17693238e-01, -4.03524671e-02,
       -7.52081189e-02,  1.68317617e-02,  8.69420230e-02, -7.72046366e-02,
       -1.18615172e-02, -6.22796634e-02, -3.22965700e-01, -1.27476106e-01,
       -6.91522604e-02,  3.87036557e-02,  1.29512403e-01,  3.41988865e-02,
        3.04147862e-03, -4.56899507e-03, -3.46066807e-01, -2.60826265e-01,
        1.95151192e-01, -3.33875977e-02,  2.74681181e-02, -8.83947409e-02,
        3.89153711e-02,  9.04632046e-02,  6.95744120e-03,  2.72031176e-02,
       -2.19476588e-02,  5.76347320e-02,  5.29218348e-02, -1.75134273e-01,
        7.58807276e-02,  2.05294757e-03, -1.15660307e-01,  2.92676420e-02,
        7.28546853e-02, -2.28548312e-01, -1.21388514e-01, -2.78990862e-01,
       -7.76633103e-02,  1.07670857e-01, -7.86499680e-02,  1.41923555e-02,
        2.50848789e-01, -4.28053480e-02, -1.46779841e-01, -5.26560513e-02,
       -1.63576385e-01,  1.85981269e-02,  1.13721137e-01, -2.22484324e-02,
        2.89342734e-02, -9.50949600e-02, -3.48619799e-02, -3.05768002e-03,
       -6.18760486e-02, -1.08319577e-02,  1.62797912e-02,  6.27019514e-03,
        1.71852594e-02,  6.31273150e-03, -6.70855633e-03, -1.26363974e-01,
       -1.64467406e-02,  1.25727961e-01,  1.32292346e-02,  1.37020273e+00]), 'lt_0 - delta': array([-7.27209679e-02, -7.32696972e-02, -5.26866609e-03, -5.96048192e-01,
        5.06878788e-01, -3.14553114e-01, -4.85343590e-01,  1.08544411e+00,
       -7.69347460e-01,  2.87482666e-01, -3.27070740e-01,  1.24191273e-01,
        4.68486004e-01, -1.90904657e+00, -1.17691508e+00, -8.32575049e-01,
       -5.91965666e-01,  6.57581248e+00,  3.49905673e+00, -6.42105716e+00,
       -1.33621818e+00,  1.05410849e+00, -3.42820047e+00,  1.49533700e+01,
       -1.32821332e+01]), 'lt_0 - intercept': array([ 7.26987603e-02, -2.62665171e-01,  2.01383044e-01, -1.04585249e-01,
        1.52163513e-01,  1.24728131e-01, -9.96558525e-02, -1.42344414e-01,
       -1.06591677e-02, -8.69745715e-02,  5.07981708e-03, -2.10363976e-01,
        1.67793806e-02,  9.13631468e-02,  2.53652588e-02,  4.83313861e-02,
       -5.66693151e-02,  6.80755448e-02, -1.55042436e-02, -4.52374356e-01,
       -3.65104675e-02,  1.25240569e-01, -1.79032866e-01,  1.47012692e-02,
        1.42592346e-01, -8.57047066e-03, -2.98631794e-02,  1.66797400e-02,
        1.19085537e-01,  2.48639998e-01, -8.53830681e-03,  1.53177166e-03,
       -8.73260095e-02, -1.43333848e-01,  1.47516099e-01, -8.43006667e-03,
       -9.27528020e-03, -3.01141889e-01,  7.97013685e-02, -1.57555930e-01,
        1.14107678e-03,  3.70664905e-02,  6.49370131e-02,  5.36964294e-02,
        1.90393756e-03,  1.20992529e-01,  9.19681902e-02, -5.47629375e-02,
        5.42146403e-02, -1.56969763e-01, -2.56325958e-01, -1.58543729e-02,
       -1.70087889e-01,  1.46178009e-03,  7.14773023e-03,  8.60445912e-02,
       -1.63885293e-01, -1.76838045e-01, -9.37387551e-02, -2.58138084e-01,
        9.01335834e-02,  1.98293878e-01,  1.05279053e-01,  1.39924823e-01,
       -3.59502903e-02,  2.67508805e-01, -1.67672000e-01, -7.82356713e-02,
        2.36815010e-01, -1.29589852e-01,  8.41423382e-03,  9.51134453e-02,
        1.52507539e-01,  6.94276432e-02, -8.81161599e-02, -5.11051174e-02,
       -7.90232869e-03, -2.56370683e-01, -9.92355009e-02, -2.97109833e-01,
        1.28831363e-01, -2.61687482e-02, -6.64110094e-03,  7.60181562e-02,
        1.10280211e-01,  6.71839374e-02,  1.82201155e-01, -3.09407929e-01,
        8.10741922e-02, -2.46238282e-02,  5.74370401e-02, -1.03741648e-01,
        5.89810865e-02,  2.16908490e-01, -2.64016187e-02, -1.86652560e-01,
        4.64261236e-02, -9.20236284e-02,  1.80944639e-01,  1.75966580e-01,
       -5.66949608e-02,  5.64016759e-02,  4.77985152e-03, -2.75586031e-01,
        6.93383684e-02,  1.81146293e-01,  2.41121392e-01, -5.81835933e-02,
        2.32376688e-02, -3.44253551e-01, -2.47647278e-02, -1.74867886e-01,
       -1.04231475e-02,  2.92549097e-01,  2.79352888e-02,  1.92287088e-01,
        3.00716995e-02,  2.96681203e-02,  1.28685046e-01,  2.93936916e-01,
        1.23142648e-01, -2.49653290e-01, -1.19964475e-01,  2.24217613e-04,
        6.34323689e-02,  1.66136401e-01,  6.69211934e-02, -4.03456780e-01,
        4.05350078e-01, -1.96763589e-02,  1.16779957e-01,  1.11535057e-01,
        5.29725190e-02,  8.96402803e-02,  4.79534592e-02,  1.47562018e-01,
       -1.73287559e-01,  5.15052735e-02, -5.69929282e-02,  5.87868226e-02,
       -2.34611524e-04,  3.03517969e-02,  9.62450305e-02,  8.48096385e-02,
        1.51583818e-01,  9.88660378e-02, -1.07352806e-01,  2.21093544e-01,
        8.86946300e-02,  1.13156529e-02, -2.42350951e-01,  1.57961042e-01,
        6.93438278e-02, -4.77350802e-02,  1.15399995e-01, -6.22649458e-02,
       -1.45672739e-01, -3.70801333e-02, -1.66572176e-01,  5.68791452e-02,
       -2.65353356e-01,  1.92062275e-01, -1.57962763e-01,  1.89632751e-01,
       -3.72197982e-01,  1.68273378e-01,  3.80060809e-02, -5.44812243e-02,
        1.11292611e-01,  1.06705232e-01,  2.28609587e-01, -7.94937625e-02,
       -3.89682271e-02, -3.33210849e-02, -2.36185287e-02, -1.63440700e-02,
        1.92210126e-01,  4.27766320e-02,  8.58543048e-02, -2.21113582e-01,
        1.47702903e-01, -1.71198575e-01, -3.35575203e-02, -2.28052856e-01,
        1.64488690e-01, -4.94870068e-02,  1.34758899e-01,  1.54068652e-01,
       -2.18810624e-01,  7.67860268e-02,  7.47331969e-02,  1.51746928e-02,
        9.05087927e-02, -5.38005287e-02, -8.18113643e-02, -6.40139202e-03,
        9.63262005e-02,  2.16728386e-01,  1.40530418e-01, -1.79903329e-02,
        4.69942216e-02,  4.60249306e-02,  1.83743880e-02,  1.07886239e-01,
        7.85989331e-02,  2.96063310e-01, -3.35519841e-01, -1.61643980e-02,
        4.09624543e-02,  7.86452674e-02,  3.82348102e-02, -1.81405596e-01,
        2.05950332e-02,  1.93736903e-01,  1.72997712e-02, -3.81384910e-02,
        1.49436957e-02,  4.86651388e-02,  3.89788437e-02, -4.20566509e-02,
       -2.06527363e-02,  1.28008690e-01,  3.46734243e-02, -1.74346623e-01,
       -1.68580887e-01,  1.70922976e-01, -3.57517813e-01, -2.17714879e-01,
        3.83388923e-02,  2.03739613e-01, -1.62737268e-01,  1.71078799e-01,
        6.80407270e-02,  2.72935488e-01,  4.30766730e-02,  5.19911488e-02,
       -3.36024750e-02, -2.25116079e-01,  2.25742741e-01,  2.19702585e-01,
        1.25203181e-01, -1.08286183e-01,  2.33904087e-02,  1.75771787e-01,
        4.94996352e-02,  3.72890678e-02, -2.96663355e-01,  5.05360874e-02,
        1.96278086e-01, -1.45258651e-01,  1.34876047e-01, -2.71848157e-01,
       -2.47316572e-01, -5.85504812e-02, -7.44702227e-02, -1.78525778e-01,
        2.57899508e-02,  5.06202853e-02,  1.98980023e-01,  3.29703648e-02,
       -2.02835591e-02,  4.51019306e-01,  5.65530841e-02, -2.39765390e-02,
        7.10908329e-02, -3.69955487e-01, -2.53803073e-02, -2.18148874e-01,
        1.67247386e-01,  1.16950841e-01,  1.36514276e-01, -1.06022365e-01,
        3.87870604e-02,  1.16684934e-01,  1.98128723e-01,  3.50641073e-02,
        1.85249608e-01, -2.57363964e-02,  1.96073924e-02, -2.65559448e-01,
        1.34167245e-01, -5.41705151e-02, -9.29253099e-04, -1.44456887e-01,
       -5.72042133e-02, -1.32177725e-01, -4.15660842e-02,  1.24254210e-01,
        7.82877547e-03,  2.68592906e-01, -5.15957370e-01,  1.47512367e-01,
        2.06634024e-01, -1.65446276e-01, -1.03730540e-02, -2.57293817e-01,
        1.73836006e-01, -9.49399133e-02, -4.62820147e-02, -1.70229325e-01,
       -1.10430789e-01, -3.36410595e-01,  1.71806131e-01,  1.22574680e-01,
        1.41043216e-01,  1.37544304e-01,  2.12123964e-01, -1.75502492e-01,
       -5.80932040e-02,  8.28144958e-02,  1.11468232e-01,  1.10840762e-01,
        1.19706823e-01,  1.15354112e-01,  1.50997947e-01,  7.38793047e-02,
        7.12253932e-02,  1.32254663e-02,  1.65986490e-01, -3.09807573e-01,
        6.96691299e-03,  3.62019396e-02, -6.84842611e-02,  1.98738976e-01,
       -1.06572321e-01,  7.82602260e-02,  4.21868824e-02, -2.59826507e-01,
        2.06263690e-01,  1.89372781e-02,  1.23233637e-01,  2.01642186e-01,
        5.70350481e-02,  4.29657841e-02, -3.08872788e-01,  1.06661905e-01,
       -4.73971549e-02, -3.91008033e-02, -2.96883945e-01, -1.96332124e-01,
       -2.03636927e-01,  6.30982145e-02, -2.02520298e-01,  2.04691473e-01,
        1.67941605e-01, -3.18280374e-01, -7.13706511e-02, -1.99210511e-01,
        1.00028960e-01,  2.13409322e-01, -9.25248567e-02, -1.41261469e-01,
        1.37566511e-02, -3.61406325e-03, -3.20671478e-02,  9.21434563e-02,
        6.51275617e-02,  6.42350783e-02, -1.68833880e-01,  5.33191571e-02,
        2.04062716e-01,  1.86443191e-01,  7.57956465e-03,  2.60533658e-01,
       -5.78022676e-02, -2.80228100e-02,  3.94155372e-02,  2.39313153e-01,
       -3.55342103e-02,  2.52499160e-02,  7.34953874e-02, -1.01330380e-01,
       -1.69917522e-01,  9.61221501e-03,  3.98618012e-02, -1.64660548e-01,
       -1.53392105e-01, -3.07367880e-02,  7.13363075e-02,  1.49625266e-01,
       -1.15985249e-01, -3.78842998e-02, -4.02336187e-02, -6.32577263e-02,
       -2.17579276e-01, -9.45870883e-02,  3.19684821e-01,  5.75662387e-02,
        1.05222085e-01,  1.08601093e-02, -1.52884238e-01,  1.22206500e-01,
        4.84964645e-02,  1.34454357e-01,  4.13432308e-01,  1.78739755e-01,
        1.36729770e-01, -9.32036139e-02, -2.17916760e-01, -1.10473721e-03,
       -2.47445300e-02,  3.74710541e-02,  4.52955257e-01,  3.57967373e-01,
       -3.53565000e-01,  8.41303689e-02,  3.31854831e-04,  1.11037988e-01,
       -3.41740254e-02, -1.80090059e-01,  2.47875638e-02, -9.47035378e-03,
       -9.49783327e-03, -9.79039789e-02, -2.07007903e-02,  2.42996995e-01,
       -1.50674161e-01, -7.74297990e-02,  1.94048006e-01,  6.58847713e-03,
       -1.08214117e-01,  3.09534760e-01,  2.01960961e-01,  3.35193345e-01,
        1.50612009e-01, -1.69386675e-01,  1.52562723e-01,  1.92563256e-02,
       -4.17179291e-01,  9.28761512e-02,  2.33326881e-01,  6.48669270e-02,
        2.35750685e-01,  1.16507193e-03, -1.50018575e-01,  7.47062668e-02,
        1.51211228e-02,  1.53562890e-01,  8.17651408e-02,  4.36374120e-02,
        6.70479044e-02,  4.76547085e-02,  2.78737571e-02,  2.99189215e-02,
        7.85222212e-03,  1.93571165e-02,  5.64628271e-02,  2.11742979e-01,
        5.55753343e-02, -2.70685534e-01,  3.30765232e-02, -2.04552869e+00]), 'fs_0 - beta_shared': array([-2.41620544e-04, -4.51407978e-04,  2.86624370e-04,  4.34870260e-04,
        9.17556912e-06,  4.27920937e-04]), 'fs_0 - beta_sigma(p=7,n=3)_log__': array([-5.97013522, -5.54724588, -6.01067852, -5.98195934, -6.02278194,
       -6.01944989]), 'fs_0 - beta_z_offset(p=7,n=3)': array([[-9.69671797e-04, -2.86889756e-02,  2.02666708e-03,
         2.86053200e-04, -3.43240459e-03, -1.34144444e-04],
       [-6.56122981e-03,  6.93461636e-02,  2.22860930e-02,
        -1.40244574e-03,  2.29390568e-02, -2.53324127e-03],
       [ 4.50624582e-03, -3.12436811e-02, -1.29840820e-02,
         3.81168761e-03, -1.17557522e-02,  8.05679919e-03],
       ...,
       [ 1.82809491e-02,  7.99252297e-02,  2.79952340e-02,
         1.53855822e-02,  1.39799573e-02, -2.28067779e-02],
       [-2.20507455e-03,  1.94573771e-02, -2.13468985e-02,
         8.99141652e-03, -1.47389404e-02, -1.39740032e-02],
       [ 9.91969973e-02,  1.57246509e-01, -8.42748830e-02,
        -1.17086824e-01, -1.55040114e-03, -1.17013906e-01]]), 'fs_1 - beta_shared': array([ 9.72932836e-04, -1.99555432e-03,  2.63431685e-03,  1.20082034e-03,
       -1.29996120e-03,  3.12015580e-03, -2.44908764e-03, -8.24715970e-04,
        2.29408826e-06, -1.12089007e-03, -3.40362149e-04, -9.24052240e-04,
        1.53941567e-03, -1.35638933e-03,  1.80833752e-03,  1.60216233e-03,
       -1.21431141e-03,  1.48345238e-03, -2.26067208e-04, -9.89362948e-04]), 'fs_1 - beta_sigma(p=365.25,n=10)_log__': array([-5.0994323 , -3.47062964, -3.32138189, -4.66647525, -3.59569256,
       -3.32466621, -3.49134018, -3.56492413, -3.67194915, -3.66700854,
       -3.67619437, -3.73762704, -3.73087457, -3.65026166, -3.74466753,
       -3.77118612, -3.85353132, -3.84848453, -3.50460311, -3.55528603]), 'fs_1 - beta_z_offset(p=365.25,n=10)': array([[ 0.00378068, -0.06083154,  0.09483612, ...,  0.10456822,
        -0.11455966,  0.00760063],
       [-0.00663866,  0.34620849, -0.48423969, ...,  0.0741687 ,
        -0.2870723 ,  0.0450397 ],
       [ 0.02383751, -0.27856332,  0.40047224, ...,  0.06337571,
        -0.04479119,  0.17513281],
       ...,
       [-0.02526881,  0.33817255, -0.45317692, ...,  0.12059762,
        -0.27781657, -0.09709584],
       [ 0.0026765 , -0.0325441 ,  0.07267493, ...,  0.0350834 ,
        -0.1374976 ,  0.14248201],
       [ 1.41494297, -0.07566766, -0.20246595, ..., -0.00694262,
         0.06527017,  0.02391369]]), 'sigma_log__': array(-3.95109718), 'lt_0 - slope_sigma': array(1.55681503), 'fs_0 - beta_sigma(p=7,n=3)': array([0.0025539 , 0.00389818, 0.00245242, 0.00252388, 0.00242292,
       0.00243101]), 'fs_1 - beta_sigma(p=365.25,n=10)': array([0.00610021, 0.03109744, 0.03610291, 0.00940536, 0.02744167,
       0.03598453, 0.03046002, 0.02829913, 0.02542686, 0.0255528 ,
       0.02531915, 0.02381054, 0.02397186, 0.02598433, 0.02364349,
       0.02302474, 0.02120472, 0.02131201, 0.0300587 , 0.0285732 ]), 'sigma': array(0.01923359), 'lt_0 - slope': array([0.8862932 , 1.15420496, 0.69682837, 1.05606929, 0.78621197,
       0.80736111, 1.05197617, 1.09936   , 0.98996511, 1.00562572,
       0.96931905, 1.15479656, 0.9415246 , 0.86249687, 0.90487553,
       0.92310814, 1.00268472, 0.88342223, 0.98703034, 1.26514719,
       0.99334635, 0.83540164, 1.10492618, 0.97354243, 0.80162456,
       0.96607565, 1.0276138 , 0.87184363, 0.83320437, 0.69107289,
       0.89821073, 0.96345318, 1.03123936, 1.10313962, 0.79451841,
       0.99287271, 0.95010397, 1.20530851, 0.87537925, 1.11175877,
       0.95385792, 0.9150764 , 0.88645292, 0.90118579, 0.97054037,
       0.84508088, 0.86101467, 0.97912107, 0.89604151, 1.06631449,
       1.11188713, 0.97668147, 1.1299104 , 0.97140297, 0.91360952,
       0.85647556, 1.09627007, 1.0681667 , 1.02920338, 1.14311186,
       0.87873256, 0.70903228, 0.8430974 , 0.81803792, 1.00564726,
       0.66123877, 1.07754601, 1.03368539, 0.68473607, 1.03892669,
       0.97693176, 0.86616876, 0.78531329, 0.8802153 , 1.03888049,
       0.99022579, 0.96728331, 1.12963591, 0.97573199, 1.14669573,
       0.8261063 , 0.982623  , 0.96194345, 0.86994594, 0.85414702,
       0.90595169, 0.75197011, 1.16399274, 0.89042697, 0.94397366,
       0.87584681, 1.01162717, 0.89896607, 0.70773567, 0.97227023,
       1.0871157 , 0.917825  , 1.03138315, 0.73296381, 0.74244653,
       1.02569632, 0.87290701, 0.97695856, 1.1503096 , 0.87658721,
       0.74073596, 0.67442767, 1.01092292, 0.94268092, 1.19918101,
       1.0019622 , 1.11232672, 0.9112682 , 0.50762879, 0.95114813,
       0.73232135, 0.93559089, 0.93732396, 0.81333102, 0.55096522,
       0.83064679, 1.16786298, 1.02168637, 0.96792964, 0.89175403,
       0.75074457, 0.88385531, 1.2620101 , 0.48692922, 0.98083293,
       0.83361515, 0.85267415, 0.9004168 , 0.87933191, 0.91506586,
       0.78816611, 1.06970719, 0.88429581, 1.01437161, 0.89781307,
       0.95231419, 0.92781915, 0.85979617, 0.86566821, 0.7857556 ,
       0.78407699, 1.08563194, 0.71373775, 0.8689778 , 0.97382647,
       1.1466775 , 0.78181317, 0.89340186, 0.96233569, 0.80897303,
       0.84839093, 1.07805731, 0.98750506, 1.05882224, 0.90656271,
       1.12278687, 0.74894086, 1.04057286, 0.76036017, 1.25249132,
       0.75671328, 0.90800956, 0.97455817, 0.85079288, 0.8412996 ,
       0.68827244, 1.004281  , 1.00706184, 0.98926727, 0.98627655,
       0.98415508, 0.75026252, 0.90939608, 0.81355683, 1.07225156,
       0.79739671, 1.09687388, 0.99252218, 1.08993086, 0.7604721 ,
       0.98571904, 0.81139555, 0.7499365 , 1.13676872, 0.84862789,
       0.88558045, 0.95209366, 0.87938135, 1.00985255, 1.0231857 ,
       0.96100713, 0.86751213, 0.67804402, 0.74441586, 0.93293407,
       0.92249124, 0.91006978, 0.94012349, 0.85159332, 0.86843009,
       0.58038513, 1.17180569, 0.96765989, 0.92936753, 0.88136923,
       0.93617072, 1.07439479, 0.93719932, 0.7217345 , 0.94443696,
       0.94275847, 0.94194182, 0.90864915, 0.89144158, 0.9568545 ,
       0.93991121, 0.83297655, 0.93800928, 1.08563223, 1.05578812,
       0.77042818, 1.16422934, 1.13468328, 0.94403234, 0.73585087,
       1.11036591, 0.78719247, 0.86847778, 0.63665787, 0.92964966,
       0.89019387, 0.99119963, 1.13373932, 0.69842629, 0.70294064,
       0.8401298 , 1.00541884, 0.9502906 , 0.77491405, 0.90780192,
       0.88766627, 1.115498  , 0.89853717, 0.69265476, 1.08428557,
       0.77085737, 1.16812273, 1.19812407, 1.020035  , 1.02400331,
       1.11922961, 0.9085232 , 0.89050039, 0.73392987, 0.94121698,
       0.96989802, 0.40652386, 0.90837965, 0.97545802, 0.90449032,
       1.21104356, 0.98569738, 1.13521363, 0.77452834, 0.83693121,
       0.80068542, 0.91181142, 0.94324247, 0.85268985, 0.7215838 ,
       0.93277694, 0.68744319, 0.99287821, 0.94412362, 1.11445981,
       0.80904417, 1.00919149, 0.9531508 , 1.0271395 , 1.01359961,
       1.08762003, 1.00881777, 0.83292492, 0.95725955, 0.58318328,
       1.34769692, 0.78617644, 0.69978738, 1.05494216, 0.93726448,
       1.15829708, 0.73116362, 1.02900635, 0.99613431, 1.0655149 ,
       0.94434168, 1.12663996, 0.78634953, 0.82549264, 0.78195244,
       0.79229612, 0.72233119, 1.05105733, 1.01530611, 0.88401117,
       0.84871474, 0.85740619, 0.82558744, 0.82935981, 0.79939932,
       0.88550438, 0.89215795, 0.9724293 , 0.79163537, 1.20056506,
       0.97457659, 0.9081124 , 0.97159634, 0.72348899, 1.05660122,
       0.88015513, 0.92640303, 1.12181215, 0.7117923 , 0.93634143,
       0.82110156, 0.72798665, 0.89983411, 0.885429  , 1.15944962,
       0.84784205, 1.01260131, 0.9919779 , 1.17059144, 1.10740509,
       1.126375  , 0.88970938, 1.08784865, 0.72948702, 0.76010292,
       1.14778253, 0.97188516, 1.0723545 , 0.84045254, 0.70887405,
       0.99838854, 1.06777158, 0.95927191, 0.98168263, 0.98711027,
       0.85903587, 0.88547057, 0.88534189, 1.05688963, 0.90101529,
       0.72421342, 0.69983203, 0.95568951, 0.65798573, 0.97762937,
       1.01235649, 0.9207338 , 0.69414105, 1.01013124, 0.93112922,
       0.87602913, 1.0174686 , 1.07919432, 0.96221437, 0.93006337,
       1.10252586, 1.02000166, 0.99051992, 0.86373675, 0.77686784,
       1.06071382, 1.00524334, 0.95000861, 1.00994969, 1.13210834,
       1.015357  , 0.58653112, 0.8626179 , 0.8083541 , 0.95164317,
       1.06079187, 0.80524589, 0.90697304, 0.82848131, 0.42264137,
       0.72698251, 0.81778195, 0.98569366, 1.12706608, 0.97868057,
       0.93017425, 0.91832615, 0.38667722, 0.51938098, 1.22925353,
       0.87346091, 0.968202  , 0.78782496, 0.98602326, 1.0662737 ,
       0.93627067, 0.96778945, 0.89127078, 1.01516584, 1.00782873,
       0.65278756, 1.04357148, 0.92863529, 0.74537752, 0.97100353,
       1.03886049, 0.56963178, 0.73645976, 0.49110206, 0.80453182,
       1.09306283, 0.80299577, 0.9475341 , 1.31596439, 0.85879922,
       0.69693016, 0.84346349, 0.67078105, 0.95439307, 1.102482  ,
       0.89080253, 0.97048454, 0.77739396, 0.87116557, 0.92067898,
       0.82910966, 0.90857587, 0.95078385, 0.93520076, 0.9521935 ,
       0.93526698, 0.91499524, 0.72871389, 0.89983469, 1.12117441,
       0.9460347 , 3.05859143]), 'fs_0 - beta(p=7,n=3)': array([[-2.44096985e-04, -5.63242726e-04,  2.91594616e-04,
         4.35592223e-04,  8.59128054e-07,  4.27594831e-04],
       [-2.58377243e-04, -1.81084252e-04,  3.41279311e-04,
         4.31330660e-04,  6.47550642e-05,  4.21762611e-04],
       [-2.30112060e-04, -5.73201424e-04,  2.54781901e-04,
         4.44490488e-04, -1.93076756e-05,  4.47507069e-04],
       ...,
       [-1.94932900e-04, -1.39845163e-04,  3.55280543e-04,
         4.73701566e-04,  4.30478845e-05,  3.72477511e-04],
       [-2.47252075e-04, -3.75559648e-04,  2.34272732e-04,
         4.57563483e-04, -2.65357016e-05,  3.93950044e-04],
       [ 1.17182759e-05,  1.61566988e-04,  7.99466577e-05,
         1.39357596e-04,  5.41907149e-06,  1.43459367e-04]]), 'fs_1 - beta(p=365.25,n=10)': array([[ 0.000996  , -0.00388726,  0.00605818, ...,  0.00371201,
        -0.00366958, -0.00077219],
       [ 0.00093244,  0.00877064, -0.01484814, ...,  0.00306414,
        -0.00885509,  0.00029757],
       [ 0.00111835, -0.01065816,  0.01709253, ...,  0.00283412,
        -0.00157243,  0.00401474],
       ...,
       [ 0.00081879,  0.00852075, -0.01372669, ...,  0.00405363,
        -0.00857687, -0.0037637 ],
       [ 0.00098926, -0.00300759,  0.00525809, ...,  0.00223115,
        -0.00435907,  0.0030818 ],
       [ 0.00960438, -0.00434863, -0.00467529, ...,  0.00133549,
         0.00173587, -0.00030607]])}"
