,0
0,"{'lt_0 - slope_sigma_log__': array(2.86414363), 'lt_0 - slope_z_offset': array([ 0.12393016,  0.03590816, -0.07040123, -0.05269507,  0.04667669,
        0.03496014,  0.07025216,  0.11392224, -0.01483621, -0.03637278,
        0.05377435, -0.01904534,  0.134048  ,  0.17265164,  0.01692041,
        0.02251649,  0.05074138,  0.05943966, -0.00707718, -0.08610318,
        0.12433502,  0.05824744,  0.04520346,  0.05444784,  0.05388426,
        0.11244135,  0.06083595,  0.15020161, -0.00255048,  0.08785826,
       -0.06072076,  0.05515324,  0.05208992,  0.0958629 ,  0.04922467,
        0.04786094, -0.01029427, -0.08877357,  0.0043548 ,  0.01005525,
       -0.01700664,  0.05602172,  0.15092812,  0.14193837,  0.15467412,
        0.05437489,  0.17847188, -0.0376473 ,  0.05307929,  0.00062183,
       -0.03747564,  0.07963952, -0.03234912,  0.09837094, -0.05543281,
        0.07103087,  0.04964944, -0.0297647 , -0.03968487, -0.06768074,
       -0.0069883 ,  0.09804393,  0.04567051,  0.09435095, -0.06742644,
        0.10807479, -0.06154849,  0.11823016,  0.08537508, -0.01396225,
        0.10588279,  0.04408189, -0.06031766,  0.10596298,  0.11084305,
       -0.00775671,  0.00864104,  0.00075095, -0.1154207 ,  0.03365836,
        0.08918645,  0.05184762,  0.0441214 ,  0.1623423 ,  0.05324518,
        0.09252976,  0.15479433, -0.06995845,  0.01093429,  0.04325264,
       -0.10308242, -0.03422658,  0.16258811,  0.17404821,  0.1461302 ,
       -0.07102843, -0.03335848, -0.10592435,  0.08945315,  0.17894377,
        0.05556892,  0.04587809,  0.01280647, -0.03588776,  0.06026453,
        0.00941646,  0.11543229,  0.05201668,  0.13854806,  0.06319739,
       -0.00777241,  0.09495019, -0.00471408,  0.19571016,  0.11950948,
        0.04417142,  0.04049351, -0.03764181,  0.17656625,  0.20248648,
       -0.00333662,  0.15936341,  0.20323872,  0.13337869,  0.17260556,
        0.01101604, -0.1341221 ,  0.17326485,  0.00208764,  0.06072549,
        0.03297844,  0.02872463,  0.17752858,  0.10228111,  0.12921686,
        0.13027121,  0.02833858,  0.04296072, -0.09208216,  0.15513051,
        0.13756275,  0.15626634,  0.15898414, -0.00283228,  0.16067087,
       -0.07128925,  0.16061422,  0.10854619,  0.11434954,  0.01435145,
       -0.03535395,  0.19966927, -0.00819908, -0.06524117,  0.0912089 ,
       -0.14442138, -0.05768724,  0.16521272, -0.00241683,  0.00816209,
       -0.00707529, -0.06242067, -0.01616677,  0.15537094, -0.10234423,
       -0.06127315,  0.02150464,  0.09987841,  0.00108709,  0.10487074,
        0.03306238,  0.05985219, -0.01679131,  0.10557607,  0.1003737 ,
        0.03616629, -0.03383956,  0.05303032, -0.03749992,  0.05591872,
       -0.06916837,  0.03911943, -0.03879036,  0.0514834 ,  0.08833253,
        0.11219136, -0.12099146, -0.01980332,  0.09848926, -0.094379  ,
        0.03186072,  0.08634853,  0.07667048, -0.09136732,  0.20688464,
        0.09214684, -0.04863434,  0.13279767,  0.09807273,  0.05601915,
        0.08571946,  0.10827504,  0.05537525,  0.12420265,  0.17540169,
       -0.09458592,  0.05377318,  0.06308158, -0.02301135,  0.0981368 ,
        0.0519255 ,  0.08997001,  0.00225074,  0.18998174,  0.09582064,
        0.04934166,  0.03809379,  0.04887728,  0.03191982, -0.01714581,
        0.11461884,  0.10500371, -0.03077243,  0.01750607,  0.17442887,
        0.04108954, -0.08384346,  0.1247097 ,  0.12671208,  0.11816374,
        0.17683225, -0.1426125 , -0.05741081,  0.13011812,  0.17048599,
        0.08045048,  0.09288271, -0.00484055, -0.01476839,  0.05711658,
        0.18033321, -0.00377817,  0.03994907,  0.13746164,  0.10268494,
       -0.09422734,  0.17201827,  0.08890491,  0.09078299, -0.01448774,
       -0.0162374 , -0.0186751 , -0.04648791, -0.01413078,  0.0358868 ,
        0.18095168, -0.05028592,  0.00513096,  0.17396899,  0.0541524 ,
        0.0682643 ,  0.02933742,  0.05736915,  0.12889095, -0.01324934,
        0.05066735,  0.00364558,  0.03494923,  0.11740285,  0.16115636,
       -0.07598838,  0.06992125,  0.03429609,  0.10057567,  0.14558476,
       -0.09146647, -0.06704239,  0.07534316, -0.07441219,  0.12472262,
        0.10246176,  0.04288088,  0.01444967,  0.09509045, -0.1023963 ,
       -0.00498553,  0.10994741,  0.17651662,  0.10057756,  0.04655998,
        0.15317453,  0.05473956,  0.13124863, -0.06432713,  0.05444178,
       -0.07338267, -0.02631301, -0.11662454, -0.00022175,  0.01268519,
        0.09895997,  0.06676332,  0.02176323,  0.00741789, -0.01392147,
        0.18421373, -0.03965338, -0.09884453,  0.09739584,  0.01872283,
        0.0255424 , -0.02896892, -0.08744131,  0.04520069,  0.04581756,
        0.12636928,  0.09588855,  0.04735701, -0.08526701,  0.15200646,
        0.0738021 ,  0.00681629,  0.01583096, -0.02138012,  0.07952289,
        0.1594721 ,  0.05400092, -0.07993368,  0.14249242,  0.06152008,
        0.03646395,  0.14621583,  0.05490853, -0.03312047,  0.18843517,
       -0.02604774, -0.09543104,  0.00529699,  0.05520147,  0.01562879,
       -0.066326  ,  0.05212235,  0.1601466 , -0.03631934, -0.02441148,
       -0.03856785, -0.01587944, -0.01784262,  0.05787888,  0.01853936,
        0.08911121,  0.05362025,  0.18110025,  0.12896974,  0.03429793,
        0.01982896,  0.06042972, -0.02449419,  0.01177895,  0.04896027,
        0.16217466, -0.0361325 ,  0.00812237,  0.07457269, -0.04686906,
        0.17930734,  0.09065418,  0.03754227,  0.04423363,  0.05685507,
       -0.07091597, -0.02293557,  0.1806505 ,  0.04902356, -0.04227183,
        0.03285911,  0.07502595,  0.11463261,  0.170533  ,  0.11107703,
        0.10328111,  0.02235479,  0.01669059,  0.11010324,  0.01268946,
        0.13289885,  0.07048934,  0.09694   ,  0.12388976,  0.1516263 ,
        0.16788538,  0.02101203,  0.05291675,  0.05546425,  0.0564592 ,
        0.20315276,  0.00113441,  0.10775446,  0.02410414,  0.03670074,
        0.06097535, -0.08606171, -0.04543205,  0.1558093 ,  0.04232341,
        0.17208405,  0.11866387, -0.067615  , -0.02880273,  0.00868715,
       -0.0882834 ,  0.05108404,  0.05616608,  0.01010919,  0.08574645,
       -0.02635433,  0.08343239,  0.14088553,  0.04759407, -0.0522746 ,
        0.18452124,  0.18460396,  0.14274226, -0.06126904,  0.08631702,
        0.09286791, -0.0845767 ,  0.16973206,  0.18565253,  0.03206718,
       -0.03098501,  0.11716409, -0.13960727,  0.18153905,  0.04843003,
        0.04896205,  0.03038183, -0.00695224,  0.0494208 ,  0.16434089,
        0.0509364 ,  0.06863577,  0.07530872,  0.05526652,  0.10087305,
        0.0806795 , -0.09182222, -0.0860406 ,  0.1064063 , -0.0095159 ]), 'lt_0 - delta_sigma_log__': array(-0.46476982), 'lt_0 - delta_z_offset': array([[-6.58992777e-03, -3.58418962e-03,  2.24408770e-02, ...,
         5.32796218e-02, -1.14839251e-02,  2.11045132e-03],
       [-5.21950198e-03,  1.29921730e-02, -4.75138987e-04, ...,
        -5.12916073e-02,  1.63490661e-02, -5.12269527e-02],
       [ 3.15601231e-02, -1.97976046e-02, -3.40064103e-02, ...,
        -1.48340093e-01, -1.90890440e-01, -2.00160297e-01],
       ...,
       [-4.06618201e-02, -2.33126775e-02,  1.39041532e-02, ...,
        -3.53500193e-01, -3.63259953e-01, -3.94749717e-01],
       [ 1.35848448e-03,  1.00694161e-02, -3.95663990e-02, ...,
         1.03312488e-02,  2.11085642e-02,  6.82026539e-02],
       [ 8.33553901e-02,  3.12167483e-01,  1.99449359e-01, ...,
         7.19719289e+00, -2.02535517e+01,  1.61403135e+01]]), 'lt_0 - intercept': array([-1.36145608e+00,  4.10218079e-01,  2.32403194e+00,  1.96674095e+00,
       -1.68587798e-02,  3.96519538e-01, -4.14820371e-01, -1.17333129e+00,
        1.32952587e+00,  1.59040499e+00, -5.70624958e-02,  1.40465286e+00,
       -1.54109867e+00, -2.41309422e+00,  7.20063879e-01,  7.40356312e-01,
        6.62180167e-04, -1.68768118e-01,  1.14866950e+00,  2.90966363e+00,
       -1.41843067e+00, -1.61262692e-01,  3.96917501e-02, -2.38410181e-01,
       -4.47943347e-02, -1.21943956e+00, -1.70926859e-01, -2.14950937e+00,
        1.12333793e+00, -8.00312230e-01,  2.15711223e+00, -2.52330221e-01,
       -1.73815063e-02, -1.05393014e+00, -7.03700381e-02, -5.04338663e-03,
        1.22234913e+00,  2.89106023e+00,  1.01886876e+00,  9.21995286e-01,
        1.38744607e+00,  1.46709155e-02, -1.98010149e+00, -1.68711156e+00,
       -2.03143557e+00,  1.37211051e-02, -2.66269864e+00,  1.69175751e+00,
        6.80330452e-02,  1.02071249e+00,  1.69519900e+00, -6.49738771e-01,
        1.55991316e+00, -9.41592987e-01,  2.10653897e+00, -5.19116033e-01,
        2.71327322e-02,  1.61227171e+00,  1.69785041e+00,  2.25696137e+00,
        1.19270943e+00, -9.95741598e-01,  3.03811048e-01, -8.69683872e-01,
        2.36825097e+00, -1.08924201e+00,  2.23899339e+00, -1.19664062e+00,
       -6.44369526e-01,  1.24627727e+00, -1.10545997e+00,  2.12185542e-01,
        2.19339058e+00, -1.06827514e+00, -1.17793374e+00,  1.16808147e+00,
        9.03179769e-01,  1.01773587e+00,  4.58496674e+00,  5.61886238e-01,
       -6.84954429e-01, -5.07211488e-03,  2.92818604e-01, -2.24971923e+00,
       -1.80898886e-01, -8.57015082e-01, -1.94043780e+00,  2.57480136e+00,
        8.61977807e-01, -3.29788525e-03,  3.68287086e+00,  1.64694542e+00,
       -2.05570374e+00, -2.52996851e+00, -1.68517415e+00,  2.42270553e+00,
        1.55399913e+00,  3.81583470e+00, -7.58455528e-01, -2.75145470e+00,
       -2.55678513e-01,  2.76388172e-01,  8.09074054e-01,  1.70629746e+00,
       -7.51537196e-02,  8.53962150e-01, -1.29260647e+00,  1.16036472e-01,
       -1.64380938e+00, -3.93843964e-01,  1.11604716e+00, -8.65412563e-01,
        1.10464517e+00, -3.11496186e+00, -1.26251308e+00,  2.98951060e-01,
        3.15201228e-01,  1.66701615e+00, -2.64441593e+00, -3.78053028e+00,
        1.15237270e+00, -2.08062151e+00, -3.71959920e+00, -1.55658075e+00,
       -2.37842543e+00,  8.44980786e-01,  7.05008586e+00, -2.47553060e+00,
        1.00302911e+00, -2.52121181e-01,  6.42814287e-01,  5.66890427e-01,
       -2.57443492e+00, -9.82993924e-01, -1.45168376e+00, -1.45916775e+00,
        6.18366403e-01,  3.88190215e-01,  3.17804650e+00, -1.94207702e+00,
       -1.70128856e+00, -1.95745648e+00, -2.09828448e+00,  1.13649620e+00,
       -2.02623516e+00,  2.24595196e+00, -2.08221243e+00, -1.08258810e+00,
       -1.16589769e+00,  8.67358274e-01,  1.55022038e+00, -3.45415619e+00,
        1.17199057e+00,  2.29740527e+00, -7.58024206e-01,  7.37967874e+00,
        2.09313316e+00, -2.27691686e+00,  1.05074066e+00,  8.42716235e-01,
        1.15771563e+00,  2.19195462e+00,  1.27966503e+00, -1.90953076e+00,
        3.67384098e+00,  2.14620711e+00,  7.28329305e-01, -9.40211106e-01,
        1.04136539e+00, -1.03565950e+00,  4.83192383e-01, -8.02685758e-02,
        1.33210056e+00, -1.11477676e+00, -9.63895868e-01,  4.73027625e-01,
        1.65005824e+00, -2.06718396e-01,  1.73683771e+00, -1.90830281e-01,
        2.45966775e+00,  3.82555942e-01,  1.72853572e+00,  4.58002035e-02,
       -7.09217077e-01, -1.13026068e+00,  5.01861620e+00,  1.29681510e+00,
       -8.91683782e-01,  3.29548115e+00,  5.48344270e-01, -6.79977282e-01,
       -6.21393410e-01,  3.08837580e+00, -3.78101848e+00, -8.36004088e-01,
        1.86234117e+00, -1.43078906e+00, -9.46646812e-01, -2.14652436e-01,
       -6.98631918e-01, -1.11932039e+00,  2.48142586e-02, -1.36200832e+00,
       -2.47294699e+00,  3.20188558e+00, -6.64337323e-02, -3.88823016e-01,
        1.49101370e+00, -8.38927448e-01, -1.62769574e-01, -7.24307399e-01,
        9.56261775e-01, -3.01973164e+00, -8.30701309e-01, -2.53186209e-02,
        4.73712604e-01,  4.73794745e-02,  5.94698576e-01,  1.25264085e+00,
       -1.21687156e+00, -1.05297323e+00,  1.54675697e+00,  7.77938968e-01,
       -2.50324385e+00,  3.66755267e-01,  2.71578345e+00, -1.33080603e+00,
       -1.44790343e+00, -1.31233681e+00, -2.55564940e+00,  6.96845284e+00,
        2.18607978e+00, -1.52048362e+00, -2.35723373e+00, -6.28194557e-01,
       -8.64785832e-01,  1.12825115e+00,  1.35659672e+00, -2.17380113e-01,
       -2.63426477e+00,  1.08457439e+00,  4.19328467e-01, -1.55092567e+00,
       -9.93262623e-01,  3.24559338e+00, -2.51618993e+00, -8.27090664e-01,
       -7.65140820e-01,  1.27956914e+00,  1.28242171e+00,  1.25461384e+00,
        1.81644585e+00,  1.23407871e+00,  4.92617949e-01, -2.62768328e+00,
        1.95275591e+00,  9.00261141e-01, -2.41684379e+00,  1.26556344e-01,
       -4.12295285e-01,  5.63612217e-01, -2.59565691e-01, -1.38983899e+00,
        1.29292756e+00, -2.07922077e-01,  1.00592033e+00,  4.84577219e-01,
       -1.31667515e+00, -2.11148552e+00,  2.48875929e+00, -4.53218080e-01,
        5.34571831e-01, -9.33039956e-01, -1.79212970e+00,  3.09090110e+00,
        2.35528482e+00, -5.23986926e-01,  2.57001604e+00, -1.36856705e+00,
       -1.06975663e+00,  1.77455147e-01,  8.35928137e-01, -8.04076036e-01,
        3.52354128e+00,  1.05405574e+00, -1.15975686e+00, -2.47007670e+00,
       -1.01024343e+00,  6.79922627e-02, -1.97144050e+00, -4.01978642e-02,
       -1.44655430e+00,  2.20297355e+00,  2.64852044e-01,  2.23935212e+00,
        1.48992231e+00,  4.54693579e+00,  1.03111201e+00,  8.44169236e-01,
       -9.19439698e-01, -4.25549701e-01,  7.53848001e-01,  9.05656462e-01,
        1.32057074e+00, -2.96182330e+00,  1.81375799e+00,  3.39394568e+00,
       -9.43175440e-01,  7.82586363e-01,  6.44039948e-01,  1.48573882e+00,
        3.07266177e+00,  2.53222280e-01,  2.57918387e-01, -1.36683657e+00,
       -9.13143287e-01,  2.66532696e-02,  2.99529614e+00, -1.91820086e+00,
       -5.36657150e-01,  9.43666979e-01,  7.29534912e-01,  1.44719343e+00,
       -5.54588842e-01, -1.90985495e+00, -2.16955506e-01,  2.53820728e+00,
       -1.83192916e+00, -3.12623422e-01,  4.01863920e-01, -1.66538683e+00,
       -3.29071504e-02,  1.62589904e+00, -2.93015785e+00,  1.53242857e+00,
        3.34040748e+00,  9.03961646e-01,  1.79399964e-01,  7.44711158e-01,
        2.23281318e+00,  8.66823080e-03, -2.09098701e+00,  1.67455221e+00,
        1.46562659e+00,  1.76484629e+00,  1.32504316e+00,  1.21043713e+00,
       -1.78539797e-01,  8.22428486e-01, -7.09655362e-01,  1.09307478e-02,
       -2.80888243e+00, -1.40272574e+00,  5.09178479e-01,  7.10520915e-01,
       -3.30627775e-01,  1.49961683e+00,  8.35860349e-01,  1.63499492e-01,
       -2.17933199e+00,  1.74358731e+00,  1.01578125e+00, -5.55182405e-01,
        1.95260449e+00, -2.60699532e+00, -8.59091597e-01,  2.88783257e-01,
        3.26455497e-01, -1.59937607e-01,  2.46828267e+00,  1.38890927e+00,
       -2.70029629e+00,  3.03047923e-01,  1.68943607e+00,  4.77599267e-01,
       -5.74751738e-01, -1.13431235e+00, -2.38319306e+00, -1.15009953e+00,
       -8.63112659e-01,  6.93238839e-01,  7.89254294e-01, -1.05358650e+00,
        8.36977404e-01, -1.43375373e+00, -5.24604866e-01, -9.50035928e-01,
       -1.48703664e+00, -1.89472361e+00, -2.39392612e+00,  8.19169014e-01,
       -1.94780024e-01,  1.05483796e-01, -3.02661807e-01, -3.88965762e+00,
        1.03914711e+00, -1.03720035e+00,  7.42485751e-01,  5.40574485e-01,
       -3.13692096e-01,  2.84038088e+00,  1.85182866e+00, -1.98503734e+00,
        3.63727287e-01, -2.49367951e+00, -1.26554458e+00,  2.28794002e+00,
        1.53116696e+00,  9.31169614e-01,  3.13409592e+00,  1.13854015e-02,
       -7.75770273e-02,  9.07058038e-01, -7.83574065e-01,  1.41653210e+00,
       -7.27517496e-01, -1.70293498e+00,  4.49056936e-02,  2.00535825e+00,
       -2.84987979e+00, -2.88713712e+00, -1.78738905e+00,  2.18992640e+00,
       -7.28531551e-01, -8.45280532e-01,  2.85177349e+00, -2.37416379e+00,
       -2.85252509e+00,  4.38659757e-01,  1.54268653e+00, -1.14264567e+00,
        7.89156003e+00, -2.80822852e+00,  2.06985185e-01,  2.24368333e-01,
        5.95112178e-01,  1.15938800e+00,  1.54246227e-01, -2.10896403e+00,
       -6.48614573e-02, -3.50664975e-01, -5.35049678e-01, -1.28698168e-01,
       -1.09453236e+00, -6.23529444e-01,  3.14919572e+00,  3.03420204e+00,
       -1.06163596e+00,  3.87086960e-02]), 'fs_0 - beta_shared': array([-0.00226723,  0.00059864, -0.00098644, -0.00090445,  0.00019998,
        0.00031771]), 'fs_0 - beta_sigma(p=7,n=3)_log__': array([-9.67140104, -9.67249824, -9.67356397, -9.67378921, -9.67398884,
       -9.67394066]), 'fs_0 - beta_z_offset(p=7,n=3)': array([[-6.32207076e-04,  1.78434786e-03,  1.30340206e-04,
         2.20805591e-04,  2.22925282e-04, -5.99435168e-04],
       [-6.72353526e-06, -1.60763278e-03, -1.40215464e-03,
         8.43967221e-05, -8.71809288e-04,  7.81522750e-04],
       [-2.69360697e-03, -3.23410214e-03, -2.90515813e-03,
        -1.43119136e-03, -1.19570541e-03,  2.95650109e-04],
       ...,
       [ 1.24272424e-03, -2.85395698e-03, -1.03362457e-03,
        -3.47719598e-04, -7.52577445e-04,  1.17482248e-03],
       [-1.60364814e-03,  2.07750103e-03,  3.41065854e-04,
        -3.27582700e-04,  6.89907423e-04, -6.27515505e-04],
       [ 6.82636003e-02, -1.82509588e-02,  2.10051012e-02,
         2.04356682e-02, -8.30637675e-03, -3.88505575e-03]]), 'fs_1 - beta_shared': array([ 0.00188416, -0.00342518, -0.01682033, -0.00081139, -0.01364539,
       -0.00941867, -0.00358181, -0.00910352, -0.00336594, -0.0018172 ,
       -0.00445213,  0.00508995, -0.01017135,  0.00477262, -0.00732429,
        0.00019738,  0.00187778,  0.00412276,  0.00726519,  0.01614916]), 'fs_1 - beta_sigma(p=365.25,n=10)_log__': array([-9.52607854, -9.65662   , -9.33444555, -9.52698912, -9.41683924,
       -9.35151652, -9.54637075, -9.42439574, -9.59068325, -9.60108407,
       -9.61193573, -9.64242485, -9.61322747, -9.6214569 , -9.62782958,
       -9.62362591, -9.65537777, -9.63210782, -9.65651121, -9.53020194]), 'fs_1 - beta_z_offset(p=365.25,n=10)': array([[ 0.01713885,  0.00896905,  0.0210514 , ...,  0.00453771,
         0.00352411,  0.01313898],
       [-0.00422878, -0.00268052, -0.00307721, ..., -0.0186893 ,
         0.00917246, -0.01835628],
       [-0.02326224, -0.01400125, -0.02358324, ..., -0.02159097,
         0.00745132, -0.02477184],
       ...,
       [-0.03903512, -0.01172166, -0.06405313, ...,  0.02531285,
         0.001725  ,  0.01872537],
       [ 0.01404811,  0.00644015,  0.01947332, ...,  0.00895142,
        -0.0045662 ,  0.00806326],
       [ 0.27667537,  0.07029792,  0.40335289, ..., -0.08594179,
        -0.13341523, -0.47270805]]), 'sigma_log__': array(-3.16782261), 'lt_0 - slope_sigma': array(17.5340311), 'lt_0 - delta_sigma': array(0.62827971), 'fs_0 - beta_sigma(p=7,n=3)': array([6.30614417e-05, 6.29922885e-05, 6.29251917e-05, 6.29110203e-05,
       6.28984622e-05, 6.29014928e-05]), 'fs_1 - beta_sigma(p=365.25,n=10)': array([7.29250368e-05, 6.40004784e-05, 8.83286932e-05, 7.28586627e-05,
       8.13427183e-05, 8.68336342e-05, 7.14601399e-05, 8.07303687e-05,
       6.83626970e-05, 6.76553533e-05, 6.69251500e-05, 6.49154533e-05,
       6.68387558e-05, 6.62909680e-05, 6.58698602e-05, 6.61473379e-05,
       6.40800308e-05, 6.55886549e-05, 6.40074415e-05, 7.26249570e-05]), 'sigma': array(0.04209516), 'lt_0 - slope': array([ 2.17299536,  0.62961485, -1.23441741, -0.92395699,  0.81843056,
        0.61299213,  1.23180362,  1.99751613, -0.26013849, -0.63776153,
        0.94288119, -0.33394154,  2.35040182,  3.02727929,  0.29668294,
        0.39480476,  0.88970091,  1.04221685, -0.12409143, -1.50973579,
        2.18009407,  1.02131237,  0.79259881,  0.95469007,  0.9448083 ,
        1.97155016,  1.0666994 ,  2.63363961, -0.04472027,  1.54050943,
       -1.06467971,  0.9670586 ,  0.91334623,  1.68086308,  0.86310682,
        0.83919516, -0.18049999, -1.55655858,  0.07635713,  0.17630901,
       -0.29819489,  0.98228658,  2.64637833,  2.48875181,  2.7120608 ,
        0.95341093,  3.12933146, -0.66010887,  0.93069389,  0.01090327,
       -0.65709906,  1.39640188, -0.56721043,  1.72483909, -0.97196061,
        1.2454575 ,  0.8705549 , -0.52189525, -0.69583575, -1.18671624,
       -0.12253311,  1.71910536,  0.8007882 ,  1.65435244, -1.18225726,
        1.8949868 , -1.07919309,  2.07305129,  1.49696924, -0.24481455,
        1.85655222,  0.77293316, -1.05761174,  1.85795821,  1.94352555,
       -0.13600644,  0.15151218,  0.01316714, -2.02379009,  0.59016677,
        1.56379792,  0.90909785,  0.77362606,  2.84651492,  0.9336027 ,
        1.62241965,  2.71416864, -1.22665363,  0.19172226,  0.75839305,
       -1.80745029, -0.60012988,  2.85082497,  3.05176676,  2.56225155,
       -1.24541467, -0.58490857, -1.85728078,  1.56847439,  3.13760563,
        0.97434725,  0.80442789,  0.22454899, -0.62925715,  1.05668016,
        0.16510843,  2.02399337,  0.91206204,  2.42930607,  1.10810508,
       -0.13628175,  1.66485961, -0.08265677,  3.4315881 ,  2.09548296,
        0.77450307,  0.7100145 , -0.66001266,  3.0959182 ,  3.55040424,
       -0.05850441,  2.79428306,  3.56359396,  2.33866609,  3.0264712 ,
        0.19315565, -2.35170108,  3.03803129,  0.0366047 ,  1.06476267,
        0.57824493,  0.50365863,  3.1127916 ,  1.79340018,  2.26569243,
        2.2841795 ,  0.4968896 ,  0.75327458, -1.61457146,  2.72006323,
        2.41202961,  2.7399788 ,  2.78763283, -0.04966133,  2.81720805,
       -1.24998788,  2.81621479,  1.90325222,  2.00500846,  0.25163882,
       -0.61989724,  3.50100712, -0.14376289, -1.14394062,  1.59925965,
       -2.53228892, -1.01148989,  2.8968449 , -0.04237672,  0.14311426,
       -0.12405841, -1.09448604, -0.28346856,  2.72427896, -1.79450693,
       -1.07436538,  0.37706294,  1.75127111,  0.01906104,  1.83880675,
        0.57971681,  1.04945023, -0.29441936,  1.85117402,  1.75995558,
        0.63414092, -0.59334392,  0.92983529, -0.65752472,  0.98048059,
       -1.2128003 ,  0.68592129, -0.68015137,  0.90271152,  1.5488253 ,
        1.96716674, -2.12146804, -0.34723197,  1.72691377, -1.65484439,
        0.55864692,  1.51403785,  1.34434251, -1.60203745,  3.6275218 ,
        1.61570553, -0.85275603,  2.32847848,  1.71961028,  0.98224146,
        1.50300759,  1.89849792,  0.97095137,  2.17777321,  3.07549875,
       -1.6584725 ,  0.94286055,  1.10607434, -0.40348177,  1.72073368,
        0.91046341,  1.57753697,  0.0394646 ,  3.33114565,  1.680122  ,
        0.86515823,  0.66793772,  0.85701582,  0.55968312, -0.30063521,
        2.00973037,  1.84113835, -0.53956477,  0.30695198,  3.05844125,
        0.72046535, -1.47011392,  2.18666384,  2.22177347,  2.07188662,
        3.1005821 , -2.50057201, -1.00664287,  2.28149512,  2.98930658,
        1.41062118,  1.62860831, -0.08487437, -0.25894947,  1.0014839 ,
        3.16196805, -0.06624658,  0.70046829,  2.41025664,  1.80048086,
       -1.65218509,  3.01617365,  1.55886144,  1.59179168, -0.25402846,
       -0.28470701, -0.32744975, -0.81512042, -0.24776953,  0.62924022,
        3.17281233, -0.88171483,  0.08996641,  3.05037775,  0.94950985,
        1.19694828,  0.51440318,  1.00591243,  2.25997798, -0.23231431,
        0.88840284,  0.06392164,  0.61280085,  2.05854517,  2.8257207 ,
       -1.33238262,  1.22600134,  0.60134875,  1.76349692,  2.55268771,
       -1.603776  , -1.1755234 ,  1.32106937, -1.30474568,  2.18689034,
        1.79656776,  0.75187472,  0.25336088,  1.66731895, -1.79541984,
       -0.08741638,  1.92782131,  3.09504796,  1.76353013,  0.81638407,
        2.68576695,  0.9598052 ,  2.30131764, -1.12791395,  0.95458385,
       -1.286694  , -0.46137311, -2.04489834, -0.00388821,  0.22242254,
        1.7351672 ,  1.17063012,  0.38159715,  0.13006548, -0.24409942,
        3.23000926, -0.69528366, -1.73314301,  1.70774164,  0.32828677,
        0.44786125, -0.50794195, -1.53319869,  0.79255037,  0.80336655,
        2.21576296,  1.68131286,  0.83035924, -1.49507449,  2.66528603,
        1.2940483 ,  0.1195171 ,  0.27758047, -0.37487965,  1.3943568 ,
        2.79618883,  0.94685381, -1.40155968,  2.4984666 ,  1.07869492,
        0.63935997,  2.56375297,  0.96276783, -0.58073543,  3.30402808,
       -0.45672192, -1.67329079,  0.09287765,  0.96790436,  0.27403563,
       -1.16296208,  0.91391497,  2.80801544, -0.63682437, -0.42803164,
       -0.67624987, -0.27843057, -0.31285311,  1.01485016,  0.32506979,
        1.5624788 ,  0.94017915,  3.17541745,  2.26135949,  0.601381  ,
        0.34768156,  1.05957655, -0.42948187,  0.20653244,  0.85847085,
        2.84357554, -0.63354845,  0.1424179 ,  1.3075599 , -0.82180358,
        3.14398047,  1.58953316,  0.65826731,  0.77559384,  0.99689865,
       -1.24344275, -0.40215307,  3.16753146,  0.85958071, -0.74119562,
        0.57615267,  1.31550726,  2.00997178,  2.99013091,  1.9476281 ,
        1.81093424,  0.39196955,  0.29265324,  1.93055361,  0.22249743,
        2.33025256,  1.2359622 ,  1.699749  ,  2.17228684,  2.65862027,
        2.94370748,  0.36842564,  0.92784393,  0.9725118 ,  0.9899574 ,
        3.56208683,  0.01989085,  1.88937004,  0.42264271,  0.64351191,
        1.0691437 , -1.50900878, -0.79660695,  2.73196508,  0.74209993,
        3.0173271 ,  2.08065605, -1.18556343, -0.50502803,  0.15232073,
       -1.54796385,  0.89570913,  0.98481786,  0.17725493,  1.50348093,
       -0.46209772,  1.46290617,  2.4702913 ,  0.83451594, -0.91658453,
        3.23540107,  3.23685164,  2.50284719, -1.0742933 ,  1.51348536,
        1.62834881, -1.48297051,  2.97608725,  3.25523717,  0.56226693,
       -0.54329208,  2.05435882, -2.4478782 ,  3.18311126,  0.84917366,
        0.85850213,  0.53271597, -0.12190082,  0.86654592,  2.88155827,
        0.89312041,  1.20346171,  1.32046535,  0.96904491,  1.7687112 ,
        1.41463686, -1.61001367, -1.50863861,  1.86573129, -0.166852  ]), 'lt_0 - delta': array([[-4.14031788e-03, -2.25187360e-03,  1.40991476e-02, ...,
         3.34745051e-02, -7.21511710e-03,  1.32595374e-03],
       [-3.27930717e-03,  8.16271864e-03, -2.98520183e-04, ...,
        -3.22254759e-02,  1.02717864e-02, -3.21848548e-02],
       [ 1.98285849e-02, -1.24384332e-02, -2.13655375e-02, ...,
        -9.31990697e-02, -1.19932590e-01, -1.25756653e-01],
       ...,
       [-2.55469963e-02, -1.46468822e-02,  8.73569727e-03, ...,
        -2.22096997e-01, -2.28228856e-01, -2.48013236e-01],
       [ 8.53508228e-04,  6.32640981e-03, -2.48587655e-02, ...,
         6.49091396e-03,  1.32620825e-02,  4.28503433e-02],
       [ 5.23705000e-02,  1.96128494e-01,  1.25309985e-01, ...,
         4.52185023e+00, -1.27248955e+01,  1.01406314e+01]]), 'fs_0 - beta(p=7,n=3)': array([[-0.00226727,  0.00059876, -0.00098643, -0.00090443,  0.00019999,
         0.00031767],
       [-0.00226723,  0.00059854, -0.00098653, -0.00090444,  0.00019992,
         0.00031776],
       [-0.0022674 ,  0.00059844, -0.00098662, -0.00090454,  0.0001999 ,
         0.00031773],
       ...,
       [-0.00226715,  0.00059846, -0.00098651, -0.00090447,  0.00019993,
         0.00031778],
       [-0.00226733,  0.00059877, -0.00098642, -0.00090447,  0.00020002,
         0.00031767],
       [-0.00226292,  0.00059749, -0.00098512, -0.00090316,  0.00019946,
         0.00031746]]), 'fs_1 - beta(p=365.25,n=10)': array([[ 0.00188541, -0.0034246 , -0.01681847, ...,  0.00412306,
         0.00726541,  0.01615011],
       [ 0.00188385, -0.00342535, -0.0168206 , ...,  0.00412153,
         0.00726577,  0.01614783],
       [ 0.00188246, -0.00342607, -0.01682241, ...,  0.00412134,
         0.00726566,  0.01614736],
       ...,
       [ 0.00188131, -0.00342593, -0.01682599, ...,  0.00412442,
         0.0072653 ,  0.01615052],
       [ 0.00188519, -0.00342476, -0.01681861, ...,  0.00412335,
         0.00726489,  0.01614975],
       [ 0.00190434, -0.00342068, -0.0167847 , ...,  0.00411712,
         0.00725665,  0.01611483]])}"
