,0
0,"{'lt_0 - slope_sigma_log__': array(3.63733401), 'lt_0 - slope_z_offset': array([ 7.49373153e-02, -3.54217725e-01,  3.25115748e-01, -1.62883563e-01,
        1.87637073e-01,  1.27334298e-01, -1.34715767e-01, -2.12980004e-01,
       -3.85773904e-02, -6.64496614e-02,  2.54689144e-02, -3.02962335e-01,
        8.77111620e-02,  1.00046259e-01,  6.30059092e-02,  6.69904146e-02,
       -7.67609960e-02,  8.55520677e-02, -1.18402800e-02, -5.84363303e-01,
       -3.32527969e-02,  1.44371272e-01, -2.34397193e-01,  1.69467241e-02,
        1.73623914e-01,  7.04530587e-02, -5.24379392e-02,  5.62152764e-02,
        1.47403181e-01,  4.07378603e-01,  4.91895783e-02, -6.52689619e-03,
       -1.04596231e-01, -2.03255636e-01,  1.90351177e-01, -3.81465627e-02,
        2.43791122e-02, -4.42536384e-01,  8.77606242e-02, -2.22422731e-01,
        2.78002553e-02,  5.94817855e-02,  7.17141644e-02,  6.09866778e-02,
        1.43454437e-03,  1.43053902e-01,  9.81699268e-02, -4.65427993e-02,
        4.67089910e-02, -1.95468709e-01, -2.77965820e-01, -2.67734204e-02,
       -2.10131139e-01,  2.38404532e-02,  3.46661347e-02,  1.00952911e-01,
       -2.30681963e-01, -1.92482153e-01, -1.34734639e-01, -3.45480337e-01,
        1.10621649e-01,  2.92576488e-01,  1.50230700e-01,  1.77007509e-01,
       -5.10769789e-02,  4.57515995e-01, -1.99937964e-01, -9.60846934e-02,
        3.60608408e-01, -1.36131341e-01,  2.89536191e-02,  1.05598856e-01,
        1.92731231e-01,  8.38346720e-02, -1.13511102e-01, -2.96391959e-02,
       -2.35483420e-02, -3.41151843e-01, -2.34953725e-02, -3.55650247e-01,
        1.49927839e-01, -2.78959699e-02,  5.48659975e-03,  8.39431210e-02,
        1.37606922e-01,  9.79230569e-02,  2.66089024e-01, -3.92984781e-01,
        8.97614119e-02,  4.29119653e-02,  9.61201581e-02, -1.05359040e-01,
        7.03228744e-02,  3.45801328e-01, -1.56783623e-02, -2.16539614e-01,
        6.22752328e-02, -8.98161932e-02,  2.59359701e-01,  2.45451536e-01,
       -1.00313257e-01,  6.99546744e-02,  2.61511640e-02, -3.69423969e-01,
        1.02275414e-01,  2.86318431e-01,  3.87507996e-01, -4.95806874e-02,
        3.25095987e-02, -4.59368775e-01, -3.69357023e-02, -2.16246515e-01,
        7.07179885e-02,  4.53201535e-01,  5.80078286e-02,  2.92577680e-01,
        6.25255446e-02,  4.99747530e-02,  1.41127865e-01,  4.77566179e-01,
        1.56363364e-01, -3.59637008e-01, -1.36380641e-01, -9.27494642e-03,
        6.01589843e-02,  2.46755117e-01,  9.19031252e-02, -5.89619962e-01,
        8.03586221e-01,  8.19688684e-04,  1.60541709e-01,  1.20277226e-01,
        6.10831730e-02,  1.05730761e-01,  5.81372478e-02,  2.11837472e-01,
       -1.67247706e-01,  7.63916219e-02, -7.01494294e-02,  7.75435255e-02,
        1.70199013e-02,  7.05891000e-02,  9.86022387e-02,  1.01256527e-01,
        2.09184543e-01,  1.72954724e-01, -1.78624169e-01,  3.94463366e-01,
        9.53946498e-02,  3.59955701e-02, -3.69183033e-01,  2.08234192e-01,
        8.80206694e-02, -3.13815771e-02,  1.43354533e-01,  3.51981824e-02,
       -2.08589825e-01, -2.23287606e-02, -1.78623828e-01,  6.05828561e-02,
       -3.16305854e-01,  3.03075123e-01, -1.52850449e-01,  2.66850343e-01,
       -5.50964539e-01,  3.18126431e-01,  5.17100054e-02, -3.13530102e-02,
        1.17880417e-01,  1.06816114e-01,  3.66770161e-01, -4.80407774e-02,
       -5.76115860e-02, -3.97664203e-02, -4.14119447e-02, -7.92249595e-03,
        2.98718089e-01,  7.14804830e-02,  7.73109509e-02, -2.29961776e-01,
        2.17234006e-01, -2.57839594e-01, -3.90410761e-02, -2.56265903e-01,
        2.34826791e-01, -6.82683186e-02,  1.56006032e-01,  2.09184270e-01,
       -2.98126227e-01,  9.51183612e-02,  8.98375665e-02,  6.37951771e-02,
        1.04006043e-01, -7.87181739e-02, -6.83006144e-02,  3.89574426e-02,
        9.46671085e-02,  3.56875612e-01,  1.81522925e-01,  4.00923363e-02,
        6.86233412e-02,  5.09142382e-02,  5.65072464e-02,  1.30378806e-01,
        1.05023211e-01,  5.94278873e-01, -4.19108951e-01,  1.28987252e-02,
        2.15985535e-02,  9.02076845e-02,  3.89066990e-02, -2.13637031e-01,
        4.54088416e-02,  3.33617298e-01,  6.81192120e-02,  1.89212809e-02,
        3.11623898e-02,  7.37943498e-02,  3.23880958e-02, -2.62856001e-02,
        3.29316519e-02,  1.34067832e-01,  4.15060478e-02, -2.25852258e-01,
       -1.72203686e-01,  2.59507190e-01, -4.16189939e-01, -2.93083845e-01,
        4.33795149e-02,  2.86808553e-01, -2.48189272e-01,  2.38523628e-01,
        9.44979703e-02,  4.70136712e-01,  3.98038108e-02,  4.99730795e-02,
       -3.69558961e-02, -2.74401345e-01,  3.40857671e-01,  3.62405086e-01,
        1.40811203e-01, -8.88514327e-02,  3.80794442e-02,  2.49200321e-01,
        5.88268642e-02,  5.29549255e-02, -3.00963494e-01,  6.84353344e-02,
        2.99608112e-01, -1.74978572e-01,  1.68814555e-01, -3.88879931e-01,
       -4.21688754e-01, -6.06741104e-02, -1.15558019e-01, -2.50022525e-01,
        3.98539217e-02,  6.02887220e-02,  2.94767639e-01,  5.22262831e-02,
        9.48899229e-03,  8.47164149e-01,  6.95469825e-02,  2.97646190e-03,
        8.46002727e-02, -4.79251987e-01, -2.84040767e-02, -3.15110481e-01,
        2.58848122e-01,  1.46330766e-01,  2.04305276e-01, -4.33630529e-02,
        3.43609250e-02,  1.30805273e-01,  2.94907330e-01,  3.42895061e-02,
        3.58638422e-01, -6.23679015e-02,  5.64728437e-02, -2.64886612e-01,
        2.07609326e-01, -9.71995447e-02,  9.33542360e-02, -1.17061073e-01,
       -6.27570341e-02, -1.62036784e-01, -8.38193303e-02,  1.67701829e-01,
        1.89306752e-02,  4.56964620e-01, -7.68764154e-01,  2.07500636e-01,
        3.58841811e-01, -1.89069115e-01,  5.09824345e-03, -3.68376025e-01,
        2.66886044e-01, -1.02339107e-01,  2.21770367e-02, -1.65258855e-01,
       -3.39439173e-02, -3.83131439e-01,  2.27270862e-01,  1.31420759e-01,
        2.30363244e-01,  2.01977749e-01,  3.39465759e-01, -1.90852733e-01,
       -6.84506756e-02,  9.42610090e-02,  1.17101505e-01,  9.89863042e-02,
        1.68456274e-01,  1.44250115e-01,  2.11957092e-01,  7.84585070e-02,
        6.44843403e-02,  2.46552982e-02,  2.28506878e-01, -4.41338782e-01,
        1.60076447e-02,  5.02485244e-02, -2.98331991e-02,  3.08663017e-01,
       -1.59311316e-01,  1.01094685e-01,  7.34708161e-02, -2.95127582e-01,
        3.14390546e-01,  2.80460301e-02,  1.47770482e-01,  3.32099083e-01,
        4.77113064e-02,  8.11564938e-02, -3.73094620e-01,  1.20602835e-01,
       -8.37271322e-02, -1.86439648e-02, -4.00725758e-01, -2.64431320e-01,
       -2.73792780e-01,  8.28298073e-02, -2.45062951e-01,  3.14574116e-01,
        2.30155737e-01, -3.70059193e-01, -4.88345484e-02, -2.16202253e-01,
        1.14558481e-01,  3.20986283e-01, -5.35894704e-02, -1.64348440e-01,
        7.89974299e-02, -3.14588028e-02, -4.60395201e-02,  1.03375314e-01,
        7.50940148e-02,  1.01352309e-01, -1.74248703e-01,  8.00722477e-02,
        3.14334436e-01,  2.83877172e-01,  1.44657920e-02,  4.32193609e-01,
       -6.24726099e-02, -2.98673284e-02,  5.70985601e-02,  3.92745607e-01,
       -4.55306259e-02,  2.69826768e-02,  9.32803903e-02, -9.85952392e-02,
       -1.63008694e-01,  2.34847514e-02,  5.47185194e-02, -2.16628018e-01,
       -1.36450423e-01, -4.15566235e-02,  7.69822094e-02,  2.05345846e-01,
       -1.23416919e-01, -6.75709234e-02,  8.53983691e-04, -7.03079481e-02,
       -2.79506895e-01, -1.09969928e-01,  6.08410441e-01,  7.95443037e-02,
        1.14248603e-01,  1.88549637e-02, -1.72865840e-01,  1.46901399e-01,
        7.41660553e-02,  1.83970643e-01,  7.40625753e-01,  2.41651486e-01,
        1.75082345e-01, -6.70286282e-02, -2.76135551e-01, -2.77736218e-02,
        3.37398710e-02,  4.59999477e-02,  8.88338875e-01,  6.74948528e-01,
       -5.02150272e-01,  9.04150050e-02, -1.04839126e-02,  1.18696078e-01,
       -7.66687265e-02, -1.90398014e-01,  4.11642434e-02, -2.91988788e-03,
        4.38619592e-02, -1.06591129e-01, -1.55428054e-02,  3.87772950e-01,
       -1.50718811e-01, -2.85227148e-02,  2.77581147e-01,  3.22459952e-02,
       -1.72643296e-01,  5.49708832e-01,  2.91242699e-01,  5.47057516e-01,
        2.03870474e-01, -1.95525666e-01,  1.90731801e-01,  6.00380793e-02,
       -6.60701715e-01,  1.10276697e-01,  3.72859468e-01,  8.34187212e-02,
        3.83002197e-01,  1.50109642e-02, -2.03598057e-01,  6.92420589e-02,
        2.05825602e-02,  2.37814236e-01,  9.17896226e-02,  4.29416992e-02,
        8.79637234e-02,  5.33783013e-02,  6.95571856e-02,  5.33325241e-02,
        4.78957346e-02,  4.54368537e-02,  7.71638828e-02,  3.53109734e-01,
        6.34716706e-02, -3.05762104e-01,  5.05768513e-02, -8.99740881e-04]), 'lt_0 - delta_sigma_log__': array(1.52351208), 'lt_0 - delta_z_offset': array([[-6.21432958e-04, -5.55359670e-02, -4.02510153e-04, ...,
        -5.53025801e-02, -6.27893779e-02, -7.01495706e-02],
       [ 7.86705183e-03,  4.07150117e-02, -3.83031110e-02, ...,
         7.12751106e-01,  7.50934456e-01,  8.02100063e-01],
       [-3.30513264e-02, -5.68875248e-02, -1.25188495e-02, ...,
        -5.49978954e-01, -5.81292835e-01, -6.00300712e-01],
       ...,
       [-6.70608384e-02,  3.74962459e-02,  6.37960740e-02, ...,
         6.29770629e-01,  6.66628889e-01,  6.97808285e-01],
       [ 3.09498431e-02,  7.62087031e-04, -4.87511756e-02, ...,
        -1.18412257e-02, -1.45911660e-03, -2.50513816e-03],
       [-1.33135659e-02,  1.14515996e-01, -1.88431754e-01, ...,
         2.08458430e+00, -4.17343075e+00,  3.16345565e+00]]), 'lt_0 - intercept': array([ 2.58617511e-01, -1.10957061e+00,  9.05726606e-01, -6.33792931e-01,
        6.18075235e-01,  4.90578881e-01, -6.02957597e-01, -7.83107768e-01,
       -2.93739289e-01, -4.12464712e-01, -1.08359448e-01, -9.95425055e-01,
        1.21467059e-02,  3.45405956e-01,  1.54101845e-01,  2.06818025e-01,
       -4.58360335e-01,  3.31964456e-01, -2.24022715e-01, -1.63191137e+00,
       -3.52758578e-01,  4.86362675e-01, -8.51683392e-01, -1.10854886e-01,
        5.78525842e-01, -7.28479392e-03, -3.91578310e-01,  1.72995551e-01,
        5.18509228e-01,  1.12202485e+00,  8.27261268e-02, -1.60726151e-01,
       -5.06204008e-01, -7.65742819e-01,  6.02307597e-01, -2.24720774e-01,
       -8.52184267e-02, -1.31838348e+00,  3.33263048e-01, -8.26132322e-01,
        5.40715353e-02,  1.86871283e-01,  2.43353822e-01,  1.85141262e-01,
       -1.28830527e-01,  4.74280116e-01,  3.40100157e-01, -3.21314159e-01,
        1.03577582e-01, -7.48769458e-01, -9.45792271e-01, -2.81315019e-01,
       -8.21319910e-01, -6.93942159e-02,  1.22103631e-01,  3.52719257e-01,
       -8.11053910e-01, -7.36850216e-01, -5.65585014e-01, -1.08630273e+00,
        3.45760552e-01,  8.89673133e-01,  4.77594096e-01,  5.92573111e-01,
       -3.66915601e-01,  1.20137755e+00, -7.56927694e-01, -5.17593506e-01,
        1.02755758e+00, -6.24178338e-01, -1.39866417e-01,  3.85622620e-01,
        6.60474943e-01,  2.93879464e-01, -5.46647685e-01, -3.30238949e-01,
       -1.74145513e-01, -1.08876547e+00, -2.95637594e-01, -1.11615730e+00,
        4.96782721e-01, -2.40868166e-01, -8.76352780e-02,  2.93428022e-01,
        4.40349658e-01,  2.72099912e-01,  7.83030912e-01, -1.21023681e+00,
        2.46367470e-01, -4.44265418e-02,  3.12740152e-01, -5.16027680e-01,
        2.07609129e-01,  9.74890061e-01, -1.84220645e-01, -8.11145684e-01,
        2.11543159e-01, -5.22305449e-01,  7.53228026e-01,  7.55860065e-01,
       -4.75339886e-01,  1.98633625e-01, -1.02867760e-01, -1.12411334e+00,
        3.61302773e-01,  8.29271362e-01,  1.05557001e+00, -4.30300921e-01,
        5.61318432e-02, -1.35708830e+00, -3.30262729e-01, -7.92416089e-01,
        2.82286563e-02,  1.20595287e+00, -1.02236430e-02,  8.56186636e-01,
        6.60459507e-02,  3.26458866e-02,  5.10373443e-01,  1.26682849e+00,
        4.72498833e-01, -1.13503281e+00, -5.81865200e-01, -1.61925638e-01,
        2.34162956e-01,  7.24138246e-01,  3.31422796e-01, -1.64990617e+00,
        1.96514833e+00, -1.52963842e-01,  5.39806718e-01,  4.26523811e-01,
        1.91748112e-01,  3.55200995e-01,  1.45400727e-01,  6.05495403e-01,
       -7.17706273e-01,  2.12824557e-01, -4.44069000e-01,  2.43961482e-01,
       -8.84165280e-02,  3.08746997e-02,  3.73659917e-01,  3.16867955e-01,
        6.74818242e-01,  5.25819700e-01, -7.04897440e-01,  1.08642409e+00,
        3.44564433e-01, -1.13154761e-01, -1.14263558e+00,  6.62740893e-01,
        2.82408760e-01, -2.53746957e-01,  5.13485809e-01, -8.12175658e-02,
       -7.44584995e-01, -2.96355658e-01, -7.03891742e-01,  2.48065249e-01,
       -1.01254210e+00,  8.65720494e-01, -6.39720175e-01,  8.11910754e-01,
       -1.56503399e+00,  9.17359759e-01,  1.35834977e-01, -3.03615210e-01,
        4.12048057e-01,  4.31061773e-01,  1.03238874e+00, -3.93241040e-01,
       -4.09309646e-01, -3.25445167e-01, -3.13281168e-01, -2.74898636e-01,
        8.57366103e-01,  2.02518493e-01,  2.90269443e-01, -8.17909236e-01,
        6.46210249e-01, -8.71056947e-01, -3.57468004e-01, -8.80494629e-01,
        7.14515918e-01, -3.75327039e-01,  5.33890847e-01,  6.45888073e-01,
       -1.00375248e+00,  3.03092382e-01,  2.79130204e-01,  1.68000346e-02,
        3.29614652e-01, -4.03945842e-01, -4.34283701e-01, -8.19457588e-02,
        3.70591061e-01,  9.79088481e-01,  6.01374960e-01, -5.52432761e-02,
        1.62590043e-01,  1.81466279e-01,  5.52470328e-02,  4.35877559e-01,
        3.62137060e-01,  1.52796822e+00, -1.25558215e+00, -1.16116456e-01,
        1.18990262e-01,  3.26959985e-01,  9.77758514e-02, -7.52077575e-01,
        4.41911070e-02,  9.65069906e-01, -6.83535870e-03, -1.47730935e-01,
        4.64318013e-02,  2.07845785e-01,  1.20483046e-01, -2.37123465e-01,
       -5.18802616e-02,  5.06962239e-01,  9.83755180e-02, -8.07742419e-01,
       -7.10194158e-01,  7.35211880e-01, -1.24275072e+00, -9.94469770e-01,
        8.59568351e-02,  8.84096593e-01, -8.60089028e-01,  7.22047873e-01,
        3.30145810e-01,  1.23483360e+00,  1.35637853e-01,  1.51345220e-01,
       -3.10919104e-01, -9.16410435e-01,  9.98607475e-01,  9.91058383e-01,
        4.65642061e-01, -4.56160947e-01,  7.07236445e-02,  7.87974433e-01,
        1.28310286e-01,  5.92015378e-02, -1.01258301e+00,  1.95111848e-01,
        8.69677435e-01, -7.15272016e-01,  5.70783477e-01, -1.19892158e+00,
       -1.23995940e+00, -4.50946267e-01, -5.46898837e-01, -8.94433077e-01,
        6.27378451e-02,  1.81114239e-01,  8.68113595e-01,  6.38250352e-02,
       -1.50724490e-01,  2.06266606e+00,  2.27765206e-01, -2.01941176e-01,
        2.75395405e-01, -1.38691852e+00, -2.65646171e-01, -1.01542970e+00,
        7.40386966e-01,  4.69545325e-01,  6.62549134e-01, -2.74277211e-01,
        1.25753446e-01,  4.36425526e-01,  8.47533896e-01,  6.29581134e-02,
        9.63449891e-01, -3.00268783e-01,  4.94079829e-02, -9.55667057e-01,
        6.09047111e-01, -4.71349957e-01,  1.24049008e-03, -5.92480464e-01,
       -4.19036571e-01, -6.50835053e-01, -4.70892321e-01,  5.22800275e-01,
       -1.05123167e-01,  1.22404241e+00, -2.01889623e+00,  6.35328624e-01,
        1.00216404e+00, -7.29185983e-01, -1.17159291e-01, -1.15551720e+00,
        7.82732896e-01, -4.83331276e-01, -1.04175193e-01, -7.18737633e-01,
       -3.53557331e-01, -1.18573295e+00,  7.12214584e-01,  4.86705350e-01,
        6.90517527e-01,  6.70461304e-01,  9.38610391e-01, -7.16635001e-01,
       -4.45357675e-01,  3.19899309e-01,  4.28790493e-01,  3.95610879e-01,
        5.26060440e-01,  4.89179272e-01,  6.47395170e-01,  2.84647399e-01,
        2.66089155e-01, -1.12488650e-01,  6.82612864e-01, -1.31730253e+00,
       -1.09220882e-01,  4.38345190e-02, -3.27692744e-01,  8.97990151e-01,
       -6.28008794e-01,  3.08905084e-01,  2.06578049e-01, -9.95537455e-01,
        9.01639112e-01,  3.15967223e-02,  5.04366968e-01,  9.48342096e-01,
        1.77769080e-01,  2.24350646e-01, -1.16687209e+00,  4.02791359e-01,
       -4.38976539e-01, -2.69600000e-01, -1.21037919e+00, -9.30894832e-01,
       -9.58936025e-01,  2.69486046e-01, -8.58177586e-01,  9.17014325e-01,
        7.10724785e-01, -1.13705109e+00, -3.08029592e-01, -7.87366121e-01,
        3.69527711e-01,  9.19607916e-01, -4.81900658e-01, -6.77091642e-01,
        1.33050146e-02, -1.97515140e-01, -3.30687231e-01,  3.35844933e-01,
        2.47225634e-01,  2.86465423e-01, -7.09055418e-01,  2.13227755e-01,
        8.91121196e-01,  8.20661294e-01, -1.36466781e-01,  1.16771561e+00,
       -3.57355857e-01, -3.06168182e-01,  1.44337212e-01,  1.09754154e+00,
       -3.38852129e-01,  3.88239118e-02,  3.04102716e-01, -5.33705970e-01,
       -7.17864256e-01, -8.23811485e-02,  1.33390823e-01, -7.67653472e-01,
       -6.16746315e-01, -2.84524435e-01,  3.15667829e-01,  6.38709217e-01,
       -5.94838346e-01, -3.81495022e-01, -1.56657276e-01, -3.62679189e-01,
       -9.57390195e-01, -5.23968393e-01,  1.53689070e+00,  2.21155928e-01,
        4.32873261e-01, -7.95450435e-02, -7.16783974e-01,  4.99655962e-01,
        2.10726846e-01,  5.26616341e-01,  1.85367400e+00,  7.42312852e-01,
        5.84851270e-01, -4.04109309e-01, -9.16123201e-01, -2.11532709e-01,
       -4.92216697e-02,  1.39074309e-01,  2.15553566e+00,  1.70311793e+00,
       -1.44080102e+00,  3.12191013e-01, -1.98901025e-01,  4.55487151e-01,
       -3.89193203e-01, -7.36223167e-01,  6.71194466e-02, -1.56952671e-01,
        9.72226150e-02, -5.10837338e-01, -3.16500888e-01,  1.08925025e+00,
       -6.47159087e-01, -2.47159332e-01,  8.23937024e-01, -8.21671134e-02,
       -6.70215476e-01,  1.43536270e+00,  8.65276013e-01,  1.45682518e+00,
        6.17100999e-01, -7.64219375e-01,  6.40850749e-01, -1.41086278e-02,
       -1.81412787e+00,  3.57884639e-01,  1.04012234e+00,  3.30975539e-01,
        1.04938017e+00, -1.17561448e-01, -7.34345937e-01,  2.48909290e-01,
       -7.82780729e-02,  7.17031076e-01,  3.39112201e-01,  1.11657573e-01,
        3.04745414e-01,  1.80704882e-01,  2.44040293e-02,  1.18049643e-01,
       -4.12112141e-02,  6.57051620e-02,  2.34854100e-01,  9.65904039e-01,
        2.51191629e-01, -9.93283543e-01,  6.34078517e-02,  3.56405961e-02]), 'fs_0 - beta_shared': array([-6.44804588e-06, -4.35815809e-04,  2.11735590e-04,  1.01020473e-04,
       -2.28464912e-04,  5.72609925e-04]), 'fs_0 - beta_sigma(p=7,n=3)_log__': array([-9.39196679, -9.39171907, -9.3924286 , -9.39231132, -9.39239995,
       -9.39240743]), 'fs_0 - beta_z_offset(p=7,n=3)': array([[-0.00040437, -0.00128433,  0.00018376,  0.00034485,  0.0001029 ,
        -0.00019252],
       [ 0.00159326,  0.00302018,  0.00050791, -0.00180026, -0.00035325,
         0.00096892],
       [-0.00108251, -0.00146855, -0.00024985,  0.00136706,  0.00041934,
        -0.00033205],
       ...,
       [ 0.00341427,  0.00319227,  0.00044277, -0.00162169, -0.00132883,
         0.00042491],
       [-0.00042409,  0.00071065, -0.00095417,  0.00073332, -0.00046534,
        -0.00086194],
       [ 0.00594143,  0.01345533, -0.00490216, -0.00688158,  0.00138095,
        -0.00988547]]), 'fs_1 - beta_shared': array([ 0.00922571, -0.00620376, -0.00251262,  0.00507144, -0.00423245,
        0.00489721, -0.00238973,  0.00047212, -0.00267712, -0.00199132,
        0.00178274, -0.00179459,  0.00128753, -0.00058505,  0.00438048,
        0.00122644, -0.00011   ,  0.0048811 ,  0.00306512, -0.00193317]), 'fs_1 - beta_sigma(p=365.25,n=10)_log__': array([-9.39193744, -9.3664714 , -9.32043617, -9.3876433 , -9.37731832,
       -9.31047388, -9.34311375, -9.36808355, -9.3678309 , -9.37573992,
       -9.38151191, -9.37461307, -9.38114399, -9.37263341, -9.37058913,
       -9.384011  , -9.38453703, -9.37876641, -9.38491186, -9.38458599]), 'fs_1 - beta_z_offset(p=365.25,n=10)': array([[ 5.28445356e-04, -4.54741107e-03,  7.23435342e-03, ...,
         6.84844831e-03, -4.90075862e-03, -4.68919925e-03],
       [-8.82673121e-05,  1.98970339e-02, -3.34813598e-02, ...,
        -1.75554680e-03, -5.59393926e-03,  3.92978674e-03],
       [ 1.49342768e-03, -1.56277615e-02,  2.58040198e-02, ...,
         8.85714197e-03, -4.20022850e-03,  1.60603654e-03],
       ...,
       [-9.27854006e-04,  1.65900199e-02, -2.69423742e-02, ...,
        -9.79367752e-04, -6.69373780e-03, -4.03212222e-04],
       [-2.86490640e-04, -7.83269411e-04,  1.08141512e-03, ...,
         2.10820825e-03, -2.26355054e-03,  1.05375949e-03],
       [ 1.99071350e-02,  2.78752496e-02, -5.11842368e-02, ...,
        -7.71343598e-02, -1.60137744e-02,  2.79744156e-02]]), 'sigma_log__': array(-3.62332457), 'lt_0 - slope_sigma': array(37.99041939), 'lt_0 - delta_sigma': array(4.58831147), 'fs_0 - beta_sigma(p=7,n=3)': array([8.33912819e-05, 8.34119416e-05, 8.33527794e-05, 8.33625557e-05,
       8.33551679e-05, 8.33545443e-05]), 'fs_1 - beta_sigma(p=365.25,n=10)': array([8.33937294e-05, 8.55447098e-05, 8.95748320e-05, 8.37526035e-05,
       8.46218275e-05, 9.04716626e-05, 8.75663516e-05, 8.54069094e-05,
       8.54284905e-05, 8.47554998e-05, 8.42677012e-05, 8.48510602e-05,
       8.42987109e-05, 8.50192032e-05, 8.51931840e-05, 8.40573710e-05,
       8.40131660e-05, 8.44993763e-05, 8.39816817e-05, 8.40090527e-05]), 'sigma': array(0.02669378), 'lt_0 - slope': array([ 2.84690004e+00, -1.34568799e+01,  1.23512836e+01, -6.18801487e+00,
        7.12841109e+00,  4.83748339e+00, -5.11790848e+00, -8.09119968e+00,
       -1.46557124e+00, -2.52445051e+00,  9.67574739e-01, -1.15096662e+01,
        3.33218383e+00,  3.80079933e+00,  2.39362092e+00,  2.54499394e+00,
       -2.91618243e+00,  3.25015893e+00, -4.49817201e-01, -2.22002070e+01,
       -1.26328770e+00,  5.48472516e+00, -8.90484768e+00,  6.43813158e-01,
        6.59604529e+00,  2.67654125e+00, -1.99213930e+00,  2.13564192e+00,
        5.59990865e+00,  1.54764840e+01,  1.86873271e+00, -2.47959523e-01,
       -3.97365468e+00, -7.72176687e+00,  7.23152104e+00, -1.44920391e+00,
        9.26172696e-01, -1.68121428e+01,  3.33406292e+00, -8.44993284e+00,
        1.05614336e+00,  2.25973798e+00,  2.72445118e+00,  2.31690947e+00,
        5.44989421e-02,  5.43467772e+00,  3.72951669e+00, -1.76818047e+00,
        1.77449416e+00, -7.42593824e+00, -1.05600381e+01, -1.01713347e+00,
       -7.98297008e+00,  9.05708816e-01,  1.31698100e+00,  3.83524343e+00,
       -8.76370452e+00, -7.31247771e+00, -5.11862543e+00, -1.31249429e+01,
        4.20256284e+00,  1.11151035e+01,  5.70732730e+00,  6.72458949e+00,
       -1.94043585e+00,  1.73812245e+01, -7.59572709e+00, -3.65029780e+00,
        1.36996646e+01, -5.17168675e+00,  1.09996013e+00,  4.01174484e+00,
        7.32194030e+00,  3.18491435e+00, -4.31233439e+00, -1.12600548e+00,
       -8.94611388e-01, -1.29605016e+01, -8.92599055e-01, -1.35113021e+01,
        5.69582148e+00, -1.05977960e+00,  2.08438226e-01,  3.18903437e+00,
        5.22774466e+00,  3.72013800e+00,  1.01088336e+01, -1.49296566e+01,
        3.41007368e+00,  1.63024356e+00,  3.65164512e+00, -4.00263413e+00,
        2.67159549e+00,  1.31371375e+01, -5.95627560e-01, -8.22643075e+00,
        2.36586221e+00, -3.41215485e+00,  9.85318381e+00,  9.32480680e+00,
       -3.81094271e+00,  2.65760742e+00,  9.93493689e-01, -1.40345715e+01,
        3.88548586e+00,  1.08773573e+01,  1.47215913e+01, -1.88359111e+00,
        1.23505329e+00, -1.74516124e+01, -1.40320282e+00, -8.21529579e+00,
        2.68660604e+00,  1.72173164e+01,  2.20374174e+00,  1.11151488e+01,
        2.37537166e+00,  1.89856182e+00,  5.36150678e+00,  1.81429394e+01,
        5.94030978e+00, -1.36627608e+01, -5.18115774e+00, -3.52359104e-01,
        2.28546504e+00,  9.37433036e+00,  3.49143827e+00, -2.23999096e+01,
        3.05285776e+01,  3.11403169e-02,  6.09904687e+00,  4.56938225e+00,
        2.32057536e+00,  4.01675593e+00,  2.20865843e+00,  8.04779442e+00,
       -6.35381050e+00,  2.90214975e+00, -2.66500624e+00,  2.94591105e+00,
        6.46593187e-01,  2.68170951e+00,  3.74594040e+00,  3.84677794e+00,
        7.94700850e+00,  6.57062249e+00, -6.78600711e+00,  1.49858287e+01,
        3.62408275e+00,  1.36748681e+00, -1.40254182e+01,  7.91090428e+00,
        3.34394215e+00, -1.19219928e+00,  5.44609881e+00,  1.33719371e+00,
       -7.92441493e+00, -8.48278979e-01, -6.78599415e+00,  2.30156811e+00,
       -1.20165921e+01,  1.15139510e+01, -5.80685266e+00,  1.01377564e+01,
       -2.09313739e+01,  1.20857566e+01,  1.96448479e+00, -1.19111401e+00,
        4.47832650e+00,  4.05798898e+00,  1.39337522e+01, -1.82508928e+00,
       -2.18868831e+00, -1.51074299e+00, -1.57325715e+00, -3.00978944e-01,
        1.13484255e+01,  2.71557353e+00,  2.93707545e+00, -8.73634430e+00,
        8.25281100e+00, -9.79543433e+00, -1.48318685e+00, -9.73564913e+00,
        8.92116829e+00, -2.59354205e+00,  5.92673460e+00,  7.94699814e+00,
       -1.13259404e+01,  3.61358643e+00,  3.41296683e+00,  2.42360553e+00,
        3.95123321e+00, -2.99053644e+00, -2.59476899e+00,  1.48000958e+00,
        3.59644316e+00,  1.35578542e+01,  6.89613203e+00,  1.52312467e+00,
        2.60702951e+00,  1.93425326e+00,  2.14673399e+00,  4.95314550e+00,
        3.98987585e+00,  2.25769036e+01, -1.59221248e+01,  4.90027979e-01,
        8.20538106e-01,  3.42702777e+00,  1.47808181e+00, -8.11616040e+00,
        1.72510094e+00,  1.26742611e+01,  2.58787743e+00,  7.18827398e-01,
        1.18387226e+00,  2.80347830e+00,  1.23043734e+00, -9.98600973e-01,
        1.25108727e+00,  5.09329317e+00,  1.57683216e+00, -8.58022201e+00,
       -6.54209025e+00,  9.85878697e+00, -1.58112303e+01, -1.11343782e+01,
        1.64800596e+00,  1.08959772e+01, -9.42881454e+00,  9.06161267e+00,
        3.59001752e+00,  1.78606909e+01,  1.51216347e+00,  1.89849825e+00,
       -1.40396999e+00, -1.04246222e+01,  1.29493259e+01,  1.37679212e+01,
        5.34947667e+00, -3.37550319e+00,  1.44665406e+00,  9.46722471e+00,
        2.23485724e+00,  2.01177983e+00, -1.14337294e+01,  2.59988705e+00,
        1.13822378e+01, -6.64750935e+00,  6.41333574e+00, -1.47737117e+01,
       -1.60201326e+01, -2.30503490e+00, -4.39009761e+00, -9.49846060e+00,
        1.51406720e+00,  2.29039383e+00,  1.11983462e+01,  1.98409840e+00,
        3.60490797e-01,  3.21841213e+01,  2.64211903e+00,  1.13077036e-01,
        3.21399984e+00, -1.82069840e+01, -1.07908279e+00, -1.19711793e+01,
        9.83374871e+00,  5.55916715e+00,  7.76164311e+00, -1.64738057e+00,
        1.30538595e+00,  4.96934716e+00,  1.12036532e+01,  1.30267272e+00,
        1.36248240e+01, -2.36938273e+00,  2.14542702e+00, -1.00631535e+01,
        7.88716538e+00, -3.69265147e+00,  3.54656658e+00, -4.44719924e+00,
       -2.38416605e+00, -6.15584540e+00, -3.18433151e+00,  6.37106281e+00,
        7.19184291e-01,  1.73602776e+01, -2.92056726e+01,  7.88303617e+00,
        1.36325509e+01, -7.18281497e+00,  1.93684407e-01, -1.39947597e+01,
        1.01391127e+01, -3.88790561e+00,  8.42514924e-01, -6.27825322e+00,
       -1.28954365e+00, -1.45553240e+01,  8.63411536e+00,  4.99272976e+00,
        8.75159625e+00,  7.67321939e+00,  1.28964465e+01, -7.25057538e+00,
       -2.60046987e+00,  3.58101526e+00,  4.44873528e+00,  3.76053121e+00,
        6.39972450e+00,  5.48012237e+00,  8.05233883e+00,  2.98067159e+00,
        2.44978713e+00,  9.36665121e-01,  8.68107213e+00, -1.67666454e+01,
        6.08137136e-01,  1.90896252e+00, -1.13337575e+00,  1.17262375e+01,
       -6.05230372e+00,  3.84062949e+00,  2.79118712e+00, -1.12120206e+01,
        1.19438287e+01,  1.06548045e+00,  5.61386257e+00,  1.26165834e+01,
        1.81257254e+00,  3.08316924e+00, -1.41740211e+01,  4.58175229e+00,
       -3.18082887e+00, -7.08292042e-01, -1.52237396e+01, -1.00458568e+01,
       -1.04015026e+01,  3.14673912e+00, -9.31004428e+00,  1.19508026e+01,
        8.74371299e+00, -1.40587040e+01, -1.85524497e+00, -8.21361428e+00,
        4.35212474e+00,  1.21944035e+01, -2.03588645e+00, -6.24366618e+00,
        3.00114549e+00, -1.19513311e+00, -1.74906068e+00,  3.92727155e+00,
        2.85285312e+00,  3.85041673e+00, -6.61978132e+00,  3.04197827e+00,
        1.19416970e+01,  1.07846128e+01,  5.49561507e-01,  1.64192165e+01,
       -2.37336065e+00, -1.13467233e+00,  2.16919824e+00,  1.49205703e+01,
       -1.72972757e+00,  1.02508321e+00,  3.54376115e+00, -3.74567449e+00,
       -6.19276864e+00,  8.92195553e-01,  2.07877950e+00, -8.22978927e+00,
       -5.18380879e+00, -1.57875356e+00,  2.92458642e+00,  7.80117482e+00,
       -4.68866050e+00, -2.56704772e+00,  3.24431986e-02, -2.67102844e+00,
       -1.06185841e+01, -4.17780369e+00,  2.31137678e+01,  3.02192146e+00,
        4.34035233e+00,  7.16307977e-01, -6.56724577e+00,  5.58084576e+00,
        2.81759955e+00,  6.98912188e+00,  2.81366830e+01,  9.18044130e+00,
        6.65145171e+00, -2.54644570e+00, -1.04905054e+01, -1.05513154e+00,
        1.28179185e+00,  1.74755730e+00,  3.37483664e+01,  2.56415776e+01,
       -1.90768994e+01,  3.43490396e+00, -3.98288238e-01,  4.50931378e+00,
       -2.91267707e+00, -7.23330039e+00,  1.56384687e+00, -1.10927765e-01,
        1.66633422e+00, -4.04944171e+00, -5.90477694e-01,  1.47316570e+01,
       -5.72587083e+00, -1.08358990e+00,  1.05454242e+01,  1.22503888e+00,
       -6.55879121e+00,  2.08836691e+01,  1.10644323e+01,  2.07829445e+01,
        7.74512481e+00, -7.42810206e+00,  7.24598111e+00,  2.28087181e+00,
       -2.51003352e+01,  4.18945796e+00,  1.41650876e+01,  3.16911220e+00,
        1.45504141e+01,  5.70272825e-01, -7.73477556e+00,  2.63053486e+00,
        7.81940094e-01,  9.03466258e+00,  3.48712626e+00,  1.63137316e+00,
        3.34177874e+00,  2.02786405e+00,  2.64250665e+00,  2.02612496e+00,
        1.81957905e+00,  1.72616513e+00,  2.93148827e+00,  1.34147869e+01,
        2.41131538e+00, -1.16160305e+01,  1.92143579e+00, -3.41815334e-02]), 'lt_0 - delta': array([[-2.85132797e-03, -2.54816314e-01, -1.84684195e-03, ...,
        -2.53745462e-01, -2.88097223e-01, -3.21868079e-01],
       [ 3.60964841e-02,  1.86813155e-01, -1.75746603e-01, ...,
         3.27032407e+00,  3.44552117e+00,  3.68028492e+00],
       [-1.51649780e-01, -2.61017682e-01, -5.74403807e-02, ...,
        -2.52347474e+00, -2.66715258e+00, -2.75436664e+00],
       ...,
       [-3.07696014e-01,  1.72044455e-01,  2.92716258e-01, ...,
         2.88958380e+00,  3.05870097e+00,  3.20176176e+00],
       [ 1.42007520e-01,  3.49669266e-03, -2.23685578e-01, ...,
        -5.43312315e-02, -6.69488144e-03, -1.14943542e-02],
       [-6.10867872e-02,  5.25435059e-01, -8.64583579e-01, ...,
         9.56472204e+00, -1.91490002e+01,  1.45149199e+01]]), 'fs_0 - beta(p=7,n=3)': array([[-6.48176698e-06, -4.35922937e-04,  2.11750908e-04,
         1.01049220e-04, -2.28456335e-04,  5.72593877e-04],
       [-6.31518230e-06, -4.35563890e-04,  2.11777926e-04,
         1.00870398e-04, -2.28494357e-04,  5.72690689e-04],
       [-6.53831767e-06, -4.35938304e-04,  2.11714765e-04,
         1.01134434e-04, -2.28429958e-04,  5.72582247e-04],
       ...,
       [-6.16332575e-06, -4.35549536e-04,  2.11772497e-04,
         1.00885284e-04, -2.28575677e-04,  5.72645344e-04],
       [-6.48341164e-06, -4.35756533e-04,  2.11656057e-04,
         1.01081604e-04, -2.28503700e-04,  5.72538078e-04],
       [-5.95258230e-06, -4.34693474e-04,  2.11326981e-04,
         1.00446806e-04, -2.28349803e-04,  5.71785926e-04]]), 'fs_1 - beta(p=365.25,n=10)': array([[ 0.00922575, -0.00620415, -0.00251197, ...,  0.00488168,
         0.0030647 , -0.00193356],
       [ 0.0092257 , -0.00620205, -0.00251562, ...,  0.00488095,
         0.00306465, -0.00193284],
       [ 0.00922583, -0.00620509, -0.00251031, ...,  0.00488185,
         0.00306476, -0.00193304],
       ...,
       [ 0.00922563, -0.00620234, -0.00251503, ...,  0.00488102,
         0.00306455, -0.0019332 ],
       [ 0.00922568, -0.00620382, -0.00251252, ...,  0.00488128,
         0.00306493, -0.00193308],
       [ 0.00922737, -0.00620137, -0.00251721, ...,  0.00487459,
         0.00306377, -0.00193082]])}"
