,0
0,"{'lt_0 - slope': array([ 2.22459759,  1.50671047,  2.50717601,  3.70438956,  3.3510595 ,
        4.29961022, -0.17505456,  1.29899569,  3.67962577,  1.81462978,
        1.82047066,  2.28716752,  2.15193807,  2.17787266,  3.36084486,
        2.37527726,  1.83973256,  0.86458827,  1.88289734,  0.41629583,
        2.02508738,  5.62472345,  1.83967136,  1.82005417,  2.63640287,
        2.34997713,  0.77367666,  1.2989349 ,  1.45771996,  4.25291556,
        0.4440569 ,  3.41840735,  2.85220883,  1.42749829,  3.18919996,
        1.44583891,  4.17124729, -0.82050581,  3.07552658,  2.20045216,
        0.7231702 ,  4.40792141,  2.12075699,  1.56069532,  3.23174103,
        1.82233496,  1.82018617,  1.50371621,  2.51233801,  2.0895452 ,
        2.02463086,  3.52854399,  2.2089438 ,  2.20774056,  1.50021764,
        1.33903993,  2.00947234,  0.20612827,  2.4632272 ,  2.25109207,
        2.07490961,  0.0548818 ,  2.75889237,  2.73895937,  1.13585892,
        4.70252806,  1.461407  ,  1.65132683,  3.13846323,  3.60591474,
        1.16712239,  3.10732143,  0.7353946 ,  2.056302  ,  0.38176845,
        1.13923847,  2.84266733, -0.24626271, -0.25818587,  1.17539817,
        1.32628267, -0.77638982,  3.44585502,  1.56339902,  3.67840632,
        2.62515478,  1.19593424,  1.35496333,  3.05847924,  3.80541861,
       -0.40290659,  3.39512842,  2.06030333,  2.55912026,  1.66388378,
        0.32623527,  3.83125668, -0.46942894,  3.80037583,  0.90363461,
        2.64837487, -0.18772145,  3.18337449,  3.11244584,  2.30582336,
        0.65747757, -0.54154881,  1.20227491,  1.06403321,  2.59867556,
       -0.6660951 ,  1.82914151,  0.52951052,  2.13265309,  1.91097113,
        4.16283516,  2.66033372,  1.06941199,  0.33966234,  1.84364641,
        3.17029783,  2.64903301,  2.29830749, -1.26972702,  2.40751898,
        2.49062864, -1.18170881,  2.01906453, -0.65002588,  1.60326403,
        2.43436548,  1.46468862,  1.74664286,  2.2089852 ,  2.71992252,
        2.39261861,  1.05043434, -0.96307825,  2.0548757 ,  2.37782829,
        1.16624377,  0.83290317,  1.41630063,  1.82226904,  3.05334447,
        2.34549255,  1.24013689,  1.05399987,  2.7223932 ,  2.06590572,
        2.2767692 ,  2.40455558, -1.14856193,  0.02885027,  1.77974553,
       -0.22885722,  1.77534825,  1.52079219,  3.12900351,  3.14521141,
        2.07081257,  0.69346367,  0.93264443,  2.29623721,  0.91990091,
        1.50289426,  3.02867428,  2.09964656, -0.23735947,  3.83170699,
        1.88397987,  3.67899029,  2.22700059,  3.20724637,  3.58657097,
        2.57998808,  0.82208279,  1.49168477,  2.50266093,  1.22307788,
        1.60736033, -0.5532248 , -0.19736819,  1.18096667,  0.19113186,
        2.25139733, -0.44729856, -1.05788277,  2.78834463,  2.93779898,
        4.23262423,  1.33666965,  2.15857079,  3.23775237,  3.36767566,
       -0.07528293,  2.51418   ,  2.10737877,  0.33752927,  2.78952818,
        2.40657306,  1.81628026,  3.67716797,  2.95892521,  1.90317375,
        1.19613556,  3.94016763,  2.4148681 ,  3.91009146,  0.25472315,
        0.84279967,  2.49640115,  1.77854691,  3.26892456, -1.06823913,
        4.48858093,  0.89668522,  2.57184737,  1.48735643,  2.48746314,
        2.49000015,  3.02863749,  1.17869792,  1.69094008,  3.47256181,
        0.44474539,  0.0973902 ,  2.37153595,  2.8228535 ,  0.87411465,
        0.88475267,  1.94004514,  1.88570521,  0.3969871 , -0.97856427,
        1.69973892,  2.07756384,  2.58825961,  1.7410633 ,  3.60357708,
        4.2525977 ,  3.27338777,  2.73422645,  3.294386  ,  2.79308951,
        1.24366272,  2.27130763,  1.15448639,  3.61311336,  3.52458459,
       -0.62274624,  2.72912289,  0.21331251,  3.66919315,  0.98743925,
        0.50343172,  3.17116756,  2.51210493,  0.075433  ,  2.2222222 ,
        2.97131982,  2.86018127,  0.49549005,  2.68721753, -0.33048601,
        2.83826955,  1.65022949,  3.01195927,  2.19294535,  3.13379872,
        2.29912379,  1.53243783,  2.76529083,  2.33966139,  2.29376088,
        1.89926124,  2.13550164,  3.85571847,  2.14140693,  4.48682381,
        4.30854958,  3.40377328,  0.65896996,  3.14501086,  1.76238486,
       -0.73164772,  3.45839597,  2.07208396,  1.69556057,  0.12303604,
        1.78373668,  2.25809561,  1.40957705,  1.10920781,  1.67607134,
       -0.26623497,  3.18879613,  1.51397199, -0.48004433,  1.88770988,
        1.61684511,  0.50317161,  3.40008864,  2.41671544,  2.46308023,
        3.00290801,  3.95436455,  2.88113214,  1.48261334,  2.11598871,
        3.39798233,  1.00797039,  2.04101591,  3.72132362,  2.48830735,
        1.07772889,  2.84971233,  2.04113522,  2.52150485,  2.97206412,
        1.10464845,  2.48770168,  2.98766087,  4.10063099,  4.19847522,
        1.24852532,  0.1820811 ,  2.72895324,  2.19595498,  3.65291868,
        0.38685982, -0.87830575, -0.60184611,  0.96206622, -1.02746477,
        0.01769989,  2.35793936,  3.05554304,  1.32135874,  2.36521093,
        1.76354561, -0.19495921,  2.00654902,  1.8199736 ,  0.74177615,
       -0.13901725,  1.81796559,  1.96232041,  3.02051008,  1.34466046,
        0.90555829,  1.41274235,  3.39699212,  2.74602146,  3.18641852,
        4.10285089,  1.66644794,  1.01243314,  1.30563156,  1.22157918,
        2.812992  ,  2.41937121,  4.5410004 ,  0.24504607,  3.74009678,
        2.64444299,  3.49061487,  3.62916862,  1.7059795 ,  1.74265282,
        1.36876825,  1.33343463,  2.59716364,  3.16111398,  1.86040693,
        0.18080315,  1.39349696,  3.26631949,  3.04785099,  0.74661014,
        3.6860739 ,  3.23906587,  1.59534557,  2.16685872,  2.22221177,
        3.33342576,  2.70347411,  2.43950097,  2.01314873,  3.65462612,
        2.17581943, -0.91339557,  2.05890961, -1.46003631,  1.56711709,
        5.92691333,  1.80478802,  2.98310265,  3.24807136,  2.10245529,
        2.53137738,  2.49887668,  2.56809548,  1.76617881,  2.11737394,
       -0.89109125,  4.82777291,  2.64556868, -0.06488591,  3.5342163 ,
        2.62164355,  1.83675639,  1.61730985,  1.44895588,  1.48803105,
        1.06033056,  1.63963557,  3.47655115,  2.32800962, -0.47641881,
        2.46505758,  3.4099697 ,  2.84326813,  2.3040272 , -0.33692643,
        3.38451903,  1.72815805,  1.0819188 ,  1.87236933,  3.62618463,
        0.54456942,  2.73558694,  2.95727732,  1.63211979,  1.99092635,
        2.11351923,  3.28498672,  3.537279  ,  2.40059515,  1.14947992,
        1.95487249,  0.51024407,  0.44299388,  1.28755007,  3.58516149,
        3.52376481,  2.91151819,  1.23142861,  1.37681844,  3.67356266]), 'lt_0 - intercept': array([-1.27205481e+00, -6.14205745e-01, -1.56832332e+00, -2.78292120e+00,
       -2.40966125e+00, -3.38201154e+00,  1.12911149e+00, -3.34688806e-01,
       -2.75326693e+00, -8.55824304e-01, -8.78838038e-01, -1.37126430e+00,
       -1.20322281e+00, -1.22656435e+00, -2.41022155e+00, -1.40885902e+00,
       -9.05773783e-01,  1.00994913e-01, -9.18511497e-01,  5.06684496e-01,
       -1.07686202e+00, -4.72894095e+00, -8.99171321e-01, -8.47172609e-01,
       -1.67563085e+00, -1.49729138e+00,  1.76571558e-01, -5.76609986e-01,
       -5.04527464e-01, -3.32338838e+00,  4.95637967e-01, -2.46295019e+00,
       -1.89671180e+00, -5.23635279e-01, -2.25831074e+00, -4.69727729e-01,
       -3.23743516e+00,  1.74466739e+00, -2.13257695e+00, -1.24478942e+00,
        2.14957219e-01, -3.47785881e+00, -1.17228567e+00, -6.05861116e-01,
       -2.31660901e+00, -8.67127578e-01, -8.85050813e-01, -5.39370875e-01,
       -1.54907131e+00, -1.12885115e+00, -1.10300674e+00, -2.58618156e+00,
       -1.39875758e+00, -1.23920503e+00, -5.63288556e-01, -4.81605699e-01,
       -1.06899857e+00,  7.35415865e-01, -1.53771875e+00, -1.35886669e+00,
       -1.11882003e+00,  8.58651232e-01, -1.80489248e+00, -1.78095721e+00,
       -2.01629219e-01, -3.76271010e+00, -5.19009440e-01, -6.81800692e-01,
       -2.18844879e+00, -2.67722977e+00, -2.02293671e-01, -2.14098880e+00,
        1.79946335e-01, -1.12183238e+00,  5.50030401e-01, -1.94452213e-01,
       -1.91536130e+00,  1.17823334e+00,  1.06373286e+00, -2.50490717e-01,
       -3.64546889e-01,  1.72335588e+00, -2.54181736e+00, -6.57501786e-01,
       -2.72631760e+00, -1.65479697e+00, -2.43895885e-01, -4.14770484e-01,
       -2.09958334e+00, -2.85756601e+00,  1.30182192e+00, -2.46107312e+00,
       -1.10829148e+00, -1.64050944e+00, -7.15904771e-01,  5.86768467e-01,
       -2.89706313e+00,  1.35940693e+00, -2.84520290e+00,  2.07064599e-02,
       -1.70650793e+00,  1.14469054e+00, -2.23109135e+00, -2.16151003e+00,
       -1.42461856e+00,  1.80286262e-01,  1.47671608e+00, -2.26525211e-01,
       -1.08483009e-01, -1.63979695e+00,  1.54955719e+00, -8.61026811e-01,
        3.93384658e-01, -1.17682635e+00, -9.57252319e-01, -3.21527363e+00,
       -1.72395723e+00, -2.48775481e-01,  6.25624307e-01, -9.27448232e-01,
       -2.21670815e+00, -1.69891247e+00, -1.39783839e+00,  2.20876276e+00,
       -1.45587679e+00, -1.53668333e+00,  2.12528649e+00, -1.16870235e+00,
        1.57423741e+00, -7.34704826e-01, -1.49844664e+00, -6.11410001e-01,
       -7.76158135e-01, -1.25349223e+00, -1.77069550e+00, -1.43948055e+00,
       -7.80770064e-02,  1.89295835e+00, -1.10582315e+00, -1.45815327e+00,
       -2.09614372e-01,  1.08399931e-01, -4.71096084e-01, -8.67969886e-01,
       -2.12755851e+00, -1.37574463e+00, -5.03064412e-01, -8.09091767e-02,
       -1.82133104e+00, -1.11945030e+00, -1.31079261e+00, -1.46067339e+00,
        2.07942513e+00,  8.91785008e-01, -8.54814410e-01,  1.17605725e+00,
       -8.82258310e-01, -5.67734791e-01, -2.19057018e+00, -2.20041593e+00,
       -1.12862116e+00,  2.23507707e-01,  1.53430917e-02, -1.35252385e+00,
       -1.73419933e-03, -5.85960212e-01, -2.08370276e+00, -1.15650042e+00,
        1.18110973e+00, -2.88043240e+00, -9.14638394e-01, -2.74840051e+00,
       -1.27999125e+00, -2.26885141e+00, -2.65302886e+00, -1.63113960e+00,
        1.23692671e-01, -6.53663127e-01, -1.56131786e+00, -2.58406248e-01,
       -6.62508553e-01,  1.50367553e+00,  1.09698045e+00, -2.32416325e-01,
        7.57197163e-01, -1.28884463e+00,  1.35911949e+00,  1.99475026e+00,
       -1.83819087e+00, -1.99759638e+00, -3.30307114e+00, -3.70025207e-01,
       -1.26109532e+00, -2.30341582e+00, -2.44657809e+00,  1.02252800e+00,
       -1.60536919e+00, -1.18682713e+00,  5.87389790e-01, -1.83702005e+00,
       -1.46309488e+00, -9.56605711e-01, -2.74895387e+00, -2.01103004e+00,
       -1.03074674e+00, -2.88769129e-01, -2.99658145e+00, -1.46888982e+00,
       -2.98345205e+00,  6.87727974e-01,  1.08476155e-01, -1.59304568e+00,
       -8.45069038e-01, -2.32391115e+00,  2.01099851e+00, -3.55946336e+00,
        5.28462922e-03, -1.62432911e+00, -5.35595137e-01, -1.53371484e+00,
       -1.52497995e+00, -2.07366879e+00, -2.30377257e-01, -7.29579724e-01,
       -2.54045035e+00,  4.74611253e-01,  8.40280131e-01, -1.40558899e+00,
       -1.88455256e+00,  6.93271833e-02,  6.14783306e-02, -1.07318065e+00,
       -9.88953506e-01,  5.70547223e-01,  1.89868359e+00, -7.23994143e-01,
       -1.17339022e+00, -1.63733960e+00, -7.88521742e-01, -2.65072481e+00,
       -3.32111688e+00, -2.33118308e+00, -1.80017730e+00, -2.35088728e+00,
       -1.85696861e+00, -3.15960983e-01, -1.31186990e+00, -1.97112462e-01,
       -2.68982035e+00, -2.59900059e+00,  1.51538633e+00, -1.82535601e+00,
        7.24646832e-01, -2.75140579e+00, -2.18040664e-02,  4.28913525e-01,
       -2.22535982e+00, -1.60434221e+00,  8.61643480e-01, -1.34613177e+00,
       -2.01919555e+00, -1.90753978e+00,  4.59944440e-01, -1.72552381e+00,
        1.24320608e+00, -1.88942566e+00, -7.04244527e-01, -2.07240202e+00,
       -1.24045973e+00, -2.22771959e+00, -1.35522193e+00, -5.59324190e-01,
       -1.79990660e+00, -1.37865872e+00, -1.33971135e+00, -9.69468043e-01,
       -1.25134825e+00, -2.92777258e+00, -1.25450500e+00, -3.55989074e+00,
       -3.37522430e+00, -2.49633382e+00,  3.09091087e-01, -2.20883775e+00,
       -9.38635691e-01,  1.62307513e+00, -2.51628129e+00, -1.11423294e+00,
       -8.26414188e-01,  7.93764598e-01, -8.41471444e-01, -1.32499996e+00,
       -4.37950407e-01, -2.02092975e-01, -7.37076448e-01,  1.07196815e+00,
       -2.24160759e+00, -7.69465289e-01,  1.40020091e+00, -9.86306547e-01,
       -7.90549433e-01,  4.30794293e-01, -2.48754053e+00, -1.52625149e+00,
       -1.57802006e+00, -2.07206373e+00, -3.03333832e+00, -1.96033233e+00,
       -5.17175780e-01, -1.14784983e+00, -2.44723592e+00, -4.29509317e-02,
       -1.15958226e+00, -2.77309517e+00, -1.56535084e+00, -1.21045425e-01,
       -1.88759666e+00, -1.08964728e+00, -1.59759929e+00, -2.00578686e+00,
       -1.46747464e-01, -1.56395485e+00, -2.07656043e+00, -3.17445394e+00,
       -3.26113789e+00, -2.88846458e-01,  7.54175454e-01, -1.79993058e+00,
       -1.25253086e+00, -2.71111021e+00,  5.70408202e-01,  1.81108354e+00,
        1.49184364e+00, -2.32139071e-02,  1.95997456e+00,  9.29881739e-01,
       -1.45463987e+00, -2.12394192e+00, -3.88911090e-01, -1.45954219e+00,
       -8.86223758e-01,  1.11911204e+00, -1.05901476e+00, -9.32008560e-01,
        1.85380314e-01,  1.06301510e+00, -8.77438347e-01, -1.07259062e+00,
       -2.10583450e+00, -3.73697601e-01,  5.14101696e-02, -4.49496171e-01,
       -2.49788577e+00, -1.78672868e+00, -2.23432463e+00, -3.16790130e+00,
       -7.07358942e-01, -9.42871200e-02, -3.53191804e-01, -2.80126999e-01,
       -1.86654704e+00, -1.46848655e+00, -3.62523663e+00,  7.10432065e-01,
       -2.81280599e+00, -1.68772084e+00, -2.55074493e+00, -2.69163468e+00,
       -7.49911660e-01, -7.99500603e-01, -4.96245424e-01, -4.98380824e-01,
       -1.63032784e+00, -2.21394783e+00, -9.65131852e-01,  6.92632759e-01,
       -4.55218458e-01, -2.30488972e+00, -2.09674672e+00,  2.16616848e-01,
       -2.74271307e+00, -2.29192908e+00, -6.51193486e-01, -1.21907549e+00,
       -1.26799184e+00, -2.37380051e+00, -1.76986304e+00, -1.50123174e+00,
       -1.05594866e+00, -2.72204983e+00, -1.24384400e+00,  1.84417867e+00,
       -1.08698645e+00,  2.39586622e+00, -6.32400933e-01, -5.00043462e+00,
       -8.40204614e-01, -2.04656783e+00, -2.32891335e+00, -1.16097085e+00,
       -1.58327454e+00, -1.59077464e+00, -1.65025846e+00, -8.37666868e-01,
       -1.15958517e+00,  1.83194457e+00, -3.91043034e+00, -1.67292246e+00,
        9.72443380e-01, -2.59360377e+00, -1.65703985e+00, -9.47000269e-01,
       -6.57040222e-01, -4.84659371e-01, -5.25010162e-01, -1.23467992e-01,
       -6.94654037e-01, -2.53992968e+00, -1.37624557e+00,  1.42485528e+00,
       -1.56080783e+00, -2.47049239e+00, -1.91707621e+00, -1.35292526e+00,
        1.25894287e+00, -2.47091995e+00, -7.69246300e-01, -2.05342196e-01,
       -9.15180274e-01, -2.67860548e+00,  4.00404592e-01, -1.80619517e+00,
       -2.00616185e+00, -8.12744554e-01, -1.02210013e+00, -1.14828399e+00,
       -2.33574479e+00, -2.60720017e+00, -1.45551223e+00, -2.13128348e-01,
       -1.00839812e+00,  4.34710536e-01,  5.14306698e-01, -3.39709132e-01,
       -2.66765364e+00, -2.56835850e+00, -1.97403169e+00, -4.32497131e-01,
       -4.54881588e-01, -2.73362322e+00]), 'fs_0 - beta(p=7,n=3)': array([[ 2.58658972e-04,  1.39403683e-03, -5.50232699e-04,
         3.48840254e-04, -2.56377833e-04, -2.35325054e-04],
       [-4.14076415e-03,  1.75696808e-03, -1.72200379e-03,
        -3.20239897e-03,  8.05711383e-04, -1.33663306e-03],
       [ 2.34183087e-03, -1.70401604e-03,  7.63386395e-04,
         7.54022941e-04, -5.51523049e-04, -5.01107520e-04],
       ...,
       [-7.74968199e-03, -7.79627814e-05, -3.28465334e-03,
        -5.18140381e-03,  2.92089789e-04, -3.53459741e-03],
       [ 9.70237412e-04,  2.92870504e-03, -4.30412943e-04,
         1.77909798e-03, -2.97506778e-04,  9.70682495e-04],
       [ 1.92328935e-03,  3.68491684e-03, -1.04785008e-03,
         1.73990335e-03, -8.19327361e-04, -2.34675077e-04]]), 'fs_1 - beta(p=365.25,n=10)': array([[ 5.40236080e-03, -5.13396600e-03,  2.60377779e-03, ...,
         2.23446914e-03,  4.37798700e-03, -5.08462736e-03],
       [ 7.86283071e-03, -5.99104581e-03, -6.28824165e-05, ...,
         2.45163124e-03,  3.44901919e-03, -2.59388413e-03],
       [ 4.21506184e-03, -6.19944753e-03,  5.10045076e-03, ...,
        -2.93071310e-03,  2.63403171e-03,  4.49819535e-03],
       ...,
       [ 9.18017491e-03, -6.07249630e-03, -2.01035320e-03, ...,
        -2.99162231e-05,  3.22474484e-03, -9.16562651e-04],
       [ 8.67833418e-03, -3.99510165e-03, -2.01980868e-03, ...,
         2.54251621e-03,  4.97031516e-03, -2.84389990e-03],
       [ 6.72276654e-04, -4.43168977e-03,  8.00688239e-03, ...,
         1.28536820e-03,  8.33565881e-03, -4.92004517e-03]]), 'sigma_log__': array([-4.44161663, -2.64543399, -4.5713294 , -4.6128057 , -4.60136783,
       -4.51303093, -4.45535374, -4.64697108, -4.27885111, -4.48884305,
       -4.46706365, -3.80943467, -4.82812462, -4.96032719, -4.34754198,
       -4.76932066, -4.08505149, -4.42380506, -4.67713382, -3.75387519,
       -4.14112133, -4.73251584, -3.95546415, -5.0674213 , -4.64836381,
       -3.24188526, -4.61281972, -2.04253066, -4.58170478, -4.57712993,
       -3.94005471, -4.93154321, -4.84148091, -3.3990191 , -4.65221153,
       -4.56525919, -4.40597152, -4.00191825, -4.86436539, -5.02797509,
       -3.83022092, -4.42025435, -4.79760517, -4.77637793, -4.15302783,
       -4.438734  , -4.39952227, -4.55513879, -5.03656405, -4.52552343,
       -3.8758515 , -4.51591411, -3.44800056, -4.81433586, -3.97159626,
       -2.46071181, -4.68803134, -4.17607009, -3.78255274, -3.75863673,
       -4.38212912, -2.9095687 , -4.74460211, -4.69951103, -3.58192623,
       -5.01672124, -4.00953384, -5.19883078, -4.94359309, -4.08553895,
       -4.90632415, -4.83374299, -3.68160929, -4.91719234, -4.00558511,
       -4.37710915, -4.74258653, -3.94175604, -2.79764655, -3.1801142 ,
       -4.97715311, -4.69759309, -4.01918263, -3.90926735, -4.81457192,
       -5.22595468, -5.39227622, -3.96232981, -5.00233767, -5.25889275,
       -3.96928183, -4.25835797, -4.82849364, -3.94322857, -4.67554421,
       -4.12933071, -4.42534846, -4.18735953, -4.85300939, -4.75882799,
       -4.54371085, -4.64043887, -4.80385255, -4.33582332, -3.16663415,
       -3.1094157 , -4.29038593, -4.76037153, -4.94830588, -4.75099773,
       -3.60025842, -4.56442695, -3.98898208, -4.50735746, -4.82810177,
       -5.03479386, -4.54375652, -1.65545695, -4.63435534, -4.21416828,
       -5.11499652, -4.0824972 , -3.08871194, -4.5829647 , -4.74814331,
       -4.87476212, -4.35873071, -3.12930381, -4.42641027, -2.44306598,
       -4.41775202, -2.35141836, -4.86009265, -4.67284079, -4.7625075 ,
       -4.87931814, -4.66850316, -4.03335017, -4.28405866, -3.77915545,
       -4.9729403 , -4.48560149, -4.6461117 , -4.4294767 , -4.08652074,
       -4.73551472, -2.04310845, -4.93133372, -3.49623431, -4.71187198,
       -4.83583208, -4.28816964, -4.4338022 , -3.90566257, -4.27087242,
       -4.52199255, -3.09184528, -4.28823487, -4.09450758, -4.55667217,
       -4.02679562, -3.96026221, -4.08856267, -4.63927145, -3.74806086,
       -4.01159676, -4.815853  , -4.55773429, -4.55044539, -4.43229883,
       -4.69287131, -4.36348829, -4.04696206, -4.93782917, -4.85403734,
       -4.47203543, -4.28039011, -2.37849318, -4.20715031, -4.45934403,
       -4.15374741, -4.41201923, -3.95074254, -4.18712329, -4.48532287,
       -5.19415954, -3.89164253, -4.03948778, -4.3461819 , -3.77440433,
       -4.45484161, -4.69198253, -3.05175446, -4.11754768, -4.48377202,
       -4.38291658, -3.25788437, -2.99725709, -3.61201973, -4.74533554,
       -4.79958893, -2.75705409, -4.62378524, -4.79643316, -2.86737205,
       -3.60827162, -4.59666771, -4.74730965, -4.50304238, -4.38342397,
       -4.49459173, -3.29053341, -4.12523795, -4.84008571, -4.67075059,
       -4.70626605, -3.07089872, -4.3444979 , -4.51567311, -4.51225165,
       -4.80005356, -5.05007296, -4.25736136, -4.41486689, -4.51712733,
       -4.04862158, -4.40861623, -4.6614278 , -4.51035813, -4.17010633,
       -4.96145971, -2.85374071, -2.95291186, -4.93079322, -4.52147952,
       -4.76011677, -3.86656562, -4.70392756, -4.41414915, -5.16809001,
       -4.79028713, -4.80130497, -4.16171446, -4.63403197, -5.03989503,
       -3.18043632, -4.61102128, -4.55034423, -4.071663  , -4.48729785,
       -3.38184429, -3.64336119, -4.15839557, -4.18482222, -4.8190623 ,
       -4.50190409, -4.22971956, -3.40119085, -4.37067949, -3.15476242,
       -4.75604114, -4.37174079, -4.38192627, -4.71215944, -3.86763735,
       -4.94480256, -4.1628087 , -4.48683797, -5.07979081, -3.93225555,
       -4.76184153, -4.79060575, -5.06865219, -4.75513591, -5.40172109,
       -3.5442993 , -3.06762439, -4.71603551, -3.19256705, -4.74488167,
       -4.61630854, -4.4498852 , -4.29895501, -4.41158322, -2.75861513,
       -3.32611579, -4.64286887, -4.8465401 , -2.54974141, -3.57776091,
       -4.65411626, -4.46131823, -5.08595109, -3.65768662, -4.19086476,
       -2.79056305, -4.40820901, -2.62510574, -4.27364149, -3.61891294,
       -2.46379705, -4.7980799 , -4.05299519, -3.3581313 , -3.4139695 ,
       -4.00779042, -4.36984659, -4.44870274, -4.55949985, -4.6952839 ,
       -4.73590832, -4.82623894, -2.87479328, -4.51022026, -3.96177695,
       -4.7125957 , -5.26816048, -4.95588622, -3.71524487, -5.25633094,
       -4.76765346, -3.96844409, -3.70555401, -4.32810833, -4.71925127,
       -4.79299088, -4.45575376, -3.97950979, -4.70474505, -4.36241735,
       -4.40572391, -4.63312135, -3.9764582 , -4.0839073 , -4.44053215,
       -4.68741357, -3.69186067, -4.17264073, -4.15922877, -3.27942233,
       -3.36307547, -3.71528356, -4.29148097, -3.22524183, -3.72803114,
       -3.80953206, -3.92487594, -3.18874375, -3.76594978, -4.29925614,
       -4.60518447, -4.71790397, -4.30375452, -5.11350334, -4.89749639,
       -4.35523681, -4.71454263, -3.20163521, -4.37684509, -4.4783338 ,
       -3.74019831, -4.49020861, -4.55767339, -4.73664566, -4.81195397,
       -4.79349514, -4.90412003, -4.430418  , -4.91504301, -4.42390444,
       -2.67625747, -2.10881397, -4.47306043, -4.40296138, -3.61711659,
       -3.1712563 , -4.87463815, -5.28764865, -5.02652969, -4.33421029,
       -4.91516947, -4.49668015, -4.21133515, -4.28424658, -4.46033348,
       -4.54128674, -4.45771487, -4.60176237, -4.82154441, -4.55488539,
       -4.25070181, -4.50276466, -4.74455089, -4.73562029, -3.78327101,
       -5.17532211, -4.21699364, -4.40485193, -4.01061976, -4.19983616,
       -4.31608797, -3.75234496, -3.62972747, -3.30075223, -4.5800728 ,
       -4.35115762, -4.62154096, -5.07925438, -3.86253361, -4.30791325,
       -5.09963591, -2.97879388, -4.62372302, -4.96484555, -4.223295  ,
       -4.0888701 , -4.54356692, -4.81203587, -4.78032035, -4.11861911,
       -3.67003001, -4.39986799, -4.09256531, -5.34830981, -4.20434991,
       -4.10714531, -4.49978218, -3.44345761, -4.85952493, -4.58107939,
       -4.72128611, -4.18493184, -5.08821628, -2.62207546, -5.66337888,
       -4.79847674, -4.56716106, -4.54786559, -4.44111255, -3.7747269 ,
       -4.78039039, -4.70630178, -4.47773105, -4.46631219, -4.49240247,
       -4.80498636, -4.5461472 , -2.49176817, -3.62164663, -5.05491961]), 'sigma': array([0.01177688, 0.07097455, 0.0103442 , 0.00992394, 0.0100381 ,
       0.01096518, 0.01161621, 0.00959061, 0.01385857, 0.01123363,
       0.01148098, 0.0221607 , 0.00800151, 0.00701063, 0.01293858,
       0.00848614, 0.01682227, 0.01198853, 0.00930565, 0.02342679,
       0.01590501, 0.00880429, 0.01914978, 0.00629864, 0.00957726,
       0.03909013, 0.0099238 , 0.12970007, 0.01023743, 0.01028437,
       0.01944715, 0.00721536, 0.00789535, 0.03340602, 0.00954048,
       0.01040718, 0.01220424, 0.01828054, 0.00771672, 0.00655206,
       0.02170482, 0.01203117, 0.00824948, 0.00842647, 0.01571676,
       0.01181088, 0.01228321, 0.01051304, 0.00649603, 0.01082904,
       0.02073667, 0.01093361, 0.03180917, 0.00811261, 0.01884333,
       0.08537416, 0.00920479, 0.01535875, 0.02276451, 0.0233155 ,
       0.01249872, 0.05449923, 0.00869852, 0.00909973, 0.02782205,
       0.00662622, 0.01814185, 0.00552302, 0.00712894, 0.01681407,
       0.00739964, 0.00795668, 0.02518242, 0.00731965, 0.01821363,
       0.01256162, 0.00871607, 0.01941409, 0.06095334, 0.04158091,
       0.00689366, 0.00911719, 0.01796765, 0.02005519, 0.00811069,
       0.00537523, 0.0045516 , 0.01901875, 0.00672221, 0.00520106,
       0.01888699, 0.01414551, 0.00799856, 0.01938553, 0.00932045,
       0.01609365, 0.01197004, 0.01518633, 0.00780485, 0.00857565,
       0.01063387, 0.00965346, 0.0081981 , 0.01309109, 0.04214521,
       0.04462702, 0.01369964, 0.00856243, 0.00709542, 0.00864307,
       0.02731666, 0.01041585, 0.01851855, 0.01102756, 0.0080017 ,
       0.00650754, 0.01063339, 0.19100476, 0.00971237, 0.01478461,
       0.006006  , 0.0168653 , 0.0455606 , 0.01022454, 0.00866777,
       0.00763691, 0.01279462, 0.04374824, 0.01195734, 0.08689403,
       0.01206132, 0.09523399, 0.00774977, 0.00934568, 0.00854416,
       0.0076022 , 0.00938631, 0.01771488, 0.01378659, 0.02284197,
       0.00692276, 0.01127011, 0.00959885, 0.01192073, 0.01679758,
       0.00877793, 0.12962515, 0.00721687, 0.03031131, 0.00898794,
       0.00794008, 0.01373003, 0.01186927, 0.02012761, 0.01396959,
       0.01086735, 0.04541807, 0.01372914, 0.01666395, 0.01049693,
       0.01783138, 0.01905812, 0.01676331, 0.00966474, 0.02356339,
       0.01810446, 0.00810031, 0.01048579, 0.0105625 , 0.01188713,
       0.00916035, 0.01273389, 0.01747538, 0.00717015, 0.00779684,
       0.01142404, 0.01383726, 0.09269014, 0.01488874, 0.01156995,
       0.01570545, 0.01213066, 0.01924041, 0.01518992, 0.01127325,
       0.00554888, 0.02041179, 0.01760649, 0.01295619, 0.02295076,
       0.01162216, 0.00916849, 0.04727591, 0.0162844 , 0.01129074,
       0.01248888, 0.0384697 , 0.04992382, 0.02699726, 0.00869214,
       0.00823313, 0.0634785 , 0.00981557, 0.00825915, 0.05684812,
       0.02709864, 0.01008539, 0.008675  , 0.01107525, 0.01248255,
       0.01116924, 0.03723398, 0.01615965, 0.00790638, 0.00936524,
       0.00903846, 0.04637945, 0.01297802, 0.01093624, 0.01097372,
       0.00822931, 0.00640887, 0.01415962, 0.01209616, 0.01092035,
       0.01744641, 0.01217201, 0.00945296, 0.01099452, 0.01545062,
       0.0070027 , 0.05762835, 0.05218752, 0.00722077, 0.01087293,
       0.00856461, 0.02093013, 0.00905962, 0.01210485, 0.00569544,
       0.00831007, 0.00821901, 0.01558082, 0.00971551, 0.00647443,
       0.04156751, 0.00994166, 0.01056357, 0.01704901, 0.011251  ,
       0.03398472, 0.02616425, 0.01563262, 0.01522491, 0.00807435,
       0.01108786, 0.01455647, 0.03333355, 0.01264265, 0.04264853,
       0.00859959, 0.01262924, 0.01250125, 0.00898535, 0.02090771,
       0.00712032, 0.01556378, 0.01125618, 0.00622121, 0.01959942,
       0.00854985, 0.00830742, 0.00629089, 0.00860737, 0.00450881,
       0.02888886, 0.04653156, 0.00895059, 0.04106632, 0.00869609,
       0.00988923, 0.01167991, 0.01358275, 0.01213595, 0.06337948,
       0.0359324 , 0.00963003, 0.00785551, 0.07810186, 0.02793818,
       0.00952232, 0.01154713, 0.006183  , 0.02579211, 0.01513319,
       0.06138664, 0.01217697, 0.0724321 , 0.01393096, 0.02681181,
       0.08511117, 0.00824556, 0.01737027, 0.03480023, 0.0329103 ,
       0.01817351, 0.01265318, 0.01169373, 0.01046729, 0.00913827,
       0.00877448, 0.00801662, 0.0564278 , 0.01099604, 0.01902927,
       0.00898143, 0.00515308, 0.00704184, 0.02434948, 0.0052144 ,
       0.0085003 , 0.01890282, 0.02458659, 0.01319248, 0.00892186,
       0.00828763, 0.01161156, 0.0186948 , 0.00905222, 0.01274754,
       0.01220727, 0.00972436, 0.01875194, 0.01684153, 0.01178966,
       0.00921048, 0.02492558, 0.01541151, 0.0156196 , 0.03765   ,
       0.0346286 , 0.02434854, 0.01368464, 0.03974617, 0.02404012,
       0.02215855, 0.01974459, 0.04122363, 0.02314562, 0.01357866,
       0.00999986, 0.00893388, 0.01351771, 0.00601497, 0.00746525,
       0.0128394 , 0.00896396, 0.0406956 , 0.01256494, 0.01135231,
       0.02374939, 0.0112183 , 0.01048643, 0.00876801, 0.00813195,
       0.00828345, 0.00741597, 0.01190951, 0.0073354 , 0.01198734,
       0.06882023, 0.12138184, 0.01141234, 0.01224104, 0.02686001,
       0.04195086, 0.00763786, 0.00505363, 0.00656154, 0.01311222,
       0.00733447, 0.01114594, 0.01482656, 0.013784  , 0.01155851,
       0.01065968, 0.01158882, 0.01003414, 0.00805434, 0.01051571,
       0.01425423, 0.01107833, 0.00869897, 0.008777  , 0.02274816,
       0.0056544 , 0.0147429 , 0.01221792, 0.01812216, 0.01499803,
       0.01335201, 0.02346266, 0.02652341, 0.03685543, 0.01025415,
       0.01289188, 0.00983763, 0.00622455, 0.02101469, 0.01346161,
       0.00609897, 0.05085413, 0.00981618, 0.00697903, 0.01465029,
       0.01675816, 0.0106354 , 0.00813129, 0.00839331, 0.01626696,
       0.02547571, 0.01227896, 0.01669635, 0.00475618, 0.01493049,
       0.01645468, 0.01111142, 0.03195401, 0.00775417, 0.01024383,
       0.00890372, 0.01522324, 0.00616901, 0.07265192, 0.00347077,
       0.00824229, 0.01038741, 0.01058978, 0.01178282, 0.02294336,
       0.00839272, 0.00903814, 0.01135916, 0.01148961, 0.01119372,
       0.00818881, 0.010608  , 0.0827635 , 0.02673861, 0.00637788])}"
