,0
0,"{'lt_0 - slope': array([ 2.09459364,  1.22900371,  3.3068202 ,  3.11224605,  3.10455621,
        2.59779089, -0.1849823 ,  1.24425197,  3.11007034,  2.16604994,
        2.27829459,  1.35879076,  2.44461241,  2.1093337 ,  3.48593268,
        2.31697579,  1.06433743,  0.53667892,  1.76811449,  0.68715411,
        2.25096764,  3.64612872,  0.74915546,  1.52553165,  2.44686285,
        2.03842993, -0.40387068,  1.12256591,  0.68320561,  3.75030445,
        0.06972024,  3.57400963,  2.61103275,  0.83159496,  2.7150667 ,
        1.47002589,  3.96859533, -1.20517568,  2.09727119,  2.10023676,
        0.30061504,  4.35020708,  2.36073455,  1.66950065,  2.75900594,
        1.39291061,  2.31500761,  1.12846173,  2.01794166,  1.43494773,
        1.09839255,  3.06115802,  2.55554681,  2.03617544,  0.8321117 ,
        1.07960108,  1.67528322, -0.10314142,  2.0048778 ,  1.36800704,
        1.60975807,  0.23264874,  2.87726022,  2.28840667,  0.51907555,
        3.8446396 ,  0.69593211,  1.43241128,  2.66774936,  3.59501093,
        1.1909534 ,  2.71354321,  0.47480303,  2.53437093, -0.62716898,
        1.18583444,  2.09187427, -0.52563972, -0.46864465,  0.45103107,
        1.13730401, -0.48852825,  2.44935115,  1.04001007,  3.60712834,
        2.17481568,  1.68262554,  0.8427977 ,  3.2791526 ,  3.13868215,
       -1.03122895,  2.81673058,  2.3528606 ,  2.09788364,  1.83246022,
       -0.26572743,  3.71511026, -0.80001067,  4.0803504 ,  0.87690602,
        2.43102301,  0.67995844,  3.33144781,  2.77677006,  3.10808559,
        0.04918499, -0.82839397,  0.16428182,  1.35487116,  2.53572256,
       -0.89774184,  1.35785779, -0.27655951,  1.82367592,  2.57048587,
        3.85900034,  3.01630373,  0.899385  ,  0.48995873,  2.5564034 ,
        2.02506786,  2.48531666,  2.42347738, -0.65053725,  2.64288267,
        2.57127708, -0.36160918,  2.00306789,  0.84125962,  1.40196155,
        1.71460939,  1.32235149,  1.60478059,  2.46666541,  2.78501845,
        2.60976154,  1.16687636, -1.19515572,  2.11848388,  1.76237889,
        1.98487252,  1.29265329,  1.63693854,  1.93452745,  2.31384691,
        2.21891395,  1.10681287,  1.22063826,  3.11240917,  1.92833658,
        2.09234008,  1.97464343, -0.3208399 ,  0.0349153 ,  1.43452133,
       -0.50517636,  1.65736141,  0.904937  ,  3.08204728,  2.87904675,
        1.48056635,  0.54580955,  0.90443639,  2.45551813, -0.16849348,
        0.74915848,  1.94499153,  2.31909582,  0.09773611,  3.84490695,
        1.68549477,  3.43079586,  1.56151571,  2.83003915,  3.07403082,
        2.42421283,  0.72634096,  1.35574159,  1.72244414,  0.76114785,
        1.6351657 , -0.29104854, -0.84056136,  0.31113851,  0.68618538,
        2.11512543, -0.41705568, -0.82661572,  2.81247399,  2.76353172,
        3.96152445,  1.24867617,  1.71179791,  2.01481   ,  1.6488104 ,
        0.52829714,  2.34459636,  1.86471384,  0.22650249,  2.94962563,
        1.89016459,  1.7758297 ,  2.89453496,  2.33611154,  1.99889185,
        1.75238956,  3.79967245,  2.86060002,  3.36257812,  0.23179393,
        0.82229733,  2.81918481,  1.95159977,  3.18205818, -0.27111649,
        3.76856116,  0.24616685,  2.36133694,  1.19980697,  2.40752209,
        2.15866965,  2.96675549,  1.05831412,  1.34328335,  3.39065862,
       -0.15199564,  0.35794392,  2.32530144,  3.37020659,  1.51162391,
        1.40388826,  1.98540635,  1.72538155,  0.64547656, -0.23678911,
        1.46914406,  1.05104326,  2.72250737,  2.05461885,  3.28173379,
        3.80090822,  2.22334338,  2.15147654,  2.7906782 ,  3.37461048,
        0.58389352,  2.56019019,  1.79553844,  2.46533873,  4.04592073,
       -0.79761049,  3.06013784, -0.6445576 ,  3.47165007,  0.6531404 ,
        1.57324113,  2.59570751,  2.36829297,  0.13629885,  2.28776604,
        2.87284158,  2.56541192,  0.74039312,  2.55275415, -0.71425244,
        2.15949201,  1.88005522,  2.52755256,  2.23399581,  3.587975  ,
        2.51908703,  1.58810214,  2.81256298,  2.29997206,  2.26863705,
        1.6289606 ,  2.05163157,  3.55729105,  2.12695094,  3.88771112,
        3.73451186,  1.92706037,  0.62347022,  2.48276503,  1.57317665,
       -0.97405403,  3.1106468 ,  2.23084503,  1.51292969,  0.26167258,
        2.07531108,  1.16818565,  1.25963621,  0.76377785,  1.52245206,
       -0.55670001,  2.23368778,  2.43272132, -0.6403374 ,  2.29048623,
        1.56303821,  0.85958763,  2.97928442,  2.59820631,  2.73953284,
        3.13044975,  3.30258801,  2.69876016,  0.95702966,  2.04123831,
        3.29937007,  0.76487749,  1.92740266,  3.97768829,  1.60675494,
        0.78839765,  2.52384292,  2.24604249,  2.02105438,  2.69326457,
        1.35440692,  1.79180397,  2.8251654 ,  3.54617037,  3.96439663,
        0.87665477, -0.19879105,  2.25103718,  2.41856037,  3.4911948 ,
        0.29948613, -0.3975835 , -0.4579775 ,  0.31440022, -0.51921894,
        0.05917438,  2.03675274,  2.56548884,  0.82218528,  2.59022774,
        1.69853306, -0.67039564,  2.20820664,  1.43917924, -0.09444847,
       -0.34829154,  1.35734931,  1.72499046,  2.75496585,  1.39558486,
        1.1727177 ,  0.02145274,  4.36188966,  2.79292363,  2.76852438,
        4.4387279 ,  1.45734267,  0.31528793,  1.13452714,  1.27438184,
        3.06851272,  2.32657238,  3.50636462, -0.08477747,  3.23887576,
        2.63507438,  3.6885006 ,  3.16978392,  1.70869832,  1.21763942,
        0.97653483,  1.15472559,  2.21879825,  2.65807855,  1.1036619 ,
       -0.15710607,  1.96371871,  2.87519018,  3.8363104 ,  0.75188316,
        3.48252389,  2.99846305,  0.99106097,  2.02282595,  1.93989408,
        3.24012651,  2.88642875,  2.7735702 ,  1.88530072,  3.60140871,
        2.39614846, -0.55318144,  2.1066945 , -0.6902195 ,  1.41629113,
        4.90533496,  1.62143332,  3.0422877 ,  3.08371243,  1.16317005,
        2.82386027,  1.78823621,  2.24437771,  1.32450687,  2.21928499,
       -0.19305866,  2.35426306,  2.60750298, -0.68452426,  3.24921077,
        2.89741212,  1.71992985,  1.22096007,  1.23513491,  1.24483341,
       -0.06408528,  2.01558567,  3.40821137,  2.42948747,  0.57571927,
        1.8868905 ,  3.46903619,  3.14874499,  2.94760271, -1.23759454,
        4.31309993,  1.82347994,  1.22914274,  2.2103467 ,  3.52451397,
        0.48737406,  2.57309262,  3.14907903,  1.58276221,  2.52677472,
        1.93562735,  3.05238055,  2.81531345,  2.33693329,  1.32064166,
        2.02943693,  0.85847339,  0.73099449,  1.73109477,  2.69484456,
        3.29216927,  2.72631451,  1.01205504,  0.67636102,  3.2954678 ]), 'lt_0 - intercept': array([-1.14662362, -0.34082283, -2.37569538, -2.2009863 , -2.17632409,
       -1.70141362,  1.14075559, -0.28467352, -2.20113071, -1.22032928,
       -1.34011647, -0.43904331, -1.5033042 , -1.1610491 , -2.54775814,
       -1.35662822, -0.13807124,  0.42687963, -0.80492311,  0.2320708 ,
       -1.31072935, -2.77306607,  0.18399596, -0.55537265, -1.49321888,
       -1.1405983 ,  1.34468761, -0.36694557,  0.27220977, -2.8327998 ,
        0.86586018, -2.62546354, -1.66220537,  0.08446341, -1.78829784,
       -0.49709768, -3.04360304,  2.12435113, -1.13604122, -1.13938285,
        0.63532709, -3.43523191, -1.41503586, -0.71301413, -1.84923163,
       -0.44268183, -1.38470829, -0.17002951, -1.06221021, -0.47969439,
       -0.17144714, -2.12553434, -1.64276182, -1.07204306,  0.09510478,
       -0.2398961 , -0.74150808,  1.04277078, -1.07948444, -0.45773261,
       -0.66368324,  0.6928661 , -1.93121161, -1.33968225,  0.40805113,
       -2.91482466,  0.23936777, -0.46926794, -1.72108899, -2.67438426,
       -0.22759089, -1.75958578,  0.43734408, -1.60084649,  1.5495793 ,
       -0.24433375, -1.16877088,  1.46274193,  1.28848927,  0.47102546,
       -0.1761005 ,  1.43722949, -1.55875329, -0.14054717, -2.66583159,
       -1.20862466, -0.72862268,  0.0894573 , -2.32720718, -2.19239415,
        1.92772848, -1.89771396, -1.4064306 , -1.19613353, -0.89325608,
        1.17704645, -2.77362205,  1.68824373, -3.13883406,  0.05259762,
       -1.47843909,  0.28063726, -2.38971536, -1.83770947, -2.19346614,
        0.7927643 ,  1.76276263,  0.76963858, -0.40090756, -1.58649252,
        1.78504217, -0.39806832,  1.20475277, -0.87425552, -1.62788721,
       -2.92238138, -2.08641932, -0.11983471,  0.47980752, -1.64448893,
       -1.09224149, -1.54436406, -1.52636413,  1.59170293, -1.69805096,
       -1.62174361,  1.31946476, -1.12480377,  0.06960119, -0.56442434,
       -0.75972489, -0.49222031, -0.63750903, -1.51715881, -1.84272471,
       -1.66179916, -0.19461353,  2.12945094, -1.17363488, -0.85313722,
       -1.0366182 , -0.35014071, -0.69231377, -0.98428008, -1.39795023,
       -1.25566075, -0.40875989, -0.25538472, -2.20700932, -0.98593344,
       -1.13233339, -1.03688785,  1.26149032,  0.88881061, -0.50039757,
        1.45035325, -0.77142436,  0.05498208, -2.15719015, -1.94332443,
       -0.54743342,  0.36323469,  0.04211117, -1.51707778,  1.08068726,
        0.15648364, -1.0076406 , -1.38054845,  0.84671589, -2.90459039,
       -0.71808183, -2.5167625 , -0.6242835 , -1.9015718 , -2.15217895,
       -1.48661439,  0.21651512, -0.54393479, -0.78112844,  0.20045978,
       -0.69544646,  1.24624866,  1.74088091,  0.64198686,  0.26975694,
       -1.15861493,  1.32962133,  1.76945664, -1.86983933, -1.83040443,
       -3.04648249, -0.28439588, -0.84332914, -1.09904771, -0.73819114,
        0.42475166, -1.44641175, -0.9505335 ,  0.69127148, -2.00524475,
       -0.95099631, -0.9368591 , -1.96815141, -1.38816847, -1.13209402,
       -0.84739868, -2.86606181, -1.92060213, -2.43861844,  0.71273307,
        0.12205031, -1.92785618, -1.02479548, -2.24731275,  1.21971543,
       -2.84829415,  0.6486104 , -1.42203434, -0.25128996, -1.46849648,
       -1.19914844, -2.01537908, -0.11385293, -0.38933262, -2.46504995,
        1.06750232,  0.56909725, -1.36440873, -2.43765395, -0.57241124,
       -0.45668416, -1.11690905, -0.84010448,  0.32593277,  1.16281112,
       -0.49978491, -0.12518315, -1.77736905, -1.10645567, -2.33555079,
       -2.87546638, -1.26275711, -1.21378054, -1.85558573, -2.43393985,
        0.33722673, -1.60878607, -0.83438982, -1.55823754, -3.12486124,
        1.70231118, -2.16807337,  1.57777331, -2.57302723,  0.3086148 ,
       -0.63497716, -1.65506277, -1.47265175,  0.81065799, -1.41972147,
       -1.9241914 , -1.62623068,  0.21591252, -1.59551413,  1.62954147,
       -1.2199427 , -0.94002006, -1.59754464, -1.28811064, -2.68497369,
       -1.57987936, -0.61975715, -1.85450413, -1.34378238, -1.31854908,
       -0.70912473, -1.17180025, -2.63812   , -1.21329891, -2.97030679,
       -2.81626586, -1.0123474 ,  0.34119462, -1.55963944, -0.73632246,
        1.87001688, -2.18271091, -1.27815269, -0.66664816,  0.64971159,
       -1.13792911, -0.21680569, -0.28817739,  0.13167018, -0.58481298,
        1.37769862, -1.29331822, -1.55111798,  1.5593892 , -1.39432528,
       -0.76425807,  0.07649641, -2.08002805, -1.71560011, -1.84966785,
       -2.20910033, -2.39665587, -1.75927323,  0.00876011, -1.08094894,
       -2.36446505,  0.1940613 , -1.06451673, -3.04308207, -0.67569862,
        0.16739824, -1.56631861, -1.30197837, -1.10961418, -1.73529336,
       -0.3920712 , -0.87640566, -1.93090859, -2.63263213, -3.03823177,
        0.08076793,  1.13315831, -1.3321984 , -1.48133917, -2.56648713,
        0.65890512,  1.33637192,  1.34802706,  0.61838349,  1.45859723,
        0.88560194, -1.11747801, -1.63350155,  0.11150875, -1.69213799,
       -0.83392648,  1.58585082, -1.2661787 , -0.55881152,  1.01426281,
        1.27185132, -0.42776787, -0.85314684, -1.85885512, -0.43009689,
       -0.2181304 ,  0.91582278, -3.45467367, -1.83713638, -1.8228812 ,
       -3.5126653 , -0.50546335,  0.59531623, -0.18137417, -0.32895261,
       -2.1349896 , -1.3761895 , -2.60849988,  1.04123602, -2.28765338,
       -1.68524998, -2.75908317, -2.24784052, -0.75980589, -0.27514277,
       -0.11201531, -0.35571825, -1.26068297, -1.71919934, -0.18094718,
        1.03572132, -1.02385213, -1.92062399, -2.88493578,  0.20833329,
       -2.55256254, -2.05946435, -0.04827818, -1.08784403, -0.99491066,
       -2.2897566 , -1.95391336, -1.83491115, -0.93081127, -2.6820574 ,
       -1.47211632,  1.48753467, -1.13971332,  1.62921891, -0.48684942,
       -3.99590157, -0.66145041, -2.10990617, -2.18434806, -0.21285048,
       -1.88552129, -0.85340469, -1.33491083, -0.4035953 , -1.26609558,
        1.14575665, -1.44536109, -1.64377857,  1.58902975, -2.31363207,
       -1.93861455, -0.838878  , -0.25879367, -0.2748144 , -0.28894891,
        0.9971539 , -1.07275463, -2.48045829, -1.48608786,  0.38547321,
       -1.00179436, -2.54171589, -2.23284459, -1.99833811,  2.15785658,
       -3.40252084, -0.86826035, -0.36598056, -1.25889732, -2.58461636,
        0.45198084, -1.65380906, -2.19988718, -0.73705195, -1.56516228,
       -0.9770975 , -2.11517384, -1.8804814 , -1.39502873, -0.39197376,
       -1.08889563,  0.09018551,  0.22664453, -0.790343  , -1.77012845,
       -2.34762721, -1.79883374, -0.22369304,  0.24002099, -2.36224595]), 'fs_0 - beta(p=7,n=3)': array([[ 2.17712205e-03,  1.72266912e-03, -1.70612551e-04,
         1.30965000e-03, -5.23043314e-04, -7.08501865e-05],
       [ 1.18972833e-03,  1.81263322e-03, -6.66173676e-04,
        -7.09056568e-04,  8.26723259e-05, -9.21497522e-04],
       [ 4.00620400e-03, -1.31162837e-03,  1.05236009e-03,
         8.24831023e-04, -6.02914350e-04, -8.71525031e-04],
       ...,
       [ 5.58883318e-03, -2.38397764e-03,  5.05042436e-04,
         3.62944070e-03, -2.48471621e-03, -1.41569140e-03],
       [ 2.93075948e-03,  3.25331835e-03, -3.78816717e-04,
         3.43217761e-03, -1.05747266e-03,  9.95501578e-04],
       [ 1.98865306e-03,  3.52584536e-03, -1.22189320e-03,
         1.75823293e-03, -1.01548541e-03, -5.56690576e-04]]), 'fs_1 - beta(p=365.25,n=10)': array([[ 4.66369784e-03, -5.30849182e-03,  3.85879465e-03, ...,
         2.06407425e-03,  5.74148167e-03, -2.89143811e-03],
       [ 8.04309410e-03, -5.65327076e-03,  4.45028998e-05, ...,
         3.13095289e-03,  2.64155409e-03, -2.34758998e-03],
       [-3.89552459e-04, -6.38986579e-03,  1.06436889e-02, ...,
        -2.71734491e-04,  6.98342459e-03,  5.89448060e-03],
       ...,
       [ 9.24991323e-03, -5.77701888e-03, -2.18957109e-03, ...,
         4.34292765e-04,  2.77228990e-03,  3.60278639e-05],
       [ 1.04291137e-02, -4.15506283e-03, -3.98953362e-03, ...,
         1.92270409e-03,  5.05576752e-03,  3.15675901e-04],
       [ 3.00569378e-04, -4.75943270e-03,  9.40556283e-03, ...,
         5.36256010e-04,  9.24020992e-03, -2.01538225e-03]]), 'sigma_log__': array([-4.44460843, -2.79126518, -4.1893191 , -4.50855529, -4.52667338,
       -3.26694545, -4.47514588, -4.58445272, -4.08336408, -4.03230432,
       -4.42686685, -3.8977286 , -4.98072623, -5.01877616, -4.31115509,
       -4.7549273 , -4.03743221, -4.39975845, -4.71332835, -3.69307691,
       -4.09329311, -4.56836388, -4.05307264, -5.07342244, -4.60677606,
       -3.13989115, -4.89278948, -2.04305947, -4.53222646, -4.75295298,
       -3.9199489 , -4.98016195, -4.91282055, -3.57915876, -4.500528  ,
       -4.57273084, -4.30982913, -4.06680862, -4.77940509, -4.92469728,
       -3.85681164, -4.41851864, -4.92188596, -4.74502505, -4.0073723 ,
       -4.45671491, -4.4420971 , -4.52726649, -5.06070828, -4.47025836,
       -4.01541915, -4.49590853, -4.26852923, -4.85073163, -4.02699125,
       -2.59618721, -4.71724765, -4.15625604, -3.78828707, -3.95255278,
       -4.37203932, -3.24610023, -4.7531971 , -4.79054718, -3.61676127,
       -4.91567526, -3.99043409, -5.28766865, -4.9778197 , -4.13006084,
       -4.90221843, -4.88138847, -3.68264932, -5.03630582, -3.96073848,
       -4.30410317, -4.7713486 , -3.93702561, -2.74787677, -3.30806227,
       -4.78298423, -4.68526506, -3.7625736 , -3.93902623, -4.95523224,
       -5.22600211, -5.43643142, -3.94529889, -4.98810745, -5.2568297 ,
       -4.03842494, -4.09782144, -4.9313371 , -3.24961079, -4.69617267,
       -4.1298211 , -4.81504007, -4.19343853, -4.55820193, -4.52650543,
       -3.93182353, -4.58553988, -4.60260643, -4.32264299, -3.82593049,
       -2.98327352, -4.32500155, -4.61576874, -4.90276874, -4.86256926,
       -3.38403508, -4.46711508, -4.33581612, -4.48184938, -4.19393193,
       -5.11464099, -4.54605045, -1.6519266 , -4.67965846, -4.30459633,
       -3.23985127, -4.01937729, -3.23648016, -4.54301083, -4.84604593,
       -4.96478019, -4.44215511, -3.41653149, -2.57824546, -2.37171603,
       -4.51557099, -2.41306186, -4.8447385 , -4.76452739, -4.72773499,
       -4.96919493, -4.67010149, -4.06306649, -4.3138503 , -3.71996326,
       -4.72758836, -4.43031539, -4.63211642, -4.35415309, -3.9950931 ,
       -4.81515034, -2.1919698 , -5.0649033 , -4.01075169, -4.76252594,
       -4.83582611, -4.23514037, -4.50366991, -3.92583409, -4.14022923,
       -4.48276356, -3.08125857, -4.22164062, -4.02348461, -4.58173248,
       -4.02537121, -3.93072098, -4.07074115, -4.70380433, -3.68111957,
       -4.19227949, -4.77754282, -4.51653413, -4.49545803, -4.55661272,
       -4.64966775, -4.20535124, -4.01306029, -4.89149413, -4.82730081,
       -4.50933641, -4.2509216 , -2.44069827, -4.13627195, -4.40201146,
       -4.15767749, -4.473352  , -3.9722957 , -4.15280521, -4.66985224,
       -5.14135269, -3.88484969, -4.06308329, -4.47362658, -3.82436621,
       -4.57671369, -4.68312152, -2.79081016, -3.24875973, -4.41964191,
       -4.40189823, -3.23273179, -2.87446369, -3.62776184, -4.61797602,
       -4.72813007, -2.97844665, -4.50462558, -4.83123625, -3.17249908,
       -3.59857435, -4.41999771, -4.72444697, -4.34126026, -4.39776124,
       -4.43440324, -3.51051941, -4.09715063, -4.84046603, -4.63897789,
       -4.63542183, -3.19054825, -4.33683924, -4.50809257, -4.44978774,
       -4.94045656, -5.1195907 , -4.23791249, -4.364076  , -4.55022443,
       -4.02486604, -3.8720328 , -4.63978455, -4.56393086, -4.04243993,
       -5.00669556, -3.04984556, -3.10453102, -4.96105077, -4.54256502,
       -4.73124682, -4.22356126, -4.69014963, -4.37413567, -5.22111328,
       -4.6436561 , -4.82538432, -4.13881934, -4.65252271, -5.40592747,
       -3.28419962, -4.76718279, -4.74504792, -3.33773156, -4.58140229,
       -3.43045624, -4.06898643, -4.15572079, -4.22894642, -4.80809068,
       -4.56733591, -4.21319148, -3.45760501, -4.49117747, -3.37543677,
       -4.67493611, -4.24540214, -4.38673535, -4.77249584, -3.88579273,
       -4.9801906 , -4.16213572, -4.49758155, -5.0798403 , -4.22407539,
       -4.75006704, -4.79312557, -4.94799157, -4.78263157, -5.4023932 ,
       -3.58855767, -3.31456048, -4.62073247, -3.6473683 , -4.68873833,
       -4.51320757, -4.3056262 , -4.26968684, -4.48231164, -2.75234386,
       -3.3135603 , -4.71759579, -4.89222855, -2.51293898, -3.45060848,
       -4.68353106, -4.45358492, -5.07775865, -3.68644432, -4.22058393,
       -3.0206856 , -4.36733622, -3.69068839, -4.25288218, -3.57464384,
       -2.59542691, -4.83188048, -4.07976587, -3.77469635, -3.92771174,
       -3.8741486 , -4.44203672, -4.41787083, -4.5332473 , -4.59858839,
       -4.75536291, -4.75286857, -2.9158974 , -4.53239356, -4.05452679,
       -4.68151105, -5.25398142, -4.9478123 , -3.79263834, -5.22124117,
       -4.81083945, -3.88598703, -3.58793975, -4.15774136, -4.75360854,
       -4.78132778, -4.44002852, -3.90741123, -4.78134398, -4.4186858 ,
       -4.42239402, -4.64436945, -3.95826669, -4.08872269, -4.37312784,
       -4.63965167, -3.64420945, -4.1561809 , -4.09212511, -3.63056786,
       -3.11117671, -3.7016044 , -4.33595908, -3.32859143, -3.84274969,
       -3.80938435, -3.87735175, -3.38320193, -3.3860846 , -4.22763573,
       -4.59869649, -4.56181105, -4.56943637, -5.21203956, -4.82741622,
       -4.54974205, -4.75111953, -3.33423048, -4.43120154, -4.54179824,
       -3.87818164, -4.40184991, -4.40521352, -4.75259196, -4.81558522,
       -4.91151466, -4.9377263 , -4.3438941 , -5.13679855, -4.31183381,
       -2.88828831, -2.08459486, -4.43867301, -4.37957285, -3.79013222,
       -3.15655223, -4.9492381 , -5.22759656, -5.24769501, -4.3427503 ,
       -4.93105962, -4.44681378, -4.19800182, -4.1661174 , -4.34740439,
       -4.67882536, -4.41881005, -4.81464495, -4.84599506, -4.69396891,
       -4.12867561, -4.46959887, -4.7880838 , -4.64826413, -3.74674034,
       -4.84190081, -4.17543451, -4.35869573, -3.71169089, -4.1718952 ,
       -4.4009835 , -3.81380639, -3.76928269, -3.34903772, -4.4912302 ,
       -4.53140035, -3.25732874, -5.16226814, -3.9549506 , -4.45482949,
       -5.00745637, -3.04239419, -4.52945614, -4.9137412 , -4.16643341,
       -4.14975429, -4.48536824, -4.73779909, -4.70517127, -4.69365684,
       -3.27725374, -4.44916685, -4.2226028 , -5.20674623, -4.21244165,
       -4.48381865, -4.4745478 , -2.89918547, -4.92276216, -4.56312042,
       -4.67388045, -4.1338671 , -5.25752057, -2.84489142, -4.67322484,
       -4.85977548, -4.72963336, -4.51835819, -4.4641128 , -3.71293895,
       -4.87423965, -4.75348229, -4.48325439, -4.38360735, -4.38245638,
       -4.59761575, -4.62263296, -2.8139169 , -3.87323845, -5.03207567]), 'sigma': array([0.0117417 , 0.06134355, 0.0151566 , 0.01101436, 0.0108166 ,
       0.0381227 , 0.01138856, 0.01020934, 0.01685068, 0.01773342,
       0.01195188, 0.02028794, 0.00686907, 0.00661261, 0.01341804,
       0.00860917, 0.01764272, 0.01228031, 0.00897486, 0.02489528,
       0.0166842 , 0.01037492, 0.01736892, 0.00626096, 0.00998395,
       0.04328751, 0.00750047, 0.1296315 , 0.0107567 , 0.00862618,
       0.01984211, 0.00687295, 0.00735172, 0.02789916, 0.01110313,
       0.01032971, 0.01343585, 0.01713198, 0.008401  , 0.00726493,
       0.02113528, 0.01205207, 0.00728538, 0.00869484, 0.01818111,
       0.01160041, 0.01177123, 0.01081019, 0.00634107, 0.01144436,
       0.01803539, 0.01115454, 0.01400236, 0.00782265, 0.01782789,
       0.07455731, 0.00893975, 0.0156661 , 0.02263434, 0.01920561,
       0.01262547, 0.03892571, 0.00862408, 0.00830791, 0.02686956,
       0.00733077, 0.01849169, 0.00505353, 0.00688907, 0.0160819 ,
       0.00743008, 0.00758647, 0.02515624, 0.00649771, 0.01904904,
       0.013513  , 0.00846895, 0.01950615, 0.06406374, 0.036587  ,
       0.00837098, 0.00923029, 0.02322389, 0.01946716, 0.00704644,
       0.00537497, 0.004355  , 0.01934543, 0.00681856, 0.0052118 ,
       0.01762521, 0.01660882, 0.00721685, 0.0387893 , 0.00913015,
       0.01608576, 0.0081069 , 0.01509429, 0.01048089, 0.01081842,
       0.01960788, 0.01019824, 0.01002567, 0.01326478, 0.02179814,
       0.05062683, 0.01323353, 0.00989457, 0.00742599, 0.0077306 ,
       0.03391035, 0.01148039, 0.01309119, 0.01131247, 0.01508685,
       0.00600813, 0.01060902, 0.19168026, 0.00928218, 0.01350634,
       0.03916972, 0.01796415, 0.03930199, 0.01064132, 0.00785939,
       0.00697948, 0.01177054, 0.0328261 , 0.07590707, 0.09332045,
       0.01093736, 0.08954071, 0.00786968, 0.00852692, 0.00884649,
       0.00694874, 0.00937132, 0.01719621, 0.01338193, 0.02423486,
       0.00884778, 0.01191073, 0.00973414, 0.01285332, 0.01840573,
       0.008106  , 0.11169651, 0.00631452, 0.01811977, 0.008544  ,
       0.00794013, 0.01447778, 0.0110683 , 0.01972568, 0.0159192 ,
       0.01130214, 0.04590145, 0.01467455, 0.01789051, 0.01023715,
       0.01785679, 0.01962951, 0.01706474, 0.00906074, 0.02519475,
       0.0151118 , 0.00841665, 0.01092683, 0.01115957, 0.01049756,
       0.00956478, 0.01491555, 0.01807799, 0.00751019, 0.00800811,
       0.01100576, 0.01425109, 0.08710001, 0.01598232, 0.01225267,
       0.01564385, 0.01140901, 0.01883016, 0.01572026, 0.00937365,
       0.00584977, 0.02055092, 0.01719592, 0.01140588, 0.02183227,
       0.01028865, 0.00925009, 0.06137147, 0.03882233, 0.01203854,
       0.01225406, 0.03944958, 0.0564464 , 0.0265756 , 0.00987276,
       0.00884299, 0.05087179, 0.01105773, 0.00797665, 0.04189876,
       0.0273627 , 0.01203426, 0.00887562, 0.01302011, 0.01230486,
       0.01186214, 0.02988139, 0.01661996, 0.00790337, 0.00966757,
       0.00970201, 0.0411493 , 0.0130778 , 0.01101946, 0.01168105,
       0.00715133, 0.00597847, 0.0144377 , 0.01272641, 0.01056483,
       0.01786582, 0.02081601, 0.00965978, 0.01042101, 0.01755459,
       0.00669298, 0.04736624, 0.04484555, 0.00700556, 0.01064606,
       0.00881547, 0.01464639, 0.00918531, 0.01259903, 0.00540131,
       0.00962245, 0.00802347, 0.01594166, 0.00953751, 0.00448989,
       0.03747056, 0.0085043 , 0.00869465, 0.03551744, 0.01024053,
       0.03237217, 0.01709471, 0.01567449, 0.01456773, 0.00816343,
       0.01038559, 0.01479906, 0.03150513, 0.01120744, 0.03420318,
       0.00932612, 0.01432997, 0.01244128, 0.00845924, 0.02053155,
       0.00687275, 0.01557426, 0.0111359 , 0.0062209 , 0.01463886,
       0.00865112, 0.00828652, 0.00709765, 0.00837393, 0.00450578,
       0.02763817, 0.03635002, 0.00984558, 0.02605962, 0.00919828,
       0.01096324, 0.01349243, 0.01398616, 0.01130724, 0.0637782 ,
       0.0363864 , 0.00893664, 0.00750468, 0.08102974, 0.03172633,
       0.00924631, 0.01163678, 0.00623387, 0.02506095, 0.01469006,
       0.04876777, 0.01268499, 0.02495482, 0.01422318, 0.02802541,
       0.07461402, 0.00797152, 0.01691142, 0.02294406, 0.01968867,
       0.02077202, 0.01177194, 0.01205988, 0.01074572, 0.01006604,
       0.00860542, 0.00862691, 0.05415541, 0.0107549 , 0.01734369,
       0.009265  , 0.00522667, 0.00709892, 0.02253607, 0.00540062,
       0.00814102, 0.02052756, 0.02765525, 0.01564285, 0.00862053,
       0.00838486, 0.0117956 , 0.02009245, 0.00838472, 0.01205006,
       0.01200546, 0.00961559, 0.01909619, 0.01676063, 0.01261173,
       0.00966106, 0.02614207, 0.01566728, 0.0167037 , 0.02650113,
       0.0445485 , 0.02468389, 0.01308931, 0.03584356, 0.02143458,
       0.02216182, 0.02070559, 0.03393861, 0.03384092, 0.01458684,
       0.01006495, 0.01044313, 0.0103638 , 0.00545055, 0.00800718,
       0.01056993, 0.00864201, 0.035642  , 0.01190018, 0.01065423,
       0.02068841, 0.01225465, 0.0122135 , 0.0086293 , 0.00810248,
       0.00736133, 0.00717088, 0.01298586, 0.00587647, 0.01340894,
       0.05567142, 0.12435749, 0.0118116 , 0.01253071, 0.02259261,
       0.04257227, 0.00708881, 0.00536641, 0.00525963, 0.01300072,
       0.00721885, 0.01171584, 0.01502557, 0.01551237, 0.01294036,
       0.00928992, 0.01204856, 0.0081101 , 0.00785979, 0.0091503 ,
       0.01610419, 0.01145191, 0.0083284 , 0.00957821, 0.02359453,
       0.00789204, 0.01536851, 0.01279507, 0.02443617, 0.015423  ,
       0.01226527, 0.02206403, 0.0230686 , 0.03511813, 0.01120685,
       0.01076559, 0.03849108, 0.00572869, 0.01915961, 0.0116223 ,
       0.00668789, 0.0477205 , 0.01078654, 0.00734496, 0.01550747,
       0.01576829, 0.01127274, 0.0087579 , 0.00904836, 0.00915315,
       0.03773174, 0.0116883 , 0.01466044, 0.00547947, 0.01481016,
       0.01129022, 0.01139537, 0.05506806, 0.007279  , 0.01042946,
       0.00933597, 0.0160208 , 0.0052082 , 0.05814058, 0.00934209,
       0.00775222, 0.00882971, 0.01090692, 0.01151491, 0.02440569,
       0.0076409 , 0.00862162, 0.01129659, 0.01248026, 0.01249463,
       0.01007583, 0.00982689, 0.05996964, 0.02079093, 0.00652525])}"
