,0
0,"{'lt_0 - slope': array([ 1.84548720e-01,  1.81418594e+00,  2.68343597e+00,  8.78700808e-01,
        1.59042657e-01,  8.99447990e-02,  1.35218843e+00,  1.79643573e+00,
        6.53261841e-01,  4.13139142e-02,  1.51271488e+00,  5.98266583e-01,
        2.89684882e+00,  2.06892576e+00, -2.38865285e-02,  8.15108190e-01,
        4.91508154e-01,  2.99672229e+00, -1.02596625e-01,  1.72742508e+00,
        2.47399829e-02,  3.21835730e-01,  3.02945373e+00,  2.10914647e-01,
        1.39620755e+00, -1.12452171e-02,  7.95704419e-03,  7.67764356e-01,
        1.00665577e+00,  9.93040494e-01,  9.78123075e-02,  7.08341862e-01,
        2.70625734e+00,  3.43908305e-01,  1.29917371e+00,  1.23136965e-01,
        1.24816131e+00,  2.65965734e-01,  1.38571613e+00,  2.61010304e-01,
        8.31869280e-01,  8.13142005e-01,  3.19528115e+00,  2.12350498e+00,
        1.36545644e+00,  8.14561405e-01,  3.31292755e+00,  1.16599131e+00,
        3.23952758e+00,  7.13246235e-01,  6.76180920e-01,  9.89202782e-01,
        2.87954268e+00,  7.13975562e-01, -2.63941475e-01,  2.47915828e-01,
        1.88464626e-01,  7.13636752e-01,  2.55859283e+00,  8.20338816e-01,
        1.25391131e-01,  2.76781866e-01,  2.30303298e+00,  9.04265983e-01,
       -2.60743586e-03,  6.47273743e-01,  5.38378552e-01,  5.37431403e-01,
        9.06411952e-01,  3.42212491e-01,  1.21962579e+00,  3.37515562e+00,
       -3.22734394e-02,  1.38459089e+00,  1.70296247e+00,  2.49479662e+00,
        3.52678046e+00,  4.08276678e-01,  4.60094704e-01,  4.31553255e-01,
        2.10716565e+00,  2.86038729e+00,  2.10987741e+00,  3.39233605e-01,
        1.86211876e+00,  9.17190059e-01,  2.71163665e+00,  6.15288474e-02,
        4.63162141e-01,  1.13233159e+00,  3.07653802e+00,  2.73269342e-01,
        2.40959562e+00,  2.80358753e-01,  8.64493451e-01,  3.70595188e-01,
        2.26838802e-02,  4.81761584e-01,  2.06864625e+00,  3.00490785e+00,
        8.34702722e-01,  1.50838300e+00,  8.13921322e-01,  1.81551201e-01,
        1.96626604e+00,  2.00155688e+00,  6.35736756e-01,  2.00674915e-01,
        2.16818298e+00,  2.58534205e+00,  5.01532568e-01, -4.21016978e-02,
        2.77416855e-01,  2.08810919e-01,  3.46789635e-01,  2.91792804e+00,
        1.30301785e+00,  4.08299041e-01,  7.26303463e-01,  1.38480049e-01,
        2.06460027e-01,  1.21500776e+00,  1.11431405e+00,  2.18748362e+00,
        1.27564935e+00,  4.17099400e-01, -2.20295434e-01,  5.31438121e-01,
        2.74124951e+00,  1.32430940e+00,  1.13253659e+00,  1.26999794e+00,
        3.38565438e+00,  1.55661540e+00,  2.94761771e+00,  3.67225231e-01,
        3.50516427e-01, -1.02363737e-01,  7.03046562e-01,  2.82062350e+00,
        1.44938118e+00,  2.47594537e+00,  1.46124240e+00,  6.65890197e-02,
        1.82119515e-01,  1.33054201e+00,  2.68238024e+00,  9.26014288e-01,
        9.22922937e-01,  2.60502165e+00,  2.65646536e+00,  3.25710731e+00,
        1.03332129e+00,  1.15959588e+00,  1.72493381e-01,  2.45122986e-01,
        7.47318888e-03,  7.55488995e-01,  1.30106163e+00,  2.99759580e+00,
        4.35473968e-01,  6.47911485e-02,  1.10967705e-02,  1.69261523e+00,
        8.54758043e-01,  1.96338789e+00,  1.06914285e+00,  1.10143497e+00,
        5.74200514e-01,  1.60645534e+00,  9.35538825e-01,  4.85997736e-01,
        1.02546754e+00,  2.35648034e+00,  2.37723716e+00,  5.12870652e-01,
        2.93225742e+00,  1.40460375e-01,  1.06971134e-01,  5.13470771e-01,
        7.63184981e-01,  1.40677275e+00,  5.67672955e-01,  4.23051968e-01,
        6.45019233e-01,  2.27313866e+00,  3.31113653e-01,  1.87389132e+00,
        1.21145637e+00,  3.88221227e-01,  2.14526916e+00,  7.61163313e-01,
        1.62555216e-01,  3.41446203e+00,  3.25477856e-01,  5.86933695e-02,
        2.15619543e+00,  1.25517593e+00,  3.26297791e-01,  2.10274179e+00,
        3.37554089e+00,  1.60406195e-01,  1.01545230e+00,  6.03222988e-01,
        2.18682531e+00,  1.71410337e+00,  2.93195738e-01,  1.02961343e-01,
        1.40788479e+00,  1.23865208e+00,  1.53682933e+00,  1.24598618e+00,
        1.51199689e+00,  1.50903450e+00,  6.65681330e-02,  1.46390028e-01,
        1.09408144e+00,  2.04420036e-01,  4.74065992e-01,  2.44423126e+00,
        5.55303202e-01,  1.08917458e+00,  5.77682291e-01,  3.02278591e+00,
        1.56927876e-01,  2.36550452e+00,  1.76317820e+00,  6.61121112e-01,
        1.37065741e+00,  1.70679089e-01,  3.88837850e-01,  1.34446180e+00,
        1.31441888e+00,  2.73634223e-01,  2.47329766e+00,  9.22673430e-02,
        1.35615379e+00,  8.35770323e-01,  7.91600491e-01, -6.24142333e-02,
        9.59654200e-01,  1.34052222e+00,  2.70033147e+00, -8.43648145e-02,
        1.14157084e+00,  2.25076423e+00,  5.04833979e-01,  4.54873617e-01,
        3.14588334e+00,  3.66706972e-01,  4.55986669e-01,  5.11178361e-01,
        1.14607839e+00,  2.71021500e+00,  7.76407070e-01,  2.88268779e+00,
        1.99439742e+00,  1.17738987e+00,  4.09035811e-02,  2.71153179e-01,
        1.91227386e+00,  6.83309212e-01,  1.00444465e-01,  1.84908135e+00,
        2.24962549e+00,  1.71351892e+00,  2.10973282e+00,  1.41158000e+00,
        2.53979407e+00,  2.56903261e-01,  3.21276137e-01,  1.36199988e+00,
        2.74707954e+00,  2.94665242e-01,  4.72404832e-01,  3.25860759e-01,
        1.43774182e-01,  8.20556424e-01,  1.36425885e+00,  3.68902004e+00,
        8.71243869e-01, -1.07550787e-01,  6.20089898e-01,  2.17128206e+00,
        2.39830133e+00,  1.10915279e+00, -1.59695732e-02,  1.69777438e+00,
        2.46816246e+00,  2.55614549e+00,  1.97701402e+00,  4.69943874e-01,
        9.20269642e-01,  1.87134373e-01,  2.84065070e-01,  1.33098716e+00,
        2.66666605e-01,  8.09762496e-01,  3.25458521e+00,  3.51534557e+00,
        1.67183534e+00,  8.72407524e-01,  5.65102349e-01,  1.91574880e+00,
        9.74442441e-01,  7.83614458e-01,  5.91113540e-01,  3.18796192e-01,
        2.61444820e+00,  7.49749476e-01,  2.40660480e+00,  1.37134408e+00,
        2.51404023e-02,  1.88096109e+00,  1.36589657e+00,  8.40192827e-01,
        8.05866441e-01,  1.95544239e-01,  2.40564668e+00,  3.73010988e-01,
        1.51748460e+00,  1.35478032e+00,  1.59504072e+00,  8.95379667e-01,
        3.82948359e-01,  7.64572682e-02,  2.82217063e+00,  2.31797672e+00,
        1.29485241e-01,  2.64077881e+00,  7.39344353e-01,  3.21342020e-01,
        3.11274142e+00,  1.33882214e+00,  1.02877710e+00,  4.67207722e-01,
        6.53108418e-02, -1.62550393e-02,  3.01934315e+00,  1.49866868e+00,
        1.29880083e+00,  4.97895967e-01,  6.13465773e-01,  8.18197115e-02,
        1.21342813e-01,  3.05047663e-01,  1.00751540e-02,  1.69700575e+00,
        3.38006846e-01,  1.16456861e+00,  2.17276585e+00,  1.94233909e-01,
        1.12185503e+00,  2.06202829e+00,  5.10143102e-01,  1.07345227e+00,
        4.73733865e-01,  3.00571873e+00,  2.14320064e-01,  7.72594550e-01,
        1.04066298e+00,  6.97953165e-01,  2.27089297e+00,  2.14768335e+00,
        4.58379217e-01,  8.92005442e-01,  1.35959921e+00,  5.17875947e-01,
        1.49372057e+00,  3.32300080e+00,  3.12147301e-01,  6.01437419e-01,
        8.24762085e-01,  1.60253239e+00,  3.43324769e+00,  4.82819871e-02,
        2.94618902e+00,  1.63487062e+00,  3.34892212e-01,  9.80985740e-01,
        7.77607920e-01,  1.30271784e-01,  9.81840607e-01,  8.61014521e-01,
        2.67112759e+00,  5.02096673e-01,  2.57965978e+00,  4.45769924e-01,
        1.49192655e-01,  1.33327389e+00,  6.74270146e-01,  1.23542209e+00,
        1.78016178e+00, -1.00660379e-01,  1.77199070e+00,  1.01482364e+00,
        4.11753500e-01,  2.97854697e+00,  2.86872702e+00,  2.06407249e+00,
        1.88826004e+00,  7.84594686e-01,  2.00921681e+00,  1.31607128e+00,
        3.36004029e-01,  5.73420536e-01,  1.98653523e+00,  3.94099743e-01,
        5.86681732e-01,  1.72324523e+00,  1.15267384e+00,  1.00196409e+00,
        2.42088794e+00,  4.43573174e-01,  1.62099711e+00,  2.90092360e+00,
        1.14562013e+00,  1.68743854e-01, -2.01095917e-01,  8.21371522e-01,
        1.23788630e+00,  5.47045923e-01,  1.16993419e+00,  1.45090553e+00,
        3.01504274e+00,  1.51692500e+00,  3.61515178e-01,  9.18196397e-01,
        2.81117470e+00,  2.33764015e-01, -8.46977656e-03,  1.26049737e+00,
        6.66336914e-01,  1.23153322e+00, -1.09790154e-01, -4.78025267e-02,
        2.59871896e+00,  4.84753619e-01,  1.61450998e+00,  1.04050529e+00,
        4.33343713e-01,  3.21471456e-01,  2.13002344e-01, -1.53657853e-01,
        2.98442941e-01,  4.93233735e-01]), 'lt_0 - intercept': array([ 0.77209507, -0.85004331, -1.73395932,  0.08091926,  0.80645564,
        0.87431154, -0.39129032, -0.83639656,  0.30206114,  0.92171152,
       -0.54635524,  0.35724537, -1.94682376, -1.11923618,  0.99239835,
        0.14239342,  0.47145759, -2.0292179 ,  1.06255611, -0.76014561,
        0.92762919,  0.62523124, -2.05113555,  0.73334432, -0.43819137,
        0.95639285,  0.95062006,  0.16522959, -0.06190537, -0.0383764 ,
        0.85910132,  0.24006896, -1.73552901,  0.62291972, -0.34875443,
        0.83447031, -0.27247154,  0.68183272, -0.42825941,  0.69691266,
        0.11923327,  0.1434947 , -2.23625924, -1.17046195, -0.38968015,
        0.14146278, -2.3540395 , -0.21715689, -2.28167066,  0.24664508,
        0.27820233, -0.03285268, -1.91269351,  0.23982349,  1.21477307,
        0.69190302,  0.76828657,  0.23290413, -1.60342549,  0.151355  ,
        0.82357249,  0.66959261, -1.35291157,  0.06779049,  0.95268031,
        0.3161116 ,  0.41171216,  0.42736592,  0.06034185,  0.6188827 ,
       -0.27566346, -2.41691512,  0.98863976, -0.4318199 , -0.73420589,
       -1.53281133, -2.55881873,  0.53954215,  0.5048602 ,  0.52120951,
       -1.15705338, -1.89019337, -1.14899462,  0.60518396, -0.90931813,
        0.04867385, -1.7545166 ,  0.8854802 ,  0.4918938 , -0.16693362,
       -2.09440648,  0.69688488, -1.46139369,  0.67741756,  0.07983223,
        0.57156922,  0.93931814,  0.46998505, -1.0828382 , -2.04654886,
        0.13105425, -0.53823616,  0.14336462,  0.77486833, -0.99973971,
       -1.06015277,  0.31972512,  0.75427985, -1.23198424, -1.61560145,
        0.44930642,  1.00205   ,  0.66750389,  0.75235597,  0.61737457,
       -1.95732455, -0.34930092,  0.54779026,  0.2271673 ,  0.81842857,
        0.74002278, -0.25494646, -0.16360028, -1.24177268, -0.32641729,
        0.54585547,  1.16430064,  0.41973888, -1.78844255, -0.35679222,
       -0.16937734, -0.3084073 , -2.42069738, -0.60955187, -1.99683059,
        0.58901937,  0.61258347,  1.0515509 ,  0.24871513, -1.85984581,
       -0.49307032, -1.52387574, -0.50138928,  0.88534354,  0.7716428 ,
       -0.39323653, -1.73488631,  0.02938005,  0.02614677, -1.64029147,
       -1.70301504, -2.29180417, -0.05994076, -0.20082967,  0.78353185,
        0.69620678,  0.95418134,  0.19114578, -0.35191015, -2.04059225,
        0.52225193,  0.8833868 ,  0.95346095, -0.72362536,  0.09722699,
       -1.00538813, -0.11337857, -0.13018183,  0.39183113, -0.63418891,
        0.00940548,  0.47097641, -0.05688807, -1.38261724, -1.40413294,
        0.44402939, -1.96679337,  0.79779054,  0.85222517,  0.44143778,
        0.20469668, -0.44240171,  0.39102076,  0.52759405,  0.32785518,
       -1.31216274,  0.62364692, -0.92146958, -0.24916022,  0.57247307,
       -1.19731608,  0.2025614 ,  0.80045924, -2.44778957,  0.63837114,
        0.89456989, -1.18137213, -0.28386947,  0.612761  , -1.16043629,
       -2.4087796 ,  0.79041876, -0.05720097,  0.35349224, -1.23535059,
       -0.73302956,  0.66474759,  0.8620716 , -0.45249428, -0.28332487,
       -0.57520324, -0.27752323, -0.55630931, -0.55902464,  0.88116276,
        0.81104482, -0.14314848,  0.74886025,  0.49391475, -1.4808681 ,
        0.40630162, -0.14434181,  0.38668579, -2.05774875,  0.80144333,
       -1.42240368, -0.80818113,  0.29014297, -0.42128599,  0.78667708,
        0.56024273, -0.38698802, -0.33601481,  0.67898217, -1.51519227,
        0.8626559 , -0.4000251 ,  0.12764341,  0.16610186,  1.01541774,
        0.00660278, -0.39374377, -1.72597833,  1.04027185, -0.18759508,
       -1.31328677,  0.45060675,  0.49328758, -2.18260162,  0.59931653,
        0.49842373,  0.4431825 , -0.1727697 , -1.75687538,  0.17686125,
       -1.91967956, -1.02120431, -0.21665126,  0.9085137 ,  0.68566074,
       -0.9795211 ,  0.27963487,  0.85509472, -0.87529174, -1.29751544,
       -0.7484591 , -1.15056952, -0.45693073, -1.57818232,  0.7034509 ,
        0.63012757, -0.41497403, -1.76975561,  0.67360021,  0.47333673,
        0.63660334,  0.81347586,  0.12508908, -0.40379347, -2.72467863,
        0.08965862,  1.06307333,  0.33640208, -1.20349713, -1.43596303,
       -0.16140722,  0.94441979, -0.75011161, -1.52250163, -1.59193432,
       -1.01332035,  0.48060422,  0.03663955,  0.77868523,  0.67128673,
       -0.37471382,  0.6911124 ,  0.15171382, -2.29380171, -2.5465265 ,
       -0.70864975,  0.08093443,  0.39050522, -0.94826734, -0.01866241,
        0.16969452,  0.36436186,  0.63664931, -1.66088968,  0.20201868,
       -1.44688195, -0.40036595,  0.94000305, -0.92966921, -0.39888789,
        0.11363231,  0.13873415,  0.75689746, -1.43251892,  0.59079114,
       -0.56519885, -0.39914572, -0.6451053 ,  0.06089215,  0.57155709,
        0.87167505, -1.86625923, -1.34557067,  0.82215523, -1.68994015,
        0.22968359,  0.63505057, -2.14518458, -0.36778965, -0.04790678,
        0.48927136,  0.88966398,  0.96220215, -2.06197447, -0.53691189,
       -0.33701339,  0.45862166,  0.33713901,  0.87448471,  0.82904327,
        0.64618067,  0.94181102, -0.74662694,  0.61255475, -0.22406553,
       -1.2227116 ,  0.75062827, -0.1671365 , -1.08003405,  0.44760767,
       -0.11101691,  0.49384957, -2.04244081,  0.7469788 ,  0.19268987,
       -0.08840692,  0.25668755, -1.32889579, -1.19833764,  0.50228507,
        0.06442086, -0.39443699,  0.43825363, -0.52757374, -2.36284274,
        0.65103674,  0.35675032,  0.12565976, -0.6483442 , -2.47814993,
        0.90927922, -2.00383507, -0.67777628,  0.61704186, -0.01475017,
        0.1898595 ,  0.82476622, -0.01629177,  0.09370174, -1.72776449,
        0.44844057, -1.61894454,  0.5013752 ,  0.80048423, -0.38486389,
        0.28465179, -0.26300913, -0.81440409,  1.04956682, -0.81056866,
       -0.05291826,  0.55109428, -2.03220215, -1.90277645, -1.10608461,
       -0.93422703,  0.18712329, -1.03421046, -0.34134631,  0.6198491 ,
        0.38694153, -1.03056954,  0.54691079,  0.36627754, -0.76151123,
       -0.195808  , -0.05003895, -1.46686639,  0.52197187, -0.66928471,
       -1.92479853, -0.17391556,  0.78415837,  1.14814345,  0.14317472,
       -0.27618846,  0.40852475, -0.21025485, -0.48146454, -2.06669838,
       -0.54796916,  0.59840009,  0.04521558, -1.84627815,  0.72888017,
        0.96060269, -0.31215461,  0.28956754, -0.28075583,  1.0584035 ,
        1.00848086, -1.64932332,  0.47897985, -0.67157872, -0.08860939,
        0.52055606,  0.6376112 ,  0.7517126 ,  1.10399464,  0.65863844,
        0.47332698]), 'fs_0 - beta(p=7,n=3)': array([[-4.95870270e-04,  9.53189637e-04, -2.43113477e-04,
         2.18500027e-04,  9.04689761e-05,  4.15593222e-04],
       [-4.79448027e-04,  1.83046928e-03, -2.71246104e-04,
         2.08558534e-04,  2.94882427e-04,  6.94255808e-04],
       [ 5.64618915e-04,  2.77149936e-03, -6.21785455e-04,
         1.16315222e-03, -2.37269837e-04,  5.11020768e-04],
       ...,
       [ 1.12452357e-03, -1.11471324e-03,  3.62569949e-04,
         6.32419404e-04, -4.29406693e-04, -2.22625394e-04],
       [ 1.94263982e-04,  8.73388185e-04, -2.04214682e-04,
         4.99587694e-04, -1.22849099e-04,  2.13244101e-04],
       [ 9.28866244e-04,  7.25974434e-04,  3.23731783e-04,
         2.24745624e-04,  2.03801323e-04,  3.61530212e-04]]), 'fs_1 - beta(p=365.25,n=10)': array([[ 0.01765381, -0.00463465, -0.00206022, ..., -0.00100785,
         0.00347225,  0.00737474],
       [ 0.01243577,  0.00097799, -0.00184678, ..., -0.00292434,
         0.00838746,  0.00535628],
       [ 0.00987894,  0.00424239, -0.00210695, ...,  0.00050807,
         0.00434066, -0.00236951],
       ...,
       [ 0.01904844, -0.00498633, -0.00480817, ...,  0.00015434,
         0.00128136,  0.00326161],
       [ 0.01756372, -0.0038946 , -0.00366171, ...,  0.0002269 ,
         0.00053702,  0.0052837 ],
       [ 0.01655497, -0.0037769 , -0.00171311, ..., -0.00064602,
         0.00361896,  0.00294235]]), 'sigma_log__': array([-4.83279743, -4.00945702, -4.25695122, -4.68782898, -5.03944229,
       -4.98511684, -4.51631422, -4.28005069, -4.45355254, -4.7285947 ,
       -4.34812945, -5.04893115, -4.67092703, -4.46337364, -5.09785466,
       -4.46010327, -4.31351532, -4.43914415, -4.84492998, -4.26278191,
       -4.6752255 , -4.60499   , -4.32392406, -4.48663376, -4.27429569,
       -5.00937116, -4.34268844, -4.49691152, -4.1378604 , -4.89488231,
       -4.72808553, -4.50399429, -4.49583335, -4.54221533, -4.25453778,
       -4.69302447, -4.48797506, -4.94691119, -4.20749734, -4.37455028,
       -4.49821233, -4.52882532, -4.79202015, -4.5911111 , -4.36846197,
       -4.12475228, -4.68706994, -3.91394004, -4.18838876, -4.34978295,
       -4.34627876, -4.85838381, -4.63261329, -4.76417795, -5.35634833,
       -4.45487772, -4.51910844, -4.46882863, -4.35945748, -4.3647139 ,
       -4.72924322, -4.67085368, -4.23613545, -4.37695745, -5.27031253,
       -4.43512745, -4.57614606, -4.62665098, -4.13524754, -4.83413549,
       -4.55687492, -4.48731847, -4.75569028, -4.34976349, -4.20784669,
       -4.01228934, -4.6014308 , -4.80753212, -4.71654373, -4.40347066,
       -4.35003273, -4.2683689 , -4.09450474, -4.78072817, -4.26815415,
       -4.65436095, -4.54779989, -4.69290381, -4.68115189, -4.10771431,
       -5.14578105, -4.77621411, -4.44572   , -4.90111155, -4.41441148,
       -4.37473257, -4.58320333, -4.92081418, -4.30124044, -4.66845207,
       -4.22567376, -4.16218827, -4.31403826, -4.81908545, -4.21922257,
       -4.11554023, -4.61649176, -4.67118263, -4.63167612, -4.0093298 ,
       -4.80887001, -4.85880976, -4.51785897, -4.6999268 , -4.8490693 ,
       -4.32971842, -4.33911835, -4.77742376, -4.59263535, -4.69819769,
       -4.72617064, -4.43250413, -4.43195117, -4.61821588, -4.74803999,
       -4.81067182, -5.19996466, -4.23062864, -4.03607047, -4.19575932,
       -4.30980246, -4.09670363, -5.02065161, -4.27335939, -4.50246673,
       -4.6193298 , -4.65866738, -5.09388513, -4.36657089, -4.50208145,
       -4.41566517, -4.67718766, -4.53195576, -5.10194321, -4.79948627,
       -3.99766955, -4.52292299, -4.60272669, -4.36191563, -4.28911813,
       -4.08362919, -4.7849589 , -4.44666396, -4.05401083, -4.78642586,
       -5.19872469, -4.75291046, -4.5917113 , -4.46196241, -4.2402855 ,
       -4.2635418 , -5.08167377, -5.44914786, -4.29944358, -4.60279177,
       -4.42535216, -4.29540245, -4.54308084, -4.30830603, -4.36119529,
       -4.22899658, -4.76712515, -4.52711301, -4.02077877, -4.05563565,
       -4.50885346, -4.20024962, -5.01635175, -4.88195257, -4.51953459,
       -4.25476219, -4.32712535, -4.24117341, -4.40997593, -4.49725118,
       -4.34960499, -4.61731806, -4.14134179, -4.08567644, -4.85721373,
       -3.9119426 , -4.25827324, -5.0713378 , -4.59403321, -4.51806678,
       -5.07219899, -4.23907486, -4.14199452, -4.86835887, -3.94645724,
       -4.86867232, -4.5931814 , -4.79530291, -4.90515342, -4.22682321,
       -4.21063293, -4.27967773, -4.96155066, -4.39392434, -4.50821873,
       -4.21374092, -4.49478347, -4.50416798, -4.23491474, -4.57273898,
       -4.73679752, -4.3711866 , -4.84196689, -4.43814583, -4.24357507,
       -4.45664732, -4.38089988, -4.498878  , -4.4548977 , -4.51599506,
       -4.31942512, -4.73263731, -4.58367861, -4.61284425, -4.88598682,
       -4.50208912, -4.31070051, -4.47321124, -4.26722095, -4.40000259,
       -4.86400592, -4.18955593, -4.78656637, -4.5911632 , -4.91340735,
       -4.35670348, -3.94573598, -4.36217317, -4.65283262, -4.6866655 ,
       -4.35014914, -4.62817063, -4.62547953, -4.70295343, -5.16231303,
       -4.78460563, -4.42166841, -4.3303613 , -4.41074007, -4.53527531,
       -4.61321936, -4.19014515, -4.31380955, -4.90548974, -4.5730862 ,
       -4.46968815, -4.47884103, -4.65641414, -4.39130122, -4.07018556,
       -4.61913676, -4.28112081, -4.15412063, -4.14865394, -4.50635699,
       -4.61244685, -4.45310402, -4.40186672, -5.15026923, -4.2531237 ,
       -4.59989625, -4.80922873, -4.68514668, -4.33853897, -4.46192331,
       -4.42350477, -4.82682982, -4.48897548, -4.29369189, -4.06464684,
       -4.82567141, -5.11428745, -3.84024887, -4.4880212 , -4.56410947,
       -3.9565737 , -4.73516197, -4.49194235, -4.64583507, -4.5906692 ,
       -4.17129933, -4.2650835 , -4.80580417, -4.24499443, -4.76352355,
       -4.21922164, -4.21629522, -4.31606938, -4.48374301, -4.64362024,
       -4.50511428, -4.33113603, -4.53222085, -4.08721339, -4.25044493,
       -4.13747932, -4.32034792, -4.89680051, -4.4290099 , -4.43273422,
       -4.47247802, -4.81570796, -4.96698742, -4.16822593, -4.7044281 ,
       -4.10893169, -4.59368361, -4.61770621, -4.54844188, -4.28086866,
       -5.01363221, -4.68072176, -4.14248002, -5.09864751, -4.70279823,
       -4.6966157 , -4.50970732, -4.90906567, -3.93136738, -4.60183957,
       -4.54442474, -4.84338899, -4.82954793, -4.51464693, -4.18505847,
       -4.54972944, -4.42948424, -4.15843899, -4.64396445, -4.98076486,
       -4.60108004, -4.90931465, -4.36749849, -4.37127025, -4.27921837,
       -4.49101196, -4.89236244, -4.81577877, -4.44998478, -4.69480739,
       -4.55669487, -4.75598691, -4.19305994, -4.6277825 , -4.72381723,
       -4.40987277, -4.32226583, -4.58241673, -4.67254929, -4.77554622,
       -4.93347802, -4.07686186, -4.43168394, -4.51531755, -4.27009653,
       -4.34092486, -4.53916997, -4.51884804, -4.21630893, -4.55774888,
       -4.51802578, -4.56118825, -4.025232  , -4.99466836, -4.29267281,
       -4.24513355, -4.62023681, -4.12318192, -4.51952916, -4.46498349,
       -4.6154264 , -4.26199678, -4.7842782 , -4.62363518, -4.2871298 ,
       -4.21428924, -4.31800623, -4.11030088, -4.80401701, -4.37507354,
       -4.25061646, -4.31244846, -4.63573575, -4.2614263 , -3.97952797,
       -4.41978283, -4.51066146, -4.30758781, -4.24102712, -4.45851723,
       -4.4785298 , -4.09420455, -4.62305494, -4.16974004, -4.43641799,
       -4.52585272, -4.17723731, -3.99360321, -4.68153981, -4.06238671,
       -4.5987967 , -4.43355236, -4.58117542, -5.35664824, -4.15813214,
       -4.2949842 , -4.75489965, -4.38798394, -4.31420559, -4.58484433,
       -4.40679   , -4.36272513, -4.51755581, -4.72884467, -4.77279838,
       -4.61545215, -4.17590251, -4.47400487, -4.24261847, -4.77632145,
       -5.50201206, -4.5496335 , -4.48052461, -4.30760888, -4.42786932,
       -4.85625981, -4.55198074, -4.67715358, -4.82914734, -4.42680217,
       -4.66202673]), 'sigma': array([0.00796421, 0.01814324, 0.01416542, 0.00920665, 0.00647736,
       0.00683898, 0.01092923, 0.01384196, 0.01163715, 0.00883888,
       0.01293098, 0.00641619, 0.00936359, 0.01152342, 0.00610984,
       0.01156117, 0.01338641, 0.01180604, 0.00786817, 0.01408307,
       0.00932342, 0.0100018 , 0.0132478 , 0.01125848, 0.01392185,
       0.0066751 , 0.01300153, 0.01114336, 0.01595696, 0.00748479,
       0.00884339, 0.01106471, 0.01115538, 0.01064979, 0.01419965,
       0.00915894, 0.01124339, 0.00710532, 0.01488357, 0.0125938 ,
       0.01112887, 0.01079335, 0.00829568, 0.01014158, 0.01267071,
       0.0161675 , 0.00921364, 0.0199617 , 0.01517071, 0.01290961,
       0.01295493, 0.00776302, 0.0097293 , 0.0085299 , 0.0047181 ,
       0.01162174, 0.01089874, 0.01146073, 0.01278532, 0.01271829,
       0.00883315, 0.00936427, 0.01446338, 0.01256353, 0.005142  ,
       0.01185356, 0.01029449, 0.00978748, 0.0159987 , 0.00795356,
       0.0104948 , 0.01125077, 0.0086026 , 0.01290987, 0.01487837,
       0.01809193, 0.01003746, 0.00816799, 0.00894605, 0.0122348 ,
       0.01290639, 0.01400461, 0.016664  , 0.00838989, 0.01400762,
       0.00952   , 0.01059048, 0.00916005, 0.00926833, 0.01644532,
       0.00582392, 0.00842785, 0.01172866, 0.00743831, 0.01210167,
       0.01259151, 0.0102221 , 0.00729319, 0.01355174, 0.00938679,
       0.01461548, 0.01557344, 0.01337941, 0.00807417, 0.01471008,
       0.01631712, 0.00988742, 0.00936119, 0.00973842, 0.01814555,
       0.00815707, 0.00775971, 0.01091236, 0.00909594, 0.00783567,
       0.01317126, 0.01304803, 0.00841766, 0.01012614, 0.00911168,
       0.00886034, 0.01188469, 0.01189127, 0.00987039, 0.00866867,
       0.00814239, 0.00551676, 0.01454325, 0.01766676, 0.0150593 ,
       0.0134362 , 0.0166274 , 0.00660022, 0.01393489, 0.01108163,
       0.0098594 , 0.00947909, 0.00613414, 0.0126947 , 0.0110859 ,
       0.01208651, 0.00930515, 0.01075961, 0.00608491, 0.00823398,
       0.01835837, 0.01085724, 0.01002446, 0.01275393, 0.01371702,
       0.01684622, 0.00835447, 0.01171759, 0.01735264, 0.00834222,
       0.0055236 , 0.00862655, 0.0101355 , 0.0115397 , 0.01440348,
       0.01407237, 0.00620951, 0.00429997, 0.01357611, 0.01002381,
       0.01197   , 0.01363108, 0.01064057, 0.01345632, 0.01276312,
       0.014567  , 0.0085048 , 0.01081184, 0.01793899, 0.01732446,
       0.01101108, 0.01499183, 0.00662867, 0.00758219, 0.01089409,
       0.01419647, 0.01320545, 0.0143907 , 0.01215547, 0.01113958,
       0.01291191, 0.00987926, 0.0159015 , 0.01681176, 0.00777211,
       0.02000161, 0.01414671, 0.00627402, 0.01011199, 0.01091009,
       0.00626862, 0.01442093, 0.01589112, 0.00768597, 0.01932304,
       0.00768356, 0.01012061, 0.00826849, 0.00740831, 0.01459869,
       0.01483697, 0.01384712, 0.00700206, 0.01235216, 0.01101807,
       0.01479093, 0.0111671 , 0.01106279, 0.01448104, 0.01032963,
       0.00876668, 0.01263624, 0.00789152, 0.01181783, 0.01435618,
       0.01160119, 0.01251409, 0.01112147, 0.01162151, 0.01093272,
       0.01330753, 0.00880322, 0.01021724, 0.00992355, 0.00755167,
       0.01108581, 0.01342414, 0.01141061, 0.01402069, 0.01227731,
       0.0077195 , 0.01515301, 0.00834105, 0.01014106, 0.00734741,
       0.01282058, 0.01933698, 0.01275065, 0.00953456, 0.00921737,
       0.01290489, 0.00977262, 0.00979896, 0.00906845, 0.00572843,
       0.00835742, 0.01201417, 0.01316279, 0.01214619, 0.01072395,
       0.00991983, 0.01514409, 0.01338247, 0.00740582, 0.01032604,
       0.01145089, 0.01134656, 0.00950047, 0.0123846 , 0.01707422,
       0.00986131, 0.01382716, 0.01569959, 0.01578565, 0.0110386 ,
       0.0099275 , 0.01164237, 0.01225444, 0.00579784, 0.01421975,
       0.01005288, 0.00815415, 0.00923138, 0.01305559, 0.01154015,
       0.01199213, 0.00801188, 0.01123215, 0.01365442, 0.01716905,
       0.00802117, 0.00601026, 0.02148825, 0.01124287, 0.01041915,
       0.01912854, 0.00878103, 0.01119887, 0.00960151, 0.01014607,
       0.0154322 , 0.01405069, 0.00818212, 0.01433581, 0.00853548,
       0.01471009, 0.0147532 , 0.01335226, 0.01129107, 0.0096228 ,
       0.01105233, 0.0131526 , 0.01075676, 0.01678594, 0.01425789,
       0.01596304, 0.01329526, 0.00747045, 0.01192629, 0.01188196,
       0.01141898, 0.00810148, 0.0069641 , 0.0154797 , 0.00905509,
       0.01642531, 0.01011553, 0.00987542, 0.01058368, 0.01383064,
       0.00664672, 0.00927232, 0.01588341, 0.006105  , 0.00906986,
       0.00912611, 0.01100168, 0.00737938, 0.01961683, 0.01003336,
       0.01062628, 0.0078803 , 0.00799013, 0.01094747, 0.01522132,
       0.01057006, 0.01192064, 0.01563194, 0.00961949, 0.00686881,
       0.01004099, 0.00737754, 0.01268293, 0.01263518, 0.01385349,
       0.01120929, 0.00750367, 0.00810091, 0.01167874, 0.00914263,
       0.01049669, 0.00860005, 0.01510001, 0.00977641, 0.00888121,
       0.01215672, 0.01326978, 0.01023014, 0.00934841, 0.00843348,
       0.00720141, 0.01696061, 0.01189444, 0.01094013, 0.01398043,
       0.01302448, 0.01068227, 0.01090157, 0.014753  , 0.01048564,
       0.01091054, 0.01044963, 0.01785928, 0.00677397, 0.01366834,
       0.01433382, 0.00985046, 0.01619291, 0.01089415, 0.01150489,
       0.00989796, 0.01409413, 0.00836016, 0.00981704, 0.01374432,
       0.01478283, 0.01332643, 0.01640284, 0.00819675, 0.01258722,
       0.01425544, 0.0134007 , 0.00969897, 0.01410217, 0.01869446,
       0.01203685, 0.01099119, 0.01346599, 0.0143928 , 0.01157952,
       0.01135009, 0.016669  , 0.00982274, 0.01545628, 0.01183827,
       0.01082548, 0.01534083, 0.01843318, 0.00926474, 0.0172079 ,
       0.01006394, 0.01187224, 0.01024285, 0.00471669, 0.01563674,
       0.01363679, 0.00860941, 0.01242576, 0.01337717, 0.01020534,
       0.01219426, 0.01274361, 0.01091567, 0.00883667, 0.00845668,
       0.00989771, 0.01536132, 0.01140156, 0.01436992, 0.00842694,
       0.00407856, 0.01057108, 0.01132747, 0.01346571, 0.0119399 ,
       0.00777953, 0.01054629, 0.00930546, 0.00799333, 0.01195265,
       0.0094473 ])}"
