,0
0,"{'lt_0 - slope_sigma_log__': array(-9.94247212), 'lt_0 - slope_z_offset': array([4.34153589e-05, 4.49090531e-05, 4.59295844e-05, 4.13199210e-05,
       4.65428142e-05, 4.66792054e-05, 4.71290316e-05, 4.57722535e-05,
       3.87066394e-05, 4.06189842e-05, 4.42861358e-05, 4.43391710e-05,
       4.58265585e-05, 4.63315629e-05, 4.28670311e-05, 4.61846736e-05,
       4.73941231e-05, 4.72270119e-05, 4.51371436e-05, 4.39644886e-05,
       3.73314653e-05, 4.42266837e-05, 4.72901391e-05, 4.40391844e-05,
       4.61174896e-05, 3.73631219e-05, 4.61182513e-05, 3.14065144e-05,
       4.56103486e-05, 4.52651157e-05, 4.47734746e-05, 4.67864537e-05,
       4.67983836e-05, 4.56174248e-05, 4.64626140e-05, 4.58491499e-05,
       4.43470098e-05, 3.31092025e-05, 4.46686336e-05, 4.46838991e-05,
       3.90682442e-05, 4.66488989e-05, 4.64786169e-05, 4.67632917e-05,
       3.81612157e-05, 4.60855721e-05, 4.57148473e-05, 4.53953164e-05,
       4.54414141e-05, 4.60209520e-05, 4.62153962e-05, 4.61414307e-05,
       4.22910186e-05, 4.65574159e-05, 3.98329928e-05, 3.51585113e-05,
       4.65952256e-05, 4.55975855e-05, 4.45485479e-05, 3.92457963e-05,
       4.18170939e-05, 4.35265702e-05, 4.51956237e-05, 4.39559575e-05,
       3.42821730e-05, 4.33555310e-05, 4.57398014e-05, 4.90747507e-05,
       4.38722875e-05, 4.08731438e-05, 4.63845223e-05, 4.74029587e-05,
       4.59691430e-05, 4.60889951e-05, 4.73982630e-05, 4.55559941e-05,
       4.47048009e-05, 4.12771676e-05, 4.36244751e-05, 4.36879104e-05,
       4.64473591e-05, 4.66317056e-05, 4.63402558e-05, 4.23257478e-05,
       4.73328584e-05, 4.65453399e-05, 4.64404852e-05, 4.15627530e-05,
       4.53177861e-05, 4.65743466e-05, 4.81982479e-05, 4.16047606e-05,
       4.62305617e-05, 4.03801233e-05, 4.46510004e-05, 4.22525058e-05,
       4.42399522e-05, 3.48194864e-05, 4.70374232e-05, 4.70345749e-05,
       4.68990480e-05, 4.48937803e-05, 4.51563340e-05, 3.85758671e-05,
       4.61463842e-05, 4.47672075e-05, 4.66242524e-05, 3.70628557e-05,
       4.57217281e-05, 4.59888870e-05, 3.99523546e-05, 4.58123142e-05,
       4.39945455e-05, 4.75526916e-05, 4.40751226e-05, 4.51221224e-05,
       4.68033268e-05, 4.41058603e-05, 4.56312831e-05, 4.56177471e-05,
       3.69838340e-05, 4.53190510e-05, 4.74880212e-05, 4.62479121e-05,
       4.58780164e-05, 4.41188633e-05, 3.02244511e-05, 4.47784984e-05,
       4.61525548e-05, 4.79629662e-05, 4.71222587e-05, 4.58727569e-05,
       4.62936809e-05, 4.62014909e-05, 4.62581035e-05, 4.55619680e-05,
       4.33923706e-05, 3.65233432e-05, 3.86189343e-05, 4.64980045e-05,
       4.66894151e-05, 4.60355201e-05, 4.68892029e-05, 3.72785633e-05,
       4.29537197e-05, 3.79721394e-05, 4.59148489e-05, 4.65607166e-05,
       4.45126660e-05, 4.52673777e-05, 4.46613309e-05, 4.61531845e-05,
       4.45620341e-05, 3.80169622e-05, 4.41848050e-05, 2.06934166e-05,
       4.18044711e-05, 4.45187651e-05, 4.54183687e-05, 4.49726138e-05,
       4.64411335e-05, 3.77161938e-05, 3.66459332e-05, 4.70094150e-05,
       3.29374896e-05, 4.64283586e-05, 4.71952446e-05, 4.39427154e-05,
       4.48708652e-05, 4.71171341e-05, 4.73740757e-05, 3.84948673e-05,
       3.85828800e-05, 4.76156313e-05, 4.77900655e-05, 4.44406083e-05,
       4.60025194e-05, 4.00514150e-05, 4.39506162e-05, 4.29710009e-05,
       3.98282568e-05, 4.67317250e-05, 4.70654100e-05, 4.23844405e-05,
       4.74336546e-05, 4.59407411e-05, 3.77811085e-05, 4.77608846e-05,
       4.39679464e-05, 4.08602799e-05, 4.66899113e-05, 4.63154096e-05,
       3.92825522e-05, 4.60426893e-05, 4.70041059e-05, 4.35153507e-05,
       4.62333477e-05, 3.94844009e-05, 4.26364621e-05, 4.54502298e-05,
       4.48307900e-05, 4.41324305e-05, 4.53173989e-05, 4.25186522e-05,
       4.34859677e-05, 3.77590474e-05, 4.54630854e-05, 4.10035418e-05,
       4.62198721e-05, 4.16794150e-05, 4.67165200e-05, 3.75713099e-05,
       4.54439890e-05, 4.61051333e-05, 4.36236391e-05, 4.32745862e-05,
       4.46937123e-05, 4.36346755e-05, 4.28214113e-05, 4.73270619e-05,
       4.63130769e-05, 4.61181758e-05, 4.62760223e-05, 4.69036668e-05,
       4.46963322e-05, 4.20697340e-05, 4.67446505e-05, 3.91584045e-05,
       4.71090226e-05, 3.60549926e-05, 3.90935921e-05, 4.64612460e-05,
       4.66824840e-05, 4.38385055e-05, 4.46419724e-05, 4.57012109e-05,
       4.65725554e-05, 4.65635871e-05, 4.68006179e-05, 4.26596529e-05,
       4.75987164e-05, 4.65208719e-05, 4.73000289e-05, 4.29560501e-05,
       4.64247944e-05, 4.47180558e-05, 4.06441491e-05, 3.80081892e-05,
       4.38568959e-05, 4.55588972e-05, 3.87210669e-05, 4.07228852e-05,
       4.70217687e-05, 4.62952237e-05, 4.22957514e-05, 4.47994831e-05,
       4.67318100e-05, 3.87699764e-05, 4.23115060e-05, 4.66172100e-05,
       4.58312168e-05, 4.64209699e-05, 4.57479000e-05, 4.72179625e-05,
       4.35334433e-05, 4.65369957e-05, 4.69400738e-05, 4.67432008e-05,
       4.55744648e-05, 4.59375114e-05, 4.33126697e-05, 4.69781535e-05,
       4.77085365e-05, 4.34501823e-05, 4.47907143e-05, 4.53945244e-05,
       4.48171387e-05, 4.60449199e-05, 4.56082436e-05, 4.54859911e-05,
       4.71617525e-05, 4.49242367e-05, 2.38857855e-05, 4.63964062e-05,
       4.58488039e-05, 4.67689527e-05, 2.62778088e-05, 4.66507881e-05,
       4.21148088e-05, 4.76555300e-05, 4.72898422e-05, 3.63114081e-05,
       4.47695721e-05, 3.63142780e-05, 3.94510678e-05, 4.14883881e-05,
       4.67453924e-05, 4.16564117e-05, 4.27458650e-05, 4.62910688e-05,
       4.69283228e-05, 4.39991181e-05, 4.41707280e-05, 4.71290994e-05,
       4.56018440e-05, 3.86351723e-05, 4.48749025e-05, 4.01605006e-05,
       4.69124158e-05, 4.10431837e-05, 4.23276544e-05, 4.50736365e-05,
       4.52388071e-05, 4.57972261e-05, 4.68382465e-05, 4.64258571e-05,
       4.61904454e-05, 4.44943626e-05, 4.81215447e-05, 4.14380363e-05,
       4.57059881e-05, 4.57385434e-05, 4.59951225e-05, 4.71876851e-05,
       4.66414300e-05, 4.20324041e-05, 4.63812506e-05, 4.71780024e-05,
       4.12701088e-05, 4.59376400e-05, 4.55881152e-05, 4.60791540e-05,
       4.66522700e-05, 4.60992809e-05, 4.69226366e-05, 3.79270003e-05,
       4.03778764e-05, 2.92625997e-05, 4.69367068e-05, 4.64888236e-05,
       4.63970413e-05, 4.58686958e-05, 4.54999106e-05, 4.51658311e-05,
       4.01771114e-05, 4.32676469e-05, 4.28493378e-05, 4.77438566e-05,
       4.44668181e-05, 4.62535610e-05, 4.68525296e-05, 3.78835550e-05,
       4.58749514e-05, 4.67607073e-05, 4.63690861e-05, 4.69081929e-05,
       4.42670984e-05, 4.24320277e-05, 4.13475712e-05, 4.49165806e-05,
       4.68064295e-05, 4.61900146e-05, 4.63112582e-05, 4.64813875e-05,
       4.49597020e-05, 4.50192972e-05, 4.68415406e-05, 4.52839857e-05,
       4.05836865e-05, 4.52512856e-05, 4.66468853e-05, 3.70518379e-05,
       4.65176576e-05, 4.69886545e-05, 4.38473940e-05, 4.60034783e-05,
       4.51138930e-05, 4.56156747e-05, 4.47456873e-05, 3.99929259e-05,
       3.98959122e-05, 4.60182754e-05, 4.64223899e-05, 4.53806606e-05,
       4.49405639e-05, 4.64779181e-05, 4.57082244e-05, 3.91479335e-05,
       4.42097728e-05, 4.72057967e-05, 4.66799319e-05, 4.34548301e-05,
       4.52420384e-05, 4.06469603e-05, 4.68258800e-05, 4.08481464e-05,
       4.28153840e-05, 4.83949626e-05, 4.79879280e-05, 4.67820662e-05,
       4.64107020e-05, 4.78706622e-05, 4.70393901e-05, 4.63108525e-05,
       4.58265572e-05, 4.17960288e-05, 4.61927901e-05, 2.65433468e-05,
       4.69080288e-05, 4.67284332e-05, 4.72781598e-05, 4.67523971e-05,
       4.54646602e-05, 4.43476638e-05, 4.65053046e-05, 4.71872084e-05,
       4.58213820e-05, 4.36683099e-05, 3.39286143e-05, 4.50031348e-05,
       4.51902177e-05, 4.46066426e-05, 4.70459157e-05, 3.68812656e-05,
       4.63693161e-05, 4.57141330e-05, 4.67645476e-05, 4.23915822e-05,
       4.61241644e-05, 4.28671792e-05, 4.45223762e-05, 4.81190466e-05,
       4.72993322e-05, 4.02421124e-05, 4.36127018e-05, 4.17463107e-05,
       4.64055773e-05, 4.23327608e-05, 4.63507921e-05, 4.44677849e-05,
       4.23452764e-05, 4.33588384e-05, 4.22226840e-05, 3.83939846e-05,
       4.44572245e-05, 4.29144220e-05, 1.23918490e-02]), 'lt_0 - delta': array([-1.09706005e-01, -1.35995607e-01, -8.38821226e-02, -6.44461780e-02,
       -2.22140126e-01,  3.57286290e-02, -9.42670560e-02, -7.38699744e-02,
        6.64832423e-02, -1.22417098e-03,  2.33489015e-02, -5.42334827e-02,
        2.54848188e-02, -9.11013722e-04, -1.31486686e+00, -1.83303533e+00,
       -1.04360804e+00,  1.47251142e+00,  5.31297312e+00,  1.71495525e+00,
       -3.55345252e+00, -2.70812646e+00,  3.24948938e-01,  5.19455016e-01,
        1.66342083e+00]), 'lt_0 - intercept': array([0.92323344, 0.92448551, 0.86957442, 0.92570972, 0.94348163,
       0.94659494, 0.93126113, 0.91989509, 0.9025854 , 0.911823  ,
       0.94290547, 0.93271486, 0.89534711, 0.92152152, 0.9279236 ,
       0.9464493 , 0.94927156, 0.87596404, 0.95293868, 0.925181  ,
       0.88745727, 0.92766007, 0.84482061, 0.93818534, 0.94107239,
       0.89353385, 0.97334067, 0.79804126, 0.93209915, 0.89086517,
       0.94938329, 0.93038767, 0.83417648, 0.90402201, 0.93054591,
       0.95643054, 0.93988431, 0.84554012, 0.93910207, 0.951675  ,
       0.9018797 , 0.95001005, 0.91689993, 0.91809253, 0.88570835,
       0.94681455, 0.9213473 , 0.95121404, 0.90551401, 0.94832934,
       0.93212516, 0.88997416, 0.93079839, 0.92315916, 0.91737439,
       0.87009345, 0.96053894, 0.93623735, 0.86689362, 0.90790034,
       0.92772731, 0.92393466, 0.9098404 , 0.93934149, 0.87168267,
       0.92924602, 0.92313299, 0.92194914, 0.93982357, 0.92082669,
       0.93678167, 0.92223974, 0.95629412, 0.93769683, 0.9183826 ,
       0.91233382, 0.90115963, 0.91500823, 0.93023055, 0.93754034,
       0.92019997, 0.90354377, 0.91678527, 0.87184348, 0.91340885,
       0.94990468, 0.90134798, 0.91485017, 0.92002918, 0.94685633,
       0.86494703, 0.91485718, 0.91294075, 0.8882747 , 0.93414002,
       0.91231662, 0.93909605, 0.87924121, 0.95022513, 0.93557772,
       0.9582194 , 0.94133827, 0.94915395, 0.9007796 , 0.94699699,
       0.91293545, 0.9226866 , 0.88820573, 0.90131747, 0.88972295,
       0.91615189, 0.94551395, 0.94876996, 0.94847414, 0.92591656,
       0.85728999, 0.93166683, 0.91121086, 0.94172685, 0.94081853,
       0.87463969, 0.92547673, 0.91716103, 0.90804586, 0.9345579 ,
       0.94163685, 0.82046408, 0.94987252, 0.8133562 , 0.90262262,
       0.91425839, 0.95252183, 0.89383193, 0.93069201, 0.93160935,
       0.94835645, 0.9158288 , 0.87590707, 0.90231231, 0.9182164 ,
       0.93283663, 0.91241328, 0.93756226, 0.89246012, 0.91807269,
       0.75479956, 0.89341741, 0.90067584, 0.94103138, 0.92646917,
       0.86239024, 0.88027601, 0.94384932, 0.88087523, 0.94448007,
       0.76730385, 0.91525808, 0.92750772, 0.91668509, 0.8804851 ,
       0.95050177, 0.88513846, 0.87430891, 0.94944832, 0.85764391,
       0.86965034, 0.93105554, 0.94829408, 0.93051224, 0.93484902,
       0.92969591, 0.90161831, 0.89270856, 0.85481515, 0.84791629,
       0.95058301, 0.90069871, 0.90602407, 0.93761152, 0.93782977,
       0.90529388, 0.91065605, 0.95198839, 0.92183501, 0.91682787,
       0.90993109, 0.88979485, 0.88802866, 0.93046019, 0.92124812,
       0.8876816 , 0.95696865, 0.89404824, 0.90789686, 0.95715801,
       0.91909847, 0.95773909, 0.87859569, 0.93131869, 0.93583924,
       0.85175279, 0.94754788, 0.9339786 , 0.87940053, 0.89731483,
       0.8675263 , 0.95028898, 0.90670147, 0.93408703, 0.89848891,
       0.91327829, 0.85569341, 0.89397293, 0.93767288, 0.93962356,
       0.93419783, 0.93765805, 0.93850382, 0.93565364, 0.92534085,
       0.96293887, 0.94168722, 0.94832142, 0.91106186, 0.9432621 ,
       0.92472141, 0.92055958, 0.89445761, 0.92707139, 0.86659189,
       0.90119054, 0.94771441, 0.9338526 , 0.94187858, 0.90864819,
       0.93732145, 0.89673436, 0.93608965, 0.93982496, 0.93817211,
       0.93727405, 0.92118866, 0.91170002, 0.92894655, 0.93347466,
       0.91751704, 0.92350824, 0.88889714, 0.86754262, 0.91672257,
       0.90219251, 0.92045294, 0.94675226, 0.8973111 , 0.92957679,
       0.86042658, 0.94649343, 0.8873835 , 0.93568084, 0.953204  ,
       0.8742542 , 0.94969767, 0.94181397, 0.88138032, 0.85545475,
       0.91190462, 0.92634479, 0.90095782, 0.86399266, 0.95790903,
       0.94399629, 0.87684808, 0.91073396, 0.93454799, 0.88646913,
       0.94773043, 0.94419018, 0.91682266, 0.94429213, 0.89049015,
       0.93981564, 0.94523055, 0.72835992, 0.90397953, 0.92476003,
       0.92109293, 0.77735627, 0.80340205, 0.90895157, 0.91826731,
       0.925619  , 0.88754055, 0.93613146, 0.87106746, 0.89875757,
       0.91324578, 0.95923328, 0.90605178, 0.87855729, 0.88791017,
       0.92384166, 0.92967589, 0.93226065, 0.93605494, 0.92674384,
       0.86844846, 0.93714563, 0.900042  , 0.90315724, 0.9186049 ,
       0.86266014, 0.94807259, 0.95340768, 0.93268035, 0.94420757,
       0.9381975 , 0.90677125, 0.94113078, 0.91540981, 0.91456243,
       0.90202667, 0.91311241, 0.92438583, 0.94653483, 0.95536147,
       0.8941796 , 0.90555363, 0.95145732, 0.92540019, 0.91455053,
       0.94183582, 0.94644129, 0.89321443, 0.93698477, 0.94849612,
       0.89838766, 0.90196412, 0.82727831, 0.87786606, 0.95123063,
       0.89309872, 0.94704089, 0.95244639, 0.94957087, 0.91000295,
       0.93494514, 0.94166546, 0.89545257, 0.95320328, 0.89383324,
       0.92193225, 0.90018228, 0.91021328, 0.90816592, 0.92388955,
       0.9181246 , 0.94373679, 0.90956755, 0.91832575, 0.94235434,
       0.93023352, 0.9470052 , 0.91493272, 0.91617513, 0.94666392,
       0.94013888, 0.9425289 , 0.94926232, 0.89066431, 0.9082217 ,
       0.96099851, 0.88527559, 0.91968078, 0.92512939, 0.88492967,
       0.95159904, 0.94740006, 0.92471997, 0.92984102, 0.91056908,
       0.90961247, 0.95595486, 0.94252376, 0.9415459 , 0.87846337,
       0.92887171, 0.91905874, 0.89667216, 0.94718075, 0.93280735,
       0.94376875, 0.90604455, 0.93205265, 0.92479748, 0.89686692,
       0.90733699, 0.93570604, 0.90889525, 0.86150451, 0.91727318,
       0.91622236, 0.92545606, 0.91430829, 0.94537298, 0.94983796,
       0.92660661, 0.94596105, 0.75299637, 0.94905923, 0.91405584,
       0.9239731 , 0.88137252, 0.89847689, 0.94132968, 0.93511585,
       0.90292576, 0.89967209, 0.92193482, 0.87410753, 0.94435833,
       0.94219313, 0.94465223, 0.91134276, 0.85396017, 0.90620761,
       0.94700936, 0.9587235 , 0.91923059, 0.9143724 , 0.86866168,
       0.94404875, 0.90860276, 0.93154092, 0.89681152, 0.93959773,
       0.91126611, 0.9132374 , 0.93646212, 0.91371202, 0.93650543,
       0.93643725, 0.94482737, 0.9326359 , 0.89761019, 0.92955271,
       0.90936559, 0.67000986]), 'fs_0 - beta_shared': array([-0.00124686,  0.00173999,  0.0003714 ,  0.00033217, -0.00055559,
        0.00027056]), 'fs_0 - beta_sigma(p=7,n=3)_log__': array([-9.24877636, -9.24877917, -9.24878128, -9.2487818 , -9.24878125,
       -9.24878189]), 'fs_0 - beta_z_offset(p=7,n=3)': array([[-1.86340328e-04,  1.07249938e-05,  5.11562477e-05,
        -1.14519966e-05, -3.77766409e-05,  2.32933268e-05],
       [-1.36929237e-04,  2.28041386e-05,  2.27315278e-05,
        -4.41673433e-06,  7.15077175e-06,  5.89984107e-05],
       [ 2.64923407e-04,  4.11565238e-05, -4.57985180e-05,
         1.27597712e-05,  7.64044112e-05,  7.98169804e-06],
       ...,
       [-5.45710264e-05,  6.87840485e-05, -3.75108713e-05,
        -6.53041326e-05,  5.09125597e-05,  8.07313740e-06],
       [ 5.05158637e-06,  7.48877027e-05,  2.83433735e-05,
         2.48749896e-05,  8.67962502e-06,  5.03598962e-05],
       [ 2.01734726e-03, -2.36268741e-03, -6.30670525e-04,
        -5.29429492e-04,  8.96177856e-04, -4.17623578e-04]]), 'fs_1 - beta_shared': array([ 0.0195827 , -0.01298443, -0.00471714,  0.01144735, -0.00409339,
        0.00134159,  0.0056162 , -0.00233399, -0.00409987,  0.00471273,
        0.00098048, -0.00432312,  0.00420695,  0.00186914, -0.00680685,
        0.00669726,  0.00200898, -0.00537083,  0.00574529, -0.0072905 ]), 'fs_1 - beta_sigma(p=365.25,n=10)_log__': array([-9.24850816, -9.24877329, -9.24806188, -9.248699  , -9.24799853,
       -9.24856067, -9.24831221, -9.24849091, -9.24861755, -9.24856048,
       -9.24870844, -9.24868021, -9.24868022, -9.24872076, -9.24869078,
       -9.24867318, -9.24873831, -9.24869841, -9.24874361, -9.24872089]), 'fs_1 - beta_z_offset(p=365.25,n=10)': array([[ 4.49751068e-04, -4.28467213e-05, -6.41202764e-04, ...,
         1.07092277e-04, -2.68730801e-04,  3.69133440e-04],
       [-1.38929671e-04,  1.09279126e-04,  1.91029989e-04, ...,
        -4.66396715e-04,  4.17325450e-04,  3.11449984e-04],
       [-1.59658177e-03,  2.20359791e-04,  2.53500916e-03, ...,
        -6.34199616e-04,  3.25792354e-04, -1.45316068e-04],
       ...,
       [ 1.46630667e-04, -1.98298581e-04, -1.96727081e-04, ...,
         7.69926618e-04, -6.88935611e-04, -6.64926067e-04],
       [ 3.84544475e-04, -8.32538162e-05, -6.06590623e-04, ...,
         4.66833590e-04, -6.99223480e-04, -2.31221327e-04],
       [-3.93711317e-03,  2.90070090e-03,  4.02449577e-03, ...,
         7.99704288e-03, -4.02539005e-03,  9.67647469e-03]]), 'sigma_log__': array(-2.92074614), 'lt_0 - slope_sigma': array(4.80882778e-05), 'fs_0 - beta_sigma(p=7,n=3)': array([9.62293299e-05, 9.62290593e-05, 9.62288563e-05, 9.62288070e-05,
       9.62288600e-05, 9.62287977e-05]), 'fs_1 - beta_sigma(p=365.25,n=10)': array([9.62551423e-05, 9.62296253e-05, 9.62981083e-05, 9.62367744e-05,
       9.63042096e-05, 9.62500877e-05, 9.62740056e-05, 9.62568031e-05,
       9.62446135e-05, 9.62501068e-05, 9.62358659e-05, 9.62385834e-05,
       9.62385821e-05, 9.62346806e-05, 9.62375659e-05, 9.62392597e-05,
       9.62329917e-05, 9.62368317e-05, 9.62324814e-05, 9.62346683e-05]), 'sigma': array(0.05389346), 'lt_0 - slope': array([2.08776984e-09, 2.15959902e-09, 2.20867461e-09, 1.98700384e-09,
       2.23816378e-09, 2.24472260e-09, 2.26635396e-09, 2.20110884e-09,
       1.86133563e-09, 1.95329700e-09, 2.12964400e-09, 2.13219437e-09,
       2.20372027e-09, 2.22800507e-09, 2.06140170e-09, 2.22094141e-09,
       2.27910176e-09, 2.27106567e-09, 2.17056750e-09, 2.11417654e-09,
       1.79520587e-09, 2.12678505e-09, 2.27410135e-09, 2.11776853e-09,
       2.21771065e-09, 1.79672818e-09, 2.21774728e-09, 1.51028519e-09,
       2.19332311e-09, 2.17672146e-09, 2.15307928e-09, 2.24987998e-09,
       2.25045367e-09, 2.19366340e-09, 2.23430709e-09, 2.20480666e-09,
       2.13257133e-09, 1.59216453e-09, 2.14803766e-09, 2.14877175e-09,
       1.87872458e-09, 2.24326521e-09, 2.23507664e-09, 2.24876616e-09,
       1.83510714e-09, 2.21617579e-09, 2.19834827e-09, 2.18298259e-09,
       2.18519934e-09, 2.21306832e-09, 2.22241881e-09, 2.21886194e-09,
       2.03370225e-09, 2.23886595e-09, 1.91550002e-09, 1.69071226e-09,
       2.24068415e-09, 2.19270936e-09, 2.14226295e-09, 1.88726276e-09,
       2.01091203e-09, 2.09311780e-09, 2.17337971e-09, 2.11376630e-09,
       1.64857066e-09, 2.08489282e-09, 2.19954828e-09, 2.35992024e-09,
       2.10974275e-09, 1.96551909e-09, 2.23055179e-09, 2.27952665e-09,
       2.21057692e-09, 2.21634040e-09, 2.27930084e-09, 2.19070930e-09,
       2.14977688e-09, 1.98494790e-09, 2.09782588e-09, 2.10087637e-09,
       2.23357351e-09, 2.24243841e-09, 2.22842309e-09, 2.03537232e-09,
       2.27615564e-09, 2.23828523e-09, 2.23324295e-09, 1.99868121e-09,
       2.17925429e-09, 2.23968012e-09, 2.31777073e-09, 2.00070128e-09,
       2.22314809e-09, 1.94181059e-09, 2.14718971e-09, 2.03185023e-09,
       2.12742311e-09, 1.67440914e-09, 2.26194867e-09, 2.26181170e-09,
       2.25529445e-09, 2.15886458e-09, 2.17149033e-09, 1.85504701e-09,
       2.21910014e-09, 2.15277791e-09, 2.24208000e-09, 1.78228890e-09,
       2.19867916e-09, 2.21152637e-09, 1.92123993e-09, 2.20303529e-09,
       2.11562193e-09, 2.28672704e-09, 2.11949674e-09, 2.16984516e-09,
       2.25069138e-09, 2.12097486e-09, 2.19432982e-09, 2.19367889e-09,
       1.77848888e-09, 2.17931511e-09, 2.28361716e-09, 2.22398244e-09,
       2.20619480e-09, 2.12160015e-09, 1.45344180e-09, 2.15332087e-09,
       2.21939687e-09, 2.30645644e-09, 2.26602827e-09, 2.20594187e-09,
       2.22618338e-09, 2.22175013e-09, 2.22447253e-09, 2.19099657e-09,
       2.08666437e-09, 1.75634467e-09, 1.85711804e-09, 2.23600896e-09,
       2.24521356e-09, 2.21376888e-09, 2.25482101e-09, 1.79266191e-09,
       2.06557040e-09, 1.82601479e-09, 2.20796601e-09, 2.23902468e-09,
       2.14053745e-09, 2.17683023e-09, 2.14768648e-09, 2.21942715e-09,
       2.14291148e-09, 1.82817024e-09, 2.12477118e-09, 9.95110765e-10,
       2.01030502e-09, 2.14083074e-09, 2.18409113e-09, 2.16265555e-09,
       2.23327413e-09, 1.81370680e-09, 1.76223981e-09, 2.26060181e-09,
       1.58390715e-09, 2.23265981e-09, 2.26953803e-09, 2.11312950e-09,
       2.15776263e-09, 2.26578183e-09, 2.27813771e-09, 1.85115187e-09,
       1.85538425e-09, 2.28975371e-09, 2.29814195e-09, 2.13707232e-09,
       2.21218193e-09, 1.92600357e-09, 2.11350944e-09, 2.06640143e-09,
       1.91527228e-09, 2.24724817e-09, 2.26329451e-09, 2.03819475e-09,
       2.28100276e-09, 2.20921112e-09, 1.81682844e-09, 2.29673869e-09,
       2.11434282e-09, 1.96490049e-09, 2.24523743e-09, 2.22722828e-09,
       1.88903028e-09, 2.21411363e-09, 2.26034650e-09, 2.09257827e-09,
       2.22328207e-09, 1.89873684e-09, 2.05031403e-09, 2.18562328e-09,
       2.15583548e-09, 2.12225258e-09, 2.17923567e-09, 2.04464876e-09,
       2.09116530e-09, 1.81576756e-09, 2.18624148e-09, 1.97178971e-09,
       2.22263405e-09, 2.00429129e-09, 2.24651699e-09, 1.80673959e-09,
       2.18532317e-09, 2.21711646e-09, 2.09778568e-09, 2.08100032e-09,
       2.14924365e-09, 2.09831640e-09, 2.05920792e-09, 2.27587690e-09,
       2.22711611e-09, 2.21774365e-09, 2.22533421e-09, 2.25551656e-09,
       2.14936964e-09, 2.02306106e-09, 2.24786974e-09, 1.88306023e-09,
       2.26539177e-09, 1.73382250e-09, 1.87994352e-09, 2.23424130e-09,
       2.24488026e-09, 2.10811823e-09, 2.14675557e-09, 2.19769252e-09,
       2.23959398e-09, 2.23916271e-09, 2.25056112e-09, 2.05142924e-09,
       2.28894029e-09, 2.23710861e-09, 2.27457693e-09, 2.06568247e-09,
       2.23248841e-09, 2.15041429e-09, 1.95450713e-09, 1.82774836e-09,
       2.10900259e-09, 2.19084890e-09, 1.86202942e-09, 1.95829341e-09,
       2.26119587e-09, 2.22625758e-09, 2.03392984e-09, 2.15432999e-09,
       2.24725226e-09, 1.86438140e-09, 2.03468746e-09, 2.24174134e-09,
       2.20394429e-09, 2.23230450e-09, 2.19993772e-09, 2.27063050e-09,
       2.09344831e-09, 2.23788397e-09, 2.25726731e-09, 2.24780002e-09,
       2.19159752e-09, 2.20905581e-09, 2.08283169e-09, 2.25909850e-09,
       2.29422136e-09, 2.08944443e-09, 2.15390831e-09, 2.18294450e-09,
       2.15517902e-09, 2.21422090e-09, 2.19322189e-09, 2.18734297e-09,
       2.26792746e-09, 2.16032917e-09, 1.14862629e-09, 2.23112327e-09,
       2.20479002e-09, 2.24903839e-09, 1.26365457e-09, 2.24335606e-09,
       2.02522863e-09, 2.29167236e-09, 2.27408707e-09, 1.74615308e-09,
       2.15289162e-09, 1.74629109e-09, 1.89713391e-09, 1.99510513e-09,
       2.24790541e-09, 2.00318510e-09, 2.05557503e-09, 2.22605777e-09,
       2.25670222e-09, 2.11584181e-09, 2.12409424e-09, 2.26635722e-09,
       2.19291414e-09, 1.85789890e-09, 2.15795678e-09, 1.93124931e-09,
       2.25593728e-09, 1.97369602e-09, 2.03546400e-09, 2.16751355e-09,
       2.17545632e-09, 2.20230973e-09, 2.25237061e-09, 2.23253951e-09,
       2.22121897e-09, 2.13965727e-09, 2.31408221e-09, 1.99268380e-09,
       2.19792225e-09, 2.19948778e-09, 2.21182623e-09, 2.26917451e-09,
       2.24290604e-09, 2.02126593e-09, 2.23039446e-09, 2.26870888e-09,
       1.98460845e-09, 2.20906199e-09, 2.19225395e-09, 2.21586716e-09,
       2.24342732e-09, 2.21683503e-09, 2.25642878e-09, 1.82384412e-09,
       1.94170254e-09, 1.40718802e-09, 2.25710539e-09, 2.23556746e-09,
       2.23115381e-09, 2.20574658e-09, 2.18801234e-09, 2.17194703e-09,
       1.93204809e-09, 2.08066662e-09, 2.06055086e-09, 2.29591984e-09,
       2.13833270e-09, 2.22425409e-09, 2.25305746e-09, 1.82175491e-09,
       2.20604741e-09, 2.24864188e-09, 2.22980949e-09, 2.25573421e-09,
       2.12872853e-09, 2.04048313e-09, 1.98833349e-09, 2.15996101e-09,
       2.25084058e-09, 2.22119825e-09, 2.22702865e-09, 2.23520988e-09,
       2.16203464e-09, 2.16490047e-09, 2.25252902e-09, 2.17762889e-09,
       1.95159959e-09, 2.17605639e-09, 2.24316838e-09, 1.78175907e-09,
       2.23695404e-09, 2.25960347e-09, 2.10854566e-09, 2.21222804e-09,
       2.16944942e-09, 2.19357924e-09, 2.15174304e-09, 1.92319093e-09,
       1.91852571e-09, 2.21293961e-09, 2.23237278e-09, 2.18227781e-09,
       2.16111432e-09, 2.23504303e-09, 2.19802979e-09, 1.88255670e-09,
       2.12597183e-09, 2.27004546e-09, 2.24475753e-09, 2.08966794e-09,
       2.17561171e-09, 1.95464232e-09, 2.25177593e-09, 1.96431701e-09,
       2.05891808e-09, 2.32723040e-09, 2.30765681e-09, 2.24966899e-09,
       2.23181073e-09, 2.30201770e-09, 2.26204326e-09, 2.22700914e-09,
       2.20372021e-09, 2.00989904e-09, 2.22133172e-09, 1.27642383e-09,
       2.25572632e-09, 2.24708988e-09, 2.27352528e-09, 2.24824226e-09,
       2.18631721e-09, 2.13260277e-09, 2.23636001e-09, 2.26915158e-09,
       2.20347134e-09, 2.09993382e-09, 1.63156863e-09, 2.16412325e-09,
       2.17311974e-09, 2.14505662e-09, 2.26235706e-09, 1.77355655e-09,
       2.22982056e-09, 2.19831393e-09, 2.24882655e-09, 2.03853818e-09,
       2.21803163e-09, 2.06140882e-09, 2.14100439e-09, 2.31396208e-09,
       2.27454343e-09, 1.93517388e-09, 2.09725972e-09, 2.00750819e-09,
       2.23156429e-09, 2.03570956e-09, 2.22892977e-09, 2.13837919e-09,
       2.03631141e-09, 2.08505187e-09, 2.03041616e-09, 1.84630060e-09,
       2.13787136e-09, 2.06368065e-09, 5.95902676e-07]), 'fs_0 - beta(p=7,n=3)': array([[-0.00124688,  0.00174   ,  0.0003714 ,  0.00033217, -0.00055559,
         0.00027056],
       [-0.00124687,  0.00174   ,  0.0003714 ,  0.00033217, -0.00055559,
         0.00027056],
       [-0.00124683,  0.00174   ,  0.00037139,  0.00033217, -0.00055558,
         0.00027056],
       ...,
       [-0.00124686,  0.00174   ,  0.00037139,  0.00033216, -0.00055558,
         0.00027056],
       [-0.00124686,  0.00174   ,  0.0003714 ,  0.00033217, -0.00055559,
         0.00027056],
       [-0.00124667,  0.00173977,  0.00037134,  0.00033212, -0.0005555 ,
         0.00027052]]), 'fs_1 - beta(p=365.25,n=10)': array([[ 0.01958274, -0.01298444, -0.0047172 , ..., -0.00537082,
         0.00574526, -0.00729047],
       [ 0.01958268, -0.01298442, -0.00471712, ..., -0.00537088,
         0.00574533, -0.00729047],
       [ 0.01958254, -0.01298441, -0.0047169 , ..., -0.00537089,
         0.00574532, -0.00729052],
       ...,
       [ 0.01958271, -0.01298445, -0.00471716, ..., -0.00537076,
         0.00574522, -0.00729057],
       [ 0.01958274, -0.01298444, -0.0047172 , ..., -0.00537079,
         0.00574522, -0.00729053],
       [ 0.01958232, -0.01298415, -0.00471675, ..., -0.00537006,
         0.0057449 , -0.00728957]])}"
