,0
0,"{'lt_0 - slope_shared': array(0.93066312), 'lt_0 - slope_sigma_log__': array(2.09969955), 'lt_0 - slope_z_offset': array([-1.17483246e-02, -1.20914166e-02,  1.99469634e-02, -1.14622562e-01,
        5.92964512e-02, -9.12899745e-02,  2.79276198e-02, -3.25898095e-02,
       -5.45699881e-02,  3.88398699e-02,  8.58327378e-02, -2.59488172e-01,
        2.20292878e-01,  2.73561894e-01,  1.29077598e-01,  1.96883694e-02,
       -7.58934825e-02, -5.67795705e-02, -2.51113335e-02, -6.02330337e-02,
        1.29427145e-01,  4.94886810e-02, -9.54059287e-02,  1.32523745e-01,
       -3.98874736e-02,  6.46219015e-03, -1.59419172e-03, -1.17407651e-01,
       -1.16830567e-01,  2.51920270e-02, -2.26781050e-01, -8.29200393e-04,
       -1.67876943e-01, -1.41143941e-01,  2.75538417e-02,  1.02808283e-01,
       -9.09937714e-02, -1.42190766e-01,  7.93961244e-02,  2.44892962e-02,
       -2.75292334e-01, -1.08355359e-01,  2.88180020e-01,  5.15905373e-02,
        1.83681321e-02,  9.77244900e-02,  3.00250581e-01, -2.14766171e-01,
        8.16214508e-02, -1.61404339e-01, -2.76271620e-01,  1.21741421e-01,
        2.68954433e-02,  3.33086892e-02, -9.47733724e-02, -1.28088800e-02,
        1.83500301e-02, -1.54116891e-01, -5.62663976e-02, -1.21081054e-01,
       -4.52857034e-02,  5.35215089e-03,  1.25532216e-01,  3.84904714e-02,
       -2.84628642e-01,  1.38819615e-02, -2.69805007e-01,  1.42005237e-01,
        2.34682883e-03,  3.37648459e-02,  1.17165867e-01,  1.04844692e-02,
       -3.15542758e-01,  1.17262693e-01, -2.24398097e-02,  3.45521798e-02,
       -1.05857952e-01, -6.74403201e-02, -3.32988836e-01, -2.36092748e-01,
        1.54261769e-01,  2.14930921e-01,  1.41938718e-02,  8.01430276e-02,
        1.41554915e-01,  1.41701360e-01,  1.60689752e-01, -2.33432562e-01,
        7.20258805e-02,  9.26338703e-02, -8.53541661e-02,  1.60880153e-01,
        2.89446405e-01,  8.82072242e-02,  2.45789217e-01, -1.28628629e-01,
        6.88083671e-02, -3.62827601e-01,  1.21854777e-02,  2.72936730e-01,
       -3.32085081e-02, -1.86414642e-01,  7.38205016e-03, -6.15197197e-02,
        9.72281728e-03,  3.12853862e-03,  1.54659869e-01,  6.04178254e-02,
        2.02380115e-01,  8.76864696e-04, -4.39148888e-02,  1.32056313e-01,
       -1.17190607e-01,  2.21978863e-01,  4.40119434e-02, -1.96770977e-01,
       -1.14779218e-02, -1.19283338e-01,  2.75989540e-01,  1.78730610e-01,
        1.78113755e-02,  1.69953864e-01,  1.99052818e-01,  2.30450949e-01,
        2.93220823e-01, -1.96902434e-02, -5.22832704e-01,  7.17720685e-02,
       -2.56837915e-01, -4.18874375e-02, -1.37811448e-01,  3.15437200e-03,
        3.16803307e-01, -5.26317395e-03,  2.17446835e-01,  1.74968058e-01,
       -5.17996606e-02,  7.89394788e-02, -8.20807555e-02,  1.22113429e-01,
        4.24854701e-02,  2.38274021e-01, -2.07498647e-02,  8.83214260e-02,
        2.54340961e-01, -1.68830033e-01,  2.30860088e-01,  1.50124400e-01,
        3.08149959e-01,  7.53937530e-02, -1.32917220e-01,  1.31364606e-01,
       -8.28836414e-02,  1.72133295e-02,  2.18328931e-01, -2.83881375e-01,
       -1.08522641e-01,  2.13875780e-01, -1.65242466e-02,  3.59611398e-02,
       -2.39360951e-01, -5.92293359e-04, -5.26519176e-02,  1.73345972e-01,
       -2.41431211e-01, -2.41811379e-01,  3.29059957e-02,  6.00458492e-02,
       -9.31411364e-02,  1.15054530e-01, -5.54174923e-02,  1.24332831e-01,
       -1.46858494e-01,  4.29751603e-02,  5.34839342e-02,  1.10029251e-01,
       -1.43700551e-01,  9.69631520e-02, -1.46705433e-01,  1.97928420e-01,
       -1.48596619e-01,  1.67926818e-01, -2.36571004e-01, -1.02115753e-02,
        1.24670433e-01, -1.19856707e-02, -2.80000540e-01, -1.87744743e-02,
        1.17819492e-01, -1.53542603e-01, -6.87119484e-02,  1.37301985e-01,
       -1.59139806e-02, -1.78206058e-01,  2.58651568e-01,  1.33331350e-01,
       -2.05500680e-02,  1.70119766e-01,  7.74915020e-02,  1.30937997e-02,
        7.73867099e-02,  1.19840269e-01,  4.18317219e-02,  3.63703847e-02,
       -1.14255994e-01, -4.31175694e-01, -8.75205925e-02,  7.53024315e-02,
       -5.99332461e-02,  1.42531187e-02, -3.00304866e-02, -2.49742948e-02,
        1.26630262e-01,  1.71218848e-01,  3.25709765e-03,  1.12132688e-01,
       -1.18563003e-01, -7.29678311e-02,  1.02512063e-01,  1.52161943e-01,
        1.60236443e-01,  1.39457665e-01, -1.73266967e-01, -5.92798514e-02,
        2.10690879e-01, -1.25511059e-01, -2.14491168e-01,  1.56399831e-01,
        1.97657830e-01,  9.52807574e-02,  2.21580885e-01, -1.71163002e-01,
       -2.02745322e-01,  1.42091855e-01,  8.26756634e-02,  8.24165697e-02,
       -2.00204524e-01,  2.88949422e-02, -1.77033938e-01, -5.22893178e-02,
        2.01396403e-02,  4.84194979e-02, -3.40226636e-02, -2.72405522e-02,
        8.22525768e-02, -3.72196141e-01,  2.83601705e-01, -3.05463414e-02,
       -1.93584276e-02,  1.68905081e-01, -1.37790730e-01,  1.34528567e-01,
       -1.10007018e-01, -1.40559528e-01, -5.10794631e-02,  1.53441153e-01,
       -1.79391279e-02, -4.90486005e-02,  1.77103674e-01, -1.03664581e-02,
       -1.36125399e-01, -1.15692390e-01, -1.19479501e-02,  1.06405656e-01,
       -1.62016036e-01,  1.14058063e-01, -1.20070385e-01, -9.94771423e-02,
        1.90992236e-01,  1.60863784e-01, -9.85371698e-02,  1.35247458e-01,
        1.13249179e-01, -1.09486002e-01,  2.09786347e-01, -1.86121448e-01,
       -4.26346459e-01,  5.31159386e-02, -2.91944960e-01,  8.39152703e-02,
        5.38352765e-02, -5.37979088e-03, -7.31188946e-02,  2.42370443e-02,
       -3.10687816e-01, -2.76895308e-01,  2.17261050e-01,  3.03624868e-01,
        4.30171202e-01, -2.66317059e-01,  2.82046930e-01, -1.87119590e-02,
        1.33208098e-01, -1.56391270e-01, -3.95803602e-01,  5.08472515e-02,
       -1.84990669e-01, -2.42687789e-01, -1.63672077e-01,  8.76524461e-02,
       -7.10395066e-02,  5.25199807e-02, -1.45131625e-01, -1.05953132e-01,
       -1.39794321e-01,  3.48165878e-01,  6.44847907e-02, -4.30339769e-02,
        1.24300588e-01,  4.03864572e-02,  8.35650024e-02,  5.42603144e-02,
       -3.59650014e-01,  9.67649176e-03,  1.71191918e-01,  2.62781974e-01,
        1.17447979e-01,  2.08130825e-02, -2.44985459e-01,  2.18269730e-01,
        1.68429243e-01,  1.01468637e-01, -6.19700619e-02, -2.50230098e-01,
       -1.80838190e-02,  1.87762739e-01, -4.07083520e-02, -9.15644650e-02,
        2.47719024e-01,  8.79514152e-02, -6.43801374e-03,  2.34817593e-01,
        4.60371762e-02, -2.10576988e-01,  1.52847367e-01, -3.43784936e-02,
       -6.43438096e-02, -7.96487929e-02,  1.11511109e-01,  4.17614197e-02,
       -3.56840681e-01, -1.82483297e-01,  2.21118085e-01, -2.77864900e-01,
       -1.93112764e-01, -1.63648698e-01, -2.61670102e-01, -1.92414665e-01,
        1.56989678e-01,  4.11163726e-02,  1.17866672e-01, -4.59198414e-02,
        1.71668761e-01,  1.59294912e-01,  8.17893881e-03, -5.56165673e-02,
        4.65620567e-02, -2.84210315e-01,  5.96668161e-02,  4.52102849e-02,
        1.91674156e-01,  6.23494821e-02, -2.20988813e-01, -7.69781386e-02,
       -2.73349165e-02,  2.44233727e-01,  1.24628833e-01, -2.84785938e-02,
        1.17940513e-01, -4.32235687e-02, -2.00591672e-01, -4.02386983e-02,
        1.43067098e-01, -7.21846866e-02, -2.21241845e-01, -8.82493768e-02,
        1.79399417e-01,  2.03162164e-01,  2.70658370e-01,  2.96513147e-02,
       -1.79054684e-03, -4.31239808e-02, -9.81127547e-02, -5.76219398e-03,
       -1.01923417e-01,  1.73161083e-01,  1.03406403e-01,  1.31740833e-01,
        4.14838357e-02,  1.16782767e-01,  2.80854431e-01,  2.16495024e-02,
        5.39220069e-02,  5.80724244e-02, -2.47741536e-01,  3.11245733e-01,
       -1.32451353e-02,  8.28633545e-02, -5.46497753e-03, -1.85955641e-01,
       -1.59108904e-01, -2.28693645e-02, -9.91610317e-02,  6.25168124e-02,
       -2.85939317e-02,  1.84432493e-02,  1.23130337e-01, -2.28714157e-01,
        5.11756621e-02,  5.55767707e-02, -3.94716066e-01,  6.01995307e-03,
       -5.20604102e-03,  2.26560278e-02, -1.00091713e-01, -2.11578452e-05,
       -5.17718269e-02,  1.35966242e-02, -7.84846929e-02, -3.34766196e-01,
        1.15430136e-01,  9.00787114e-03,  2.85111500e-01, -7.63632269e-02,
        2.56234164e-03,  2.94412897e-02, -2.96150129e-01,  3.06412141e-01,
        5.23263655e-02, -4.65756604e-02, -6.89714157e-02,  1.57982166e-01,
       -6.30411296e-01,  2.68439024e-01,  2.07367577e-02, -7.87558456e-03,
        6.41168932e-02, -2.28518648e-01,  1.85484957e-01,  2.75610561e-01,
        1.60008580e-01,  3.85895210e-02, -3.90472569e-02,  1.13521146e-01,
        7.26710803e-02,  5.65226247e-02, -1.64925883e-01, -2.65539947e-01,
       -2.29364402e-02,  1.89316288e-01]), 'lt_0 - delta': array([ 1.17736081e-01, -9.38144461e-01,  6.96250899e-01, -4.64669906e-01,
       -1.39665381e-01, -5.18627087e-02, -2.29110133e-03, -1.70946120e-02,
        2.06420446e-01, -1.51195954e-01, -5.21910617e-02, -4.11479297e-02,
        3.56743742e-03, -4.05995383e-02, -1.94210060e+00, -1.53895239e+00,
       -7.41239148e-02,  1.17542291e+00,  7.65089634e+00, -6.20420430e-01,
       -7.29057907e+00,  1.96728386e+00, -3.09223505e+00,  1.23744808e+01,
       -1.04139469e+01]), 'lt_0 - intercept': array([ 1.10067070e-01,  7.61176500e-02, -1.68697449e-01,  9.00355571e-01,
       -4.72950932e-01,  7.48653295e-01, -2.00093040e-01,  2.80697178e-01,
        4.11950285e-01, -2.93824172e-01, -6.56787332e-01,  2.05444403e+00,
       -1.78477623e+00, -2.21873752e+00, -1.03415142e+00, -1.71307769e-01,
        6.19481162e-01,  4.63056422e-01,  2.05108179e-01,  4.52423799e-01,
       -1.06476042e+00, -3.72232073e-01,  7.39934998e-01, -1.04721193e+00,
        3.32863099e-01, -3.99660022e-02,  4.89971634e-02,  8.02290512e-01,
        9.31851097e-01, -1.73387120e-01,  1.79892136e+00,  3.18445258e-02,
        1.34375843e+00,  1.09948233e+00, -1.95402638e-01, -8.08840435e-01,
        7.25096350e-01,  1.07130811e+00, -6.36910781e-01, -1.91368438e-01,
        2.18877960e+00,  8.86343649e-01, -2.35376066e+00, -3.87739602e-01,
       -1.59123645e-01, -7.65458323e-01, -2.45181956e+00,  1.71662393e+00,
       -6.35108102e-01,  1.29952304e+00,  2.20477933e+00, -9.46148271e-01,
       -2.05074495e-01, -2.44388113e-01,  7.14065305e-01,  9.59726957e-02,
       -1.22234615e-01,  1.22314869e+00,  4.40351974e-01,  9.05501005e-01,
        3.47952387e-01, -2.44631580e-02, -9.88449695e-01, -2.77441019e-01,
        2.24775025e+00, -9.51250218e-02,  2.14947761e+00, -1.11488361e+00,
       -6.46025452e-03, -2.76774747e-01, -9.14894027e-01, -9.25592288e-02,
        2.49409549e+00, -9.07705068e-01,  1.72715779e-01, -2.77682226e-01,
        8.44575611e-01,  5.39834932e-01,  2.60991849e+00,  1.89383059e+00,
       -1.23326591e+00, -1.75798887e+00, -9.43125579e-02, -6.33191508e-01,
       -1.13521580e+00, -1.10258366e+00, -1.25471423e+00,  1.82847468e+00,
       -5.83186125e-01, -7.30636078e-01,  6.35489754e-01, -1.32081651e+00,
       -2.36409088e+00, -7.32466679e-01, -1.99269529e+00,  1.00839515e+00,
       -5.78537054e-01,  2.83257455e+00, -8.40790301e-02, -2.25660531e+00,
        2.76645762e-01,  1.50176328e+00, -4.17778659e-02,  4.36141250e-01,
       -5.04332912e-02, -2.24434868e-02, -1.21372054e+00, -4.73023171e-01,
       -1.61404592e+00, -1.02143541e-02,  3.07887481e-01, -1.04783450e+00,
        9.36820167e-01, -1.79898960e+00, -3.37481264e-01,  1.57595838e+00,
        1.07302862e-01,  9.19357268e-01, -2.23982489e+00, -1.42934685e+00,
       -1.54549238e-01, -1.34092614e+00, -1.59809331e+00, -1.86174998e+00,
       -2.39996323e+00,  1.64777308e-01,  4.00186897e+00, -5.84988189e-01,
        2.04117597e+00,  3.43218958e-01,  1.10340938e+00, -1.13241332e-02,
       -2.59637791e+00,  6.38786720e-02, -1.74216722e+00, -1.39919115e+00,
        4.16007349e-01, -6.33233026e-01,  5.98966594e-01, -9.65079735e-01,
       -3.11431956e-01, -1.92962608e+00,  1.81368342e-01, -7.36581244e-01,
       -2.07845407e+00,  1.30008107e+00, -1.86730200e+00, -1.22174138e+00,
       -2.56010166e+00, -6.06259763e-01,  1.04441821e+00, -1.03638762e+00,
        6.64105439e-01, -1.91134438e-01, -1.80391107e+00,  2.14277149e+00,
        8.31724474e-01, -1.70814740e+00,  1.33054605e-01, -2.89263032e-01,
        1.91086255e+00, -2.87362466e-02,  4.00170846e-01, -1.36193377e+00,
        1.86228141e+00,  1.86962306e+00, -2.61262318e-01, -4.59405500e-01,
        7.40590524e-01, -8.84961615e-01,  4.48571431e-01, -9.81901678e-01,
        1.17020158e+00, -3.23120795e-01, -4.06144638e-01, -8.87236063e-01,
        1.12496227e+00, -8.27504049e-01,  1.16331070e+00, -1.62487501e+00,
        1.13661263e+00, -1.35667117e+00,  1.87921033e+00,  9.20267251e-02,
       -9.89453185e-01,  1.26823221e-01,  2.13163615e+00,  1.44375934e-01,
       -9.24629211e-01,  1.19615133e+00,  5.40063968e-01, -1.08371603e+00,
        1.23621554e-01,  1.31238321e+00, -2.13836797e+00, -1.07712332e+00,
        1.52041171e-01, -1.34232359e+00, -6.04408180e-01, -7.86062120e-02,
       -5.99573998e-01, -9.53288312e-01, -3.13169963e-01, -2.54844953e-01,
        8.99362960e-01,  3.40477574e+00,  7.17148123e-01, -5.89444206e-01,
        4.56933185e-01, -8.65731465e-02,  2.49840436e-01,  2.17702071e-01,
       -1.02498759e+00, -1.36631615e+00, -1.20931331e-02, -8.93011366e-01,
        9.53649807e-01,  5.80965592e-01, -8.26617108e-01, -1.22618232e+00,
       -1.28584626e+00, -1.08564341e+00,  1.37443439e+00,  4.89520576e-01,
       -1.68721215e+00,  1.01411285e+00,  1.68641549e+00, -1.25259278e+00,
       -1.58792492e+00, -7.36862070e-01, -1.76598048e+00,  1.15011288e+00,
        1.59253445e+00, -1.09844045e+00, -6.58257486e-01, -6.34422358e-01,
        1.61610567e+00, -2.47521689e-01,  1.40371728e+00,  4.40862879e-01,
       -1.47151811e-01, -4.02473606e-01,  2.85239582e-01,  2.43886563e-01,
       -6.30806749e-01,  2.93822651e+00, -2.31091339e+00,  2.70379645e-01,
        1.55359902e-01, -1.43951651e+00,  1.04238214e+00, -1.11158175e+00,
        8.48959418e-01,  1.13989433e+00,  4.25963959e-01, -1.21506068e+00,
        1.30225578e-01,  3.87662973e-01, -1.41269411e+00,  8.96760116e-02,
        1.07843785e+00,  9.24739282e-01,  1.06342050e-01, -8.10513161e-01,
        1.28337435e+00, -9.47130889e-01,  9.51379243e-01,  7.98486471e-01,
       -1.53957748e+00, -1.29066680e+00,  7.38378876e-01, -1.07089375e+00,
       -8.92507884e-01,  8.84285972e-01, -1.66820357e+00,  1.45372334e+00,
        3.34201421e+00, -3.89187972e-01,  2.29900321e+00, -6.48674749e-01,
       -4.07211281e-01,  5.57397492e-02,  5.95026230e-01, -1.73829755e-01,
        2.41119859e+00,  2.21811537e+00, -1.76739089e+00, -2.47957411e+00,
       -3.65833178e+00,  2.10419317e+00, -2.31041698e+00,  1.61108823e-01,
       -1.02711015e+00,  1.21494288e+00,  3.16315747e+00, -4.65629179e-01,
        1.42975002e+00,  1.88221133e+00,  1.31477727e+00, -6.90252143e-01,
        5.69685102e-01, -4.00081931e-01,  1.13356055e+00,  8.50160753e-01,
        1.10600522e+00, -2.88328363e+00, -5.39751653e-01,  2.17893867e-01,
       -9.78215610e-01, -3.15554405e-01, -6.63728230e-01, -4.63852339e-01,
        2.80595808e+00, -5.79338582e-02, -1.39670088e+00, -2.14694101e+00,
       -9.00377309e-01, -1.42412346e-01,  1.90373012e+00, -1.74529109e+00,
       -1.34304813e+00, -8.16860857e-01,  4.72116369e-01,  1.98707333e+00,
        1.68123301e-01, -1.49324964e+00,  3.49071750e-01,  6.91134796e-01,
       -2.01021697e+00, -6.79776778e-01,  5.23937362e-02, -1.89752163e+00,
       -3.36806711e-01,  1.67085562e+00, -1.19811684e+00,  2.42305934e-01,
        4.20584542e-01,  5.88994556e-01, -8.87332502e-01, -3.43326752e-01,
        2.79416504e+00,  1.42668278e+00, -1.77936928e+00,  2.20205696e+00,
        1.53278827e+00,  1.28412379e+00,  2.09421481e+00,  1.51377717e+00,
       -1.25779318e+00, -3.20284638e-01, -9.18958932e-01,  3.77970937e-01,
       -1.36486913e+00, -1.25921347e+00, -4.96494929e-02,  4.50943215e-01,
       -3.48753227e-01,  2.26173341e+00, -4.62933410e-01, -3.55746438e-01,
       -1.52029312e+00, -5.21017439e-01,  1.76328949e+00,  6.42807638e-01,
        1.87082452e-01, -1.96307810e+00, -9.68558987e-01,  2.26890035e-01,
       -9.43022943e-01,  3.52387825e-01,  1.57729244e+00,  2.99151963e-01,
       -1.15268984e+00,  5.92193164e-01,  1.71630205e+00,  7.06075499e-01,
       -1.43100199e+00, -1.65215787e+00, -2.18847989e+00, -2.05042428e-01,
        3.89528674e-02,  3.45714868e-01,  7.85640445e-01,  5.49923728e-02,
        8.24659935e-01, -1.36644684e+00, -7.91381796e-01, -1.02609790e+00,
       -3.13506797e-01, -9.34963832e-01, -2.32358479e+00, -1.69405795e-01,
       -4.04502444e-01, -4.53126932e-01,  1.96819728e+00, -2.60636082e+00,
        1.06058081e-01, -6.38729940e-01,  5.14744368e-02,  1.48890261e+00,
        1.28135497e+00,  1.35694060e-01,  7.73494755e-01, -4.70518808e-01,
        2.39208076e-01, -1.26523319e-01, -9.58601494e-01,  1.79705671e+00,
       -4.34610031e-01, -4.38736374e-01,  3.09923266e+00, -2.47628307e-02,
        6.44176460e-02, -1.78063269e-01,  8.21258442e-01, -3.54510589e-02,
        4.29685525e-01, -8.99601965e-02,  6.16468623e-01,  2.63359791e+00,
       -9.15035360e-01, -5.88982071e-02, -2.32502171e+00,  5.61612305e-01,
       -4.68837577e-04, -2.16541954e-01,  2.34886927e+00, -2.50162039e+00,
       -4.22231971e-01,  3.91186901e-01,  5.11579710e-01, -1.25276761e+00,
        4.84976614e+00, -2.17695393e+00, -1.52451284e-01,  7.65467360e-02,
       -4.96422051e-01,  1.81504348e+00, -1.61527793e+00, -2.23876062e+00,
       -1.28148408e+00, -2.91464811e-01,  3.12684052e-01, -8.85588185e-01,
       -5.67048351e-01, -4.17466176e-01,  1.25163419e+00,  2.08390244e+00,
        2.01107973e-01, -1.53042889e+00]), 'fs_0 - beta_shared': array([-0.00143814,  0.0006159 , -0.00094126, -0.0005194 ,  0.00014783,
       -0.00020102]), 'fs_0 - beta_sigma(p=7,n=3)_log__': array([-8.69402513, -8.72560562, -8.69304678, -8.69312068, -8.6872998 ,
       -8.6858081 ]), 'fs_0 - beta_z_offset(p=7,n=3)': array([[ 2.37612810e-03,  1.35156175e-03, -9.47269282e-04,
         2.26082395e-04,  1.35837033e-03,  8.44851445e-04],
       [ 1.97217313e-03,  2.00216143e-03, -3.13335701e-03,
         3.06138094e-03, -1.20665313e-03, -5.35846517e-04],
       [-1.02437590e-02, -1.16052252e-03, -1.06827726e-03,
        -2.73659611e-03, -6.28209518e-04, -6.79105617e-04],
       ...,
       [-8.34593742e-03, -1.89528214e-03,  5.18717618e-03,
         1.31886040e-03, -4.32257420e-03,  6.64732090e-04],
       [-1.01093401e-03, -2.61342449e-03,  1.88200423e-03,
        -5.86270574e-04, -3.88357720e-04, -5.30185724e-05],
       [ 1.15206122e-01, -3.55688779e-02,  7.67979052e-02,
         4.00897067e-02, -1.26790118e-02,  1.54411009e-02]]), 'fs_1 - beta_shared': array([ 0.01184074, -0.01061532, -0.0128845 ,  0.00016376, -0.0341583 ,
       -0.00131316, -0.01723918,  0.00427777, -0.00421968,  0.0035762 ,
        0.00308147,  0.00404239,  0.00510121,  0.00085982,  0.00565463,
       -0.00450837, -0.00016724, -0.00142146, -0.01347162,  0.01709749]), 'fs_1 - beta_sigma(p=365.25,n=10)_log__': array([-7.36116935, -8.6293366 , -4.38650332, -8.25868364, -4.17725371,
       -6.69819783, -5.63877019, -4.54940129, -7.72274888, -6.09337126,
       -8.18309975, -8.17857559, -7.69516482, -8.5512909 , -7.92188189,
       -8.17023015, -8.54671606, -8.23745934, -6.7132761 , -5.91764147]), 'fs_1 - beta_z_offset(p=365.25,n=10)': array([[-1.33221398e-02,  4.93345145e-03, -1.47787202e-01, ...,
        -9.61111686e-03, -2.84840065e-02, -1.43540778e-02],
       [-1.24828149e-02,  4.63620103e-03, -1.51619386e-01, ...,
        -5.57437073e-02,  1.84467053e-02, -1.02121688e-01],
       [ 6.89894777e-03, -2.63946881e-03,  1.54745984e-01, ...,
        -5.36565856e-03, -2.07675666e-02,  2.67043587e-02],
       ...,
       [-1.50721750e-01, -1.67095519e-03, -2.39530461e+00, ...,
         9.68235397e-03,  5.69892378e-03,  7.91089515e-02],
       [-2.24492083e-02,  9.69065686e-03, -2.73561299e-01, ...,
        -2.09789992e-02, -4.97225233e-02, -3.47458105e-02],
       [ 3.39584416e-01,  3.17430885e-01,  8.16528407e-01, ...,
         5.75453439e-03,  1.94353044e+00, -2.43561536e+00]]), 'sigma_log__': array(-3.34984456), 'lt_0 - slope_sigma': array(8.1637168), 'fs_0 - beta_sigma(p=7,n=3)': array([0.00016758, 0.00016237, 0.00016775, 0.00016774, 0.00016871,
       0.00016897]), 'fs_1 - beta_sigma(p=365.25,n=10)': array([0.00063545, 0.00017878, 0.01244417, 0.000259  , 0.01534058,
       0.00123313, 0.00355724, 0.01057353, 0.00044264, 0.00225778,
       0.00027933, 0.0002806 , 0.00045502, 0.0001933 , 0.00036272,
       0.00028295, 0.00019418, 0.00026456, 0.00121468, 0.00269154]), 'sigma': array(0.03508981), 'lt_0 - slope': array([ 8.34753123e-01,  8.31952217e-01,  1.09350448e+00, -5.08301393e-03,
        1.41474255e+00,  1.85397620e-01,  1.15865630e+00,  6.64609144e-01,
        4.85169190e-01,  1.24774082e+00,  1.63137728e+00, -1.18772483e+00,
        2.72907178e+00,  3.16394495e+00,  1.98441607e+00,  1.09139339e+00,
        3.11090220e-01,  4.67130785e-01,  7.25661304e-01,  4.38937690e-01,
        1.98726967e+00,  1.33467469e+00,  1.51796136e-01,  2.01254945e+00,
        6.05033080e-01,  9.83418609e-01,  9.17648589e-01, -2.78196923e-02,
       -2.31085476e-02,  1.13632369e+00, -9.20713149e-01,  9.23893761e-01,
       -4.39836698e-01, -2.21596047e-01,  1.15560488e+00,  1.76996082e+00,
        1.87815739e-01, -2.30142022e-01,  1.57883059e+00,  1.13058680e+00,
       -1.31674553e+00,  4.60806535e-02,  3.28328319e+00,  1.35183365e+00,
        1.08061535e+00,  1.72845818e+00,  3.38182383e+00, -8.22627075e-01,
        1.59699753e+00, -3.86996195e-01, -1.32474015e+00,  1.92452560e+00,
        1.15022990e+00,  1.20258582e+00,  1.56960146e-01,  8.26095050e-01,
        1.08046757e+00, -3.27503530e-01,  4.71320183e-01, -5.78083186e-02,
        5.60963461e-01,  9.74356562e-01,  1.95547258e+00,  1.24488843e+00,
       -1.39296451e+00,  1.04399152e+00, -1.27194855e+00,  2.08995366e+00,
        9.49821964e-01,  1.20630976e+00,  1.88717207e+00,  1.01625536e+00,
       -1.64533859e+00,  1.88796254e+00,  7.47470867e-01,  1.21273733e+00,
        6.64687795e-02,  3.80099444e-01, -1.78776343e+00, -9.96731212e-01,
        2.19001251e+00,  2.68529829e+00,  1.04653787e+00,  1.58492810e+00,
        2.08627736e+00,  2.08747289e+00,  2.24248875e+00, -9.75014210e-01,
        1.51866201e+00,  1.68689980e+00,  2.33855879e-01,  2.24404312e+00,
        3.29362160e+00,  1.65076192e+00,  2.93721668e+00, -1.19424583e-01,
        1.49239514e+00, -2.03135866e+00,  1.03014191e+00,  3.15884129e+00,
        6.59558263e-01, -5.91173228e-01,  9.90928085e-01,  4.28433549e-01,
        1.01003745e+00,  9.56203622e-01,  2.19326249e+00,  1.42389713e+00,
        2.58283706e+00,  9.37821593e-01,  5.72154403e-01,  2.00873346e+00,
       -2.60478089e-02,  2.74283569e+00,  1.28996416e+00, -6.75719411e-01,
        8.36960616e-01, -4.31322745e-02,  3.18376356e+00,  2.38976920e+00,
        1.07607014e+00,  2.31811834e+00,  2.55567395e+00,  2.81199940e+00,
        3.32443488e+00,  7.69917548e-01, -3.33759501e+00,  1.51658996e+00,
       -1.16608889e+00,  5.88705941e-01, -1.94390511e-01,  9.56414518e-01,
        3.51695560e+00,  8.87696057e-01,  2.70583750e+00,  2.35905279e+00,
        5.07785359e-01,  1.57510267e+00,  2.60579076e-01,  1.92756257e+00,
        1.27750246e+00,  2.87586475e+00,  7.61267099e-01,  1.65169423e+00,
        3.00703069e+00, -4.47617456e-01,  2.81533950e+00,  2.15623620e+00,
        3.44631212e+00,  1.54615637e+00, -1.54435426e-01,  2.00308656e+00,
        2.54024543e-01,  1.07118787e+00,  2.71303868e+00, -1.38686403e+00,
        4.47150128e-02,  2.67668442e+00,  7.95763849e-01,  1.22423968e+00,
       -1.02341190e+00,  9.25827803e-01,  5.00827775e-01,  2.34581054e+00,
       -1.04031291e+00, -1.04341650e+00,  1.19929835e+00,  1.42086043e+00,
        1.70285259e-01,  1.86993571e+00,  4.78250405e-01,  1.94568114e+00,
       -2.68248032e-01,  1.28150016e+00,  1.36729081e+00,  1.82891076e+00,
       -2.42467483e-01,  1.72224283e+00, -2.66998492e-01,  2.54649469e+00,
       -2.82437597e-01,  2.30157011e+00, -1.00063556e+00,  8.47298709e-01,
        1.94843723e+00,  8.32815498e-01, -1.35518200e+00,  7.77393627e-01,
        1.89250808e+00, -3.22815213e-01,  3.69718231e-01,  2.05155764e+00,
        8.00745887e-01, -5.24160667e-01,  3.04222127e+00,  2.01914250e+00,
        7.62898183e-01,  2.31947271e+00,  1.56328179e+00,  1.03755719e+00,
        1.56242630e+00,  1.90900514e+00,  1.27216545e+00,  1.22758064e+00,
       -2.09046244e-03, -2.58933313e+00,  2.16169787e-01,  1.54541084e+00,
        4.41385071e-01,  1.04702154e+00,  6.85502730e-01,  7.26780048e-01,
        1.96443672e+00,  2.32844530e+00,  9.57253141e-01,  1.84608263e+00,
       -3.72516574e-02,  3.34974410e-01,  1.76754257e+00,  2.17287013e+00,
        2.23878806e+00,  2.06915600e+00, -4.83839330e-01,  4.46719200e-01,
        2.65068379e+00, -9.39736189e-02, -8.20382033e-01,  2.20746704e+00,
        2.54428566e+00,  1.70850824e+00,  2.73958671e+00, -4.66663155e-01,
       -7.24492271e-01,  2.09066078e+00,  1.60560382e+00,  1.60348865e+00,
       -7.03749920e-01,  1.16655324e+00, -5.14591815e-01,  5.03787936e-01,
        1.09507744e+00,  1.32594619e+00,  6.52911728e-01,  7.08278965e-01,
        1.60214986e+00, -2.10784077e+00,  3.24590712e+00,  6.81291438e-01,
        7.72626398e-01,  2.30955637e+00, -1.94221380e-01,  2.02891624e+00,
        3.25969764e-02, -2.16825065e-01,  5.13664847e-01,  2.18331324e+00,
        7.84213159e-01,  5.30244235e-01,  2.37648735e+00,  8.46034290e-01,
       -1.80626088e-01, -1.38167902e-02,  8.33123437e-01,  1.79932876e+00,
       -3.91989915e-01,  1.86180084e+00, -4.95574989e-02,  1.18559901e-01,
        2.48986965e+00,  2.24390950e+00,  1.26233570e-01,  2.03478506e+00,
        1.85519734e+00,  3.68504056e-02,  2.64329945e+00, -5.88779675e-01,
       -2.54990863e+00,  1.36428660e+00, -1.45269285e+00,  1.61572362e+00,
        1.37015907e+00,  8.86744029e-01,  3.33741171e-01,  1.12852748e+00,
       -1.60570422e+00, -1.32983176e+00,  2.70432080e+00,  3.40937055e+00,
        4.44245899e+00, -1.24347393e+00,  3.23321438e+00,  7.77903985e-01,
        2.01813630e+00, -3.46070917e-01, -2.30056539e+00,  1.34576568e+00,
       -5.79548311e-01, -1.05057126e+00, -4.05509369e-01,  1.64623287e+00,
        3.50716705e-01,  1.35942137e+00, -2.54150366e-01,  6.56917586e-02,
       -2.10578127e-01,  3.77299074e+00,  1.45709869e+00,  5.79345918e-01,
        1.94541792e+00,  1.26036672e+00,  1.61286413e+00,  1.37362896e+00,
       -2.00541774e+00,  1.00965926e+00,  2.32822545e+00,  3.07594073e+00,
        1.88947516e+00,  1.10057523e+00, -1.06932879e+00,  2.71255538e+00,
        2.30567176e+00,  1.75902434e+00,  4.24757083e-01, -1.11214453e+00,
        7.83031941e-01,  2.46350495e+00,  5.98331661e-01,  1.83156758e-01,
        2.95297108e+00,  1.64867356e+00,  8.78104997e-01,  2.84764745e+00,
        1.30649759e+00, -7.88427778e-01,  2.17846574e+00,  6.50006833e-01,
        4.05378479e-01,  2.80432930e-01,  1.84100823e+00,  1.27159152e+00,
       -1.98248315e+00, -5.59078836e-01,  2.73580854e+00, -1.33774723e+00,
       -6.45854798e-01, -4.05318509e-01, -1.20553749e+00, -6.40155716e-01,
        2.21228239e+00,  1.26632554e+00,  1.89289325e+00,  5.55786538e-01,
        2.33211827e+00,  2.23110166e+00,  9.97433658e-01,  4.76625214e-01,
        1.31078256e+00, -1.38954940e+00,  1.41776611e+00,  1.29974708e+00,
        2.49543665e+00,  1.43966663e+00, -8.73426966e-01,  3.02235396e-01,
        7.07508602e-01,  2.92451810e+00,  1.94809761e+00,  6.98171944e-01,
        1.89349607e+00,  5.77798145e-01, -7.06910483e-01,  6.02165781e-01,
        2.09862239e+00,  3.41367780e-01, -8.75492646e-01,  2.10220199e-01,
        2.39522915e+00,  2.58922149e+00,  3.14024140e+00,  1.17272805e+00,
        9.16045601e-01,  5.78611152e-01,  1.29698375e-01,  8.83622199e-01,
        9.85892040e-02,  2.34430116e+00,  1.77484370e+00,  2.00615797e+00,
        1.26932540e+00,  1.88404455e+00,  3.22347915e+00,  1.10740353e+00,
        1.37086711e+00,  1.40474994e+00, -1.09182862e+00,  3.47158513e+00,
        8.22533585e-01,  1.60713608e+00,  8.86048590e-01, -5.87426071e-01,
       -3.68256910e-01,  7.43964103e-01,  1.21140538e-01,  1.44103267e+00,
        6.97230358e-01,  1.08122858e+00,  1.93586432e+00, -9.36494491e-01,
        1.34844673e+00,  1.38437613e+00, -2.29168706e+00,  9.79808310e-01,
        8.88162474e-01,  1.11562051e+00,  1.13542721e-01,  9.30490392e-01,
        5.08012585e-01,  1.04166211e+00,  2.89936313e-01, -1.80227330e+00,
        1.87300206e+00,  1.00420083e+00,  3.25823266e+00,  3.07255360e-01,
        9.51581350e-01,  1.17101347e+00, -1.48702266e+00,  3.43212506e+00,
        1.35784075e+00,  5.50432617e-01,  3.67600014e-01,  2.22038478e+00,
       -4.21583617e+00,  3.12212329e+00,  1.09995214e+00,  8.66369076e-01,
        1.45409528e+00, -9.34898410e-01,  2.44490978e+00,  3.18066969e+00,
        2.23692785e+00,  1.24569704e+00,  6.11892371e-01,  1.85741761e+00,
        1.52392924e+00,  1.39209782e+00, -4.15745086e-01, -1.23712981e+00,
        7.43416516e-01,  2.47618768e+00]), 'fs_0 - beta(p=7,n=3)': array([[-0.00143774,  0.00061612, -0.00094142, -0.00051936,  0.00014806,
        -0.00020088],
       [-0.00143781,  0.00061622, -0.00094178, -0.00051888,  0.00014763,
        -0.00020111],
       [-0.00143986,  0.00061571, -0.00094144, -0.00051986,  0.00014773,
        -0.00020114],
       ...,
       [-0.00143954,  0.00061559, -0.00094039, -0.00051918,  0.0001471 ,
        -0.00020091],
       [-0.00143831,  0.00061548, -0.00094094, -0.0005195 ,  0.00014777,
        -0.00020103],
       [-0.00141883,  0.00061012, -0.00092837, -0.00051267,  0.00014569,
        -0.00019841]]), 'fs_1 - beta(p=365.25,n=10)': array([[ 0.01183228, -0.01061444, -0.01472359, ..., -0.001424  ,
        -0.01350622,  0.01705885],
       [ 0.01183281, -0.01061449, -0.01477128, ..., -0.0014362 ,
        -0.01344921,  0.01682262],
       [ 0.01184513, -0.01061579, -0.01095882, ..., -0.00142288,
        -0.01349685,  0.01716936],
       ...,
       [ 0.01174497, -0.01061562, -0.04269207, ..., -0.0014189 ,
        -0.0134647 ,  0.01731041],
       [ 0.01182648, -0.01061359, -0.01628874, ..., -0.00142701,
        -0.01353202,  0.01700397],
       [ 0.01205653, -0.01055857, -0.00272349, ..., -0.00141993,
        -0.01111086,  0.01054193]])}"
