,0
0,"{'lt_0 - slope': array([-0.04765071,  0.24235689,  0.03612391, -0.44937767,  0.26567594,
       -0.34348372,  0.10129832,  0.08282277, -0.1121977 ,  0.14370612,
        0.32179696, -0.22419886,  1.35861625,  1.73542537,  0.59902272,
        0.05667038, -0.28778931, -0.01878   , -0.20567187,  0.22699855,
        0.65889527,  0.23389494,  0.03919965,  0.6828117 , -0.04123645,
        0.20273826, -0.73722332,  0.16036492, -0.43024658, -0.05926579,
       -0.24227452, -0.07549173, -0.13802267,  0.03736786, -0.05588729,
        0.42929664, -0.16433955, -0.07844383,  0.32163482,  0.1768177 ,
       -0.24276436, -0.33264166,  1.89824918,  0.183997  ,  0.27583478,
        0.37458329,  1.9655025 , -0.49235026,  0.35087354, -0.3099504 ,
       -0.32156208,  0.55376627,  0.18891485,  0.19625523, -0.11414294,
        0.07770496, -0.19511384, -0.28364317,  0.27729823, -0.09506064,
       -0.09089738, -0.02892884,  0.63774331,  0.09641205, -0.3451918 ,
        0.04178828, -0.30310172,  0.69270152,  0.00721013,  0.15963633,
        0.5312119 , -0.01297936, -0.26427234,  0.53981889,  0.23503339,
        0.10708081, -0.07752757, -0.20504082, -0.30647826, -0.34223974,
        0.89091995,  1.11711367,  0.05409003,  0.45203001,  0.82584851,
        0.71495056,  0.99427098, -0.25041013,  0.17587737,  0.45384259,
        0.0762151 ,  0.74333153,  1.83056218,  0.5596753 ,  1.41250359,
       -0.21085151,  0.3939841 , -0.43381492, -0.09688424,  1.80107729,
       -0.21210383, -0.12102051,  0.15010824, -0.11700911, -0.33006956,
        0.13169766,  0.87185483,  0.26066744,  1.36459824,  0.30968099,
        0.09394   ,  0.61252506, -0.30844116,  1.26098818,  0.30890184,
       -0.32851104, -0.28160398, -0.27306604,  1.5879581 ,  1.01950963,
        0.22929341,  0.96743559,  1.1499471 ,  1.54524104,  1.58580872,
       -0.170897  , -0.29361153,  0.40672427, -0.11965174,  0.12352628,
       -0.2410016 , -0.17079262,  1.78089028,  0.05593923,  1.58947901,
        1.06249821, -0.10806504,  0.37393095,  0.05010184,  0.70041826,
        0.15569606,  1.54957601,  0.16226793,  0.49006852,  1.67746416,
       -0.03067258,  1.49154324,  0.86060023,  1.50846334,  0.34344761,
       -0.03302551,  0.74031192, -0.24959733,  0.36511558,  1.19507764,
        0.16360148, -0.25340955,  1.41754842, -0.0245195 ,  0.02456463,
       -0.3407635 ,  0.22223318, -0.08893176,  1.08339549, -0.22417153,
       -0.21884278,  0.09613795,  0.0953768 , -0.37894175,  0.47121702,
       -0.16978682,  0.56319902, -0.33765326,  0.12455998,  0.15441391,
        0.669445  , -0.17458077,  0.66889039, -0.29668437,  1.17055636,
       -0.2025826 ,  0.86048768, -0.47679812,  0.23464429,  0.59162695,
       -0.08501824, -0.14964902,  0.00831687,  0.55228484, -0.21131441,
       -0.13619536,  0.73336846,  0.17078079, -0.05537246,  1.45866948,
        0.80010691,  0.17352556,  1.03074015,  0.30486246,  0.03859954,
        0.36690645,  0.57477528,  0.04413579,  0.12809631,  0.0362709 ,
       -0.43476054, -0.34669148,  0.26643088, -0.28257584, -0.0234844 ,
       -0.16932802, -0.00804926,  0.73937783,  1.09096725, -0.12370472,
        0.63682383, -0.18339081, -0.14186675,  0.59733066,  0.72775159,
        0.9696188 ,  0.70849371, -0.19741772, -0.16883476,  1.44137857,
       -0.23478459, -0.18934363,  0.8184501 ,  1.21764556,  0.33162061,
        1.62850999,  0.17816663, -0.34288937,  0.72446046,  0.38906379,
        0.27853133, -0.33928711,  0.29928744, -0.35779267, -0.10642951,
        0.23734624,  0.01320166, -0.10577082, -0.13588712,  0.06235293,
       -0.1895546 ,  1.71417544, -0.08469765,  0.06470154,  0.99663947,
        0.03778178,  0.74181331, -0.16791427, -0.30074808, -0.18657486,
        0.90118829,  0.0080218 ,  0.02346159,  1.10025535,  0.01152465,
       -0.28313274, -0.18117696,  0.07623633,  0.3653117 , -0.11536607,
        0.60627775, -0.0653863 , -0.20383959,  1.14027871,  0.81353531,
       -0.07412663,  0.80103196,  0.55991505, -0.04865215,  1.51485806,
       -0.33946801, -0.29982602, -0.07712383, -0.18301885,  0.45259073,
        0.20054608, -0.05424254, -0.31891049, -0.0371991 , -0.22599346,
       -0.29821084,  1.32590158,  1.82076882,  1.61015009, -0.32199745,
        1.87272778, -0.06665146,  0.65281452, -0.13503269, -0.26338061,
        0.37610844, -0.35889852, -0.24751607, -0.30359801,  0.36224109,
        0.13145695,  0.08243537, -0.11845532, -0.13640016, -0.14484934,
        1.9473534 ,  0.50202312,  0.18526301,  0.66757087,  0.09516498,
        0.3953053 ,  0.36648405, -0.12368185, -0.03317352,  0.94147807,
        1.68626605,  0.43188093, -0.08339852, -0.28206977,  1.55445439,
        1.04259599,  0.5246656 , -0.1104048 , -0.5432299 , -0.14801748,
        1.3417715 , -0.18302004, -0.05343182,  1.5819386 ,  0.36034238,
       -0.07123639,  1.60811368,  0.03918205, -0.15254446,  0.89587837,
       -0.03343191,  0.05243344, -0.04044591,  0.56079121,  0.39670976,
       -0.25378802, -0.06536218,  1.47015785, -0.40524279, -0.30944863,
       -0.15467201, -0.42757843, -0.14399246,  0.82153804,  0.24833092,
        0.61258115, -0.18272082,  1.03739891,  1.05160568, -0.16162204,
       -0.03467176,  0.18744506, -0.28979015,  0.24672871,  0.04569451,
        1.26569235,  0.4175853 , -0.17036672, -0.1211973 , -0.03711369,
        1.76465717,  0.58937311, -0.05192825,  0.54748232, -0.16160325,
       -0.35146456,  0.1676182 ,  0.76935299, -0.3705701 , -0.11245411,
       -0.02651438,  0.99076549,  1.24134258,  2.07007461, -0.06248367,
        0.14374198, -0.14939244, -0.17600341,  0.06556829, -0.31052735,
        1.10397361,  0.3987947 ,  0.64331107,  0.18435275,  0.60019627,
        1.37029512,  0.0228928 , -0.03257825,  0.18155503, -0.05844957,
        1.63375194, -0.13505461,  0.29018695,  0.03479226, -0.42473064,
       -0.22196348,  0.23537616,  0.04101588,  0.09552513, -0.19705416,
        0.16594528,  0.62765925, -0.17496931,  0.22567543,  0.21941463,
       -0.34343684, -0.17844523, -0.13185877,  0.137099  , -0.17675417,
        0.17221901,  0.00790544,  0.01138649, -0.0365573 , -0.23908114,
        0.61262953,  0.26835652,  1.89170394, -0.08642594, -0.04383765,
        0.10459328, -0.30611766,  1.89192932,  0.42984131, -0.18650706,
       -0.04826069,  0.99163448, -0.20451981,  1.6684685 , -0.03136652,
       -0.21521301,  0.27769386, -0.36027493,  0.97004288,  1.7974843 ,
        0.83672617, -0.05977293, -0.11822129,  0.56124016,  0.34022142,
        0.22469059,  0.00447365, -0.31206598,  0.03343501]), 'lt_0 - intercept': array([ 1.00286498e+00,  7.01875406e-01,  9.03083969e-01,  1.38337539e+00,
        6.75036925e-01,  1.29775763e+00,  8.55499358e-01,  8.83707258e-01,
        1.04930892e+00,  8.15243659e-01,  6.38769930e-01,  1.17486163e+00,
       -4.24968855e-01, -7.88643973e-01,  3.55267872e-01,  8.78473425e-01,
        1.23745135e+00,  9.77216879e-01,  1.14704873e+00,  7.32849943e-01,
        2.82374873e-01,  7.21112508e-01,  9.09212793e-01,  2.71094495e-01,
        9.99026326e-01,  7.54725447e-01,  1.67592960e+00,  7.69133431e-01,
        1.37330205e+00,  1.01647643e+00,  1.19462440e+00,  1.03332320e+00,
        1.09816225e+00,  9.16018222e-01,  1.00712736e+00,  5.22497138e-01,
        1.11622908e+00,  1.01923891e+00,  6.31854674e-01,  7.78486857e-01,
        1.19892718e+00,  1.28873705e+00, -9.59417168e-01,  7.72091256e-01,
        6.72945827e-01,  5.78337925e-01, -1.02325970e+00,  1.44512726e+00,
        6.00202385e-01,  1.26711948e+00,  1.27770872e+00,  4.06903801e-01,
        7.67506021e-01,  7.64826942e-01,  1.04834890e+00,  8.72165655e-01,
        1.14219133e+00,  1.23069144e+00,  6.84149106e-01,  1.02757619e+00,
        1.03132346e+00,  9.80722782e-01,  3.15080471e-01,  8.66290953e-01,
        1.29250008e+00,  9.10948688e-01,  1.25771316e+00,  2.63078160e-01,
        9.42927176e-01,  7.89498575e-01,  4.15366634e-01,  9.54232299e-01,
        1.21554053e+00,  4.26568507e-01,  7.23349707e-01,  8.39765124e-01,
        1.03990042e+00,  1.15277493e+00,  1.25214768e+00,  1.29705723e+00,
        6.37624927e-02, -1.75175322e-01,  9.01781728e-01,  4.99238326e-01,
        1.23494063e-01,  2.41324134e-01, -6.01141477e-02,  1.19577074e+00,
        7.64856196e-01,  4.96304439e-01,  8.73419905e-01,  2.03539364e-01,
       -8.91714304e-01,  3.88942324e-01, -4.61451748e-01,  1.15463351e+00,
        5.46657014e-01,  1.37497419e+00,  1.04003617e+00, -8.68266461e-01,
        1.16169545e+00,  1.08546705e+00,  8.11453002e-01,  1.05464446e+00,
        1.27480837e+00,  8.24655714e-01,  9.07694725e-02,  6.96231339e-01,
       -4.14865887e-01,  6.46884493e-01,  8.46054357e-01,  3.35179541e-01,
        1.25758943e+00, -3.11443850e-01,  6.50524353e-01,  1.28273284e+00,
        1.22487123e+00,  1.21584240e+00, -6.39023418e-01, -6.68011163e-02,
        7.22314517e-01, -1.79801963e-02, -1.92952685e-01, -6.09641093e-01,
       -6.44954306e-01,  1.11459731e+00,  1.22520543e+00,  5.47002850e-01,
        1.08103394e+00,  8.38736713e-01,  1.19437594e+00,  1.11700030e+00,
       -8.37962049e-01,  9.06809037e-01, -6.51518495e-01, -1.23157790e-01,
        1.05681702e+00,  5.77989347e-01,  8.93169112e-01,  2.64306899e-01,
        8.05169161e-01, -6.07561199e-01,  7.98706150e-01,  4.55867533e-01,
       -7.40727574e-01,  9.75695743e-01, -5.53592404e-01,  8.10375148e-02,
       -5.71638738e-01,  6.09120450e-01,  9.88440181e-01,  2.21965801e-01,
        1.19909271e+00,  5.82506854e-01, -2.51907282e-01,  7.86782743e-01,
        1.19160834e+00, -4.77624727e-01,  9.69242676e-01,  9.19180360e-01,
        1.29397216e+00,  7.27943076e-01,  1.02944918e+00, -1.27536649e-01,
        1.16086420e+00,  1.16020529e+00,  8.48171447e-01,  8.52364305e-01,
        1.32648358e+00,  4.85717277e-01,  1.11714619e+00,  4.02648580e-01,
        1.28534311e+00,  8.24837231e-01,  7.95264005e-01,  2.82149232e-01,
        1.12181257e+00,  2.70741273e-01,  1.24326126e+00, -2.29361995e-01,
        1.13825516e+00,  8.61684193e-02,  1.42481171e+00,  7.33043382e-01,
        3.59841979e-01,  1.04693931e+00,  1.08919712e+00,  9.34960777e-01,
        3.96898766e-01,  1.15674736e+00,  1.08033227e+00,  2.19514780e-01,
        7.81428509e-01,  9.86424907e-01, -5.16627852e-01,  1.37700052e-01,
        7.82031539e-01, -7.47675371e-02,  6.41614294e-01,  9.20032062e-01,
        5.85862921e-01,  3.73247221e-01,  9.08850803e-01,  8.41636665e-01,
        9.22517775e-01,  1.38669174e+00,  1.29737255e+00,  6.80433694e-01,
        1.22051985e+00,  9.79511618e-01,  1.11480545e+00,  9.74190144e-01,
        2.13494007e-01, -1.45480036e-01,  1.06949223e+00,  3.22822849e-01,
        1.13858523e+00,  1.08955527e+00,  3.61954723e-01,  2.27962768e-01,
       -3.46767855e-02,  2.52867177e-01,  1.15193705e+00,  1.12546610e+00,
       -4.92746619e-01,  1.19013966e+00,  1.13788344e+00,  1.19772867e-01,
       -2.76879911e-01,  6.14865804e-01, -6.78439796e-01,  7.55322391e-01,
        1.28289689e+00,  2.30968062e-01,  5.53530525e-01,  6.75110093e-01,
        1.30017204e+00,  6.51427354e-01,  1.30457502e+00,  1.06483861e+00,
        7.23699031e-01,  9.21240473e-01,  1.05907500e+00,  1.09381328e+00,
        8.80834659e-01,  1.14076325e+00, -7.70160041e-01,  1.04695846e+00,
        8.85837080e-01, -5.31957097e-02,  9.00314564e-01,  2.07404211e-01,
        1.11047924e+00,  1.25896846e+00,  1.14308209e+00,  4.72245695e-02,
        9.36943091e-01,  9.30023852e-01, -1.67615050e-01,  9.40664588e-01,
        1.22909357e+00,  1.13728905e+00,  8.81686284e-01,  5.93643151e-01,
        1.07097058e+00,  3.35580992e-01,  1.02180315e+00,  1.15697824e+00,
       -1.94025517e-01,  1.28061839e-01,  1.01643925e+00,  1.50331136e-01,
        4.03540267e-01,  1.00913684e+00, -5.67784022e-01,  1.27857242e+00,
        1.24705630e+00,  1.02840590e+00,  1.13125852e+00,  5.09079335e-01,
        7.53400292e-01,  1.00510137e+00,  1.26698808e+00,  9.87249523e-01,
        1.16697517e+00,  1.25738418e+00, -3.89013771e-01, -8.75065271e-01,
       -6.82044568e-01,  1.27182800e+00, -9.34340144e-01,  1.01941653e+00,
        3.10482113e-01,  1.08367014e+00,  1.22706149e+00,  5.64108727e-01,
        1.30051968e+00,  1.18377804e+00,  1.25864005e+00,  5.99119980e-01,
        8.28087097e-01,  8.64833503e-01,  1.06350442e+00,  1.09373629e+00,
        1.09906080e+00, -1.00943320e+00,  4.55659358e-01,  7.47188452e-01,
        2.90185336e-01,  8.49645305e-01,  5.56452985e-01,  5.81082020e-01,
        1.07535551e+00,  9.87172950e-01, -6.77623285e-04, -7.50231985e-01,
        5.28151485e-01,  1.03401747e+00,  1.22028675e+00, -6.05468328e-01,
       -9.60392092e-02,  4.33907216e-01,  1.05120098e+00,  1.49008289e+00,
        1.10483335e+00, -4.11949377e-01,  1.13980960e+00,  9.91023127e-01,
       -6.43237631e-01,  5.96945452e-01,  1.01261548e+00, -6.71229964e-01,
        9.32637032e-01,  1.10667607e+00,  6.57202994e-02,  9.69792150e-01,
        8.78166190e-01,  9.74000136e-01,  3.97606775e-01,  5.51499563e-01,
        1.19880482e+00,  1.01708446e+00, -5.23219404e-01,  1.36171130e+00,
        1.25920200e+00,  1.10153079e+00,  1.38049283e+00,  1.09639417e+00,
        1.36747772e-01,  7.07499992e-01,  3.51648173e-01,  1.13460357e+00,
       -9.70927061e-02, -1.13877097e-01,  1.11127745e+00,  9.88696631e-01,
        7.74407888e-01,  1.24337097e+00,  7.06291930e-01,  8.96755681e-01,
       -3.18008853e-01,  5.35811481e-01,  1.12706379e+00,  1.08526717e+00,
        9.71770977e-01, -8.13117578e-01,  3.65505833e-01,  9.98947543e-01,
        4.07676545e-01,  1.11061639e+00,  1.29304971e+00,  7.86040979e-01,
        1.69059918e-01,  1.31671515e+00,  1.05577150e+00,  9.82723062e-01,
       -3.35114052e-02, -3.10635333e-01, -1.12724845e+00,  1.01802362e+00,
        8.24408242e-01,  1.09561940e+00,  1.12882076e+00,  8.88325956e-01,
        1.26130994e+00, -1.58519252e-01,  5.61963141e-01,  3.07294743e-01,
        7.74461855e-01,  3.55900899e-01, -4.34424953e-01,  9.19862185e-01,
        9.84283870e-01,  7.65528276e-01,  1.01919619e+00, -7.01706456e-01,
        1.07568381e+00,  6.63980713e-01,  9.18563412e-01,  1.38087679e+00,
        1.18367996e+00,  7.12616015e-01,  9.08826618e-01,  8.59862276e-01,
        1.14525369e+00,  7.96041767e-01,  3.18939389e-01,  1.12299216e+00,
        7.22213187e-01,  7.30217194e-01,  1.29148469e+00,  1.13002798e+00,
        1.09018769e+00,  8.16498403e-01,  1.14055167e+00,  7.76805129e-01,
        9.50263063e-01,  9.40951641e-01,  9.83054000e-01,  1.18850384e+00,
        3.46296581e-01,  7.00745566e-01, -9.55467811e-01,  1.02164400e+00,
        1.00183634e+00,  8.52491745e-01,  1.25683042e+00, -9.44554650e-01,
        5.28539192e-01,  1.14273043e+00,  9.85398354e-01, -5.93828818e-02,
        1.14229607e+00, -7.27784009e-01,  9.76871826e-01,  1.15713253e+00,
        6.77718908e-01,  1.30928662e+00, -2.71751240e-02, -8.54301567e-01,
        1.09563179e-01,  9.98962372e-01,  1.06686994e+00,  4.09189094e-01,
        6.10412665e-01,  7.41798449e-01,  9.36539516e-01,  1.25520369e+00,
        9.27675532e-01]), 'fs_0 - beta(p=7,n=3)': array([[-5.67497305e-04,  2.27666244e-04, -3.99640450e-04,
         1.61712931e-04, -1.76474140e-04, -3.92674407e-05],
       [-1.00478548e-03,  9.41719172e-04, -9.80410672e-04,
         4.74618541e-04, -4.89812331e-04, -2.29638395e-04],
       [-4.13180941e-03,  5.73797207e-05, -1.35710102e-03,
        -1.34468605e-03,  1.55023289e-04, -3.66022704e-04],
       ...,
       [-8.09205502e-04,  7.93657428e-04, -9.00109486e-04,
         4.70486731e-04, -5.03471840e-04, -2.87217187e-04],
       [-6.07530578e-04, -1.35176220e-04, -1.75591665e-04,
         3.00834183e-05, -5.12789006e-05,  6.96189093e-05],
       [-8.88494803e-04, -3.25349290e-04, -2.16583836e-04,
        -4.91721959e-04,  9.82180671e-05, -1.46166682e-04]]), 'fs_1 - beta(p=365.25,n=10)': array([[ 3.27473358e-03, -8.96648608e-03, -1.47942812e-02, ...,
         1.34611026e-03, -7.42016117e-03,  5.51420353e-03],
       [ 6.15961756e-03, -8.76067235e-03, -1.11263932e-02, ...,
        -2.67404557e-03, -7.53357994e-04, -1.52056619e-04],
       [ 4.60882555e-03, -9.56687008e-03, -1.26052677e-02, ...,
         2.56994555e-03, -6.24086589e-03,  6.11890543e-03],
       ...,
       [ 3.83094314e-03, -1.02645355e-02, -1.46661458e-02, ...,
         1.71293455e-03, -3.31581418e-03,  5.11771287e-03],
       [ 5.60687088e-04, -9.29957551e-03, -1.83431236e-02, ...,
         2.73809724e-03, -4.72218914e-03,  1.19383544e-02],
       [ 3.77537889e-03, -8.90092127e-03, -1.40420236e-02, ...,
         3.09538946e-05, -1.06855371e-02,  5.51838768e-03]]), 'sigma_log__': array([-4.5836066 , -4.46058694, -4.29458258, -4.87504116, -3.76980963,
       -4.83324624, -4.18475987, -4.53354766, -4.58838985, -4.18100043,
       -4.02306486, -4.9701094 , -4.37361015, -4.57639828, -4.08519572,
       -4.81375674, -4.86169775, -4.65107167, -4.69390142, -4.49025686,
       -3.77367039, -3.59301084, -4.56500795, -4.44470387, -4.54293489,
       -3.83531851, -4.21126646, -4.64622013, -5.2491526 , -4.22768736,
       -5.13917152, -4.46783458, -4.69377291, -4.57677249, -4.21609198,
       -4.60668329, -4.52455719, -4.31559505, -4.4229544 , -4.44160264,
       -5.07070275, -5.02299994, -4.85168572, -4.67786313, -3.97422327,
       -4.45245094, -4.82275023, -4.99801592, -3.9139818 , -4.89301858,
       -5.2336156 , -4.03319802, -4.12014089, -4.4445988 , -4.5397729 ,
       -4.87271091, -4.62135201, -5.10789085, -4.45690358, -4.49673621,
       -4.45290155, -4.47978135, -4.09968965, -4.46859676, -5.15915072,
       -4.89851728, -5.18110508, -3.84607561, -4.41589384, -4.44329111,
       -4.10146272, -4.47320609, -5.3604297 , -4.04193392, -4.88522081,
       -4.67785058, -4.72805844, -4.70213226, -5.03032997, -5.27831981,
       -4.75304687, -4.23230449, -4.30048646, -4.57331541, -4.81881985,
       -4.07452673, -3.69795385, -5.26415614, -4.49791016, -4.5627899 ,
       -4.52357394, -4.62222393, -4.864524  , -4.4189138 , -4.48418003,
       -4.88548564, -4.12729809, -5.06512627, -4.59188856, -4.85482982,
       -5.10718977, -4.94813745, -4.40346414, -4.93665102, -4.588421  ,
       -4.29960196, -3.99236424, -4.29102105, -4.59035107, -4.53421124,
       -4.72100451, -4.36340359, -5.04460337, -4.20096326, -4.63770412,
       -4.83361312, -5.0775851 , -5.07873788, -4.27054519, -3.92624393,
       -4.61525643, -3.80506012, -4.16133661, -4.43218705, -5.06913439,
       -4.94483441, -5.38078894, -4.2563439 , -4.77618152, -4.32316955,
       -4.78485105, -4.53097323, -5.03866729, -4.44236361, -4.40949941,
       -4.26722297, -4.68740963, -4.31202524, -4.86951096, -4.03876279,
       -4.8250485 , -4.51766131, -5.24632911, -4.58225968, -4.6643822 ,
       -4.35656024, -4.44272057, -4.1326285 , -4.67353214, -4.91012683,
       -4.87158768, -3.95450897, -4.66411535, -4.21715312, -4.66860482,
       -4.47083249, -5.19980894, -3.86006813, -4.62063343, -4.39895752,
       -5.31989441, -4.86689081, -4.27580682, -4.22112131, -5.15603315,
       -4.87996843, -4.72231201, -4.48000911, -4.86248162, -4.06507738,
       -4.88140923, -4.217824  , -4.96960249, -3.95403072, -3.93728675,
       -4.57926834, -4.6923486 , -4.08711281, -5.07624923, -4.72047068,
       -4.67229321, -4.13242263, -5.19668331, -4.14704598, -3.87846689,
       -4.23329459, -5.08081958, -4.75693513, -4.28936298, -4.91771526,
       -4.82379351, -4.22572561, -3.93696248, -5.0422425 , -4.92275223,
       -4.20603355, -4.71490983, -4.49641599, -4.40647741, -4.25007223,
       -3.82451156, -4.20637377, -4.62223446, -4.08351021, -4.54802773,
       -5.10482727, -4.7705249 , -4.13030494, -4.86548278, -4.25420431,
       -4.24495967, -4.90837628, -4.42044662, -4.23229706, -4.43964686,
       -4.46261441, -4.5220393 , -4.50296987, -4.63188207, -4.26769954,
       -4.11085634, -4.0760701 , -4.92698346, -4.76531438, -4.4102379 ,
       -5.04604329, -5.35772421, -3.84446172, -4.30414255, -4.17793293,
       -4.57210244, -4.67248931, -4.60501594, -4.10497055, -3.99105945,
       -4.10188339, -4.67066732, -4.92635395, -4.92869577, -4.66121   ,
       -4.37360605, -4.82702778, -4.18717507, -4.85941581, -4.39056191,
       -5.34715847, -4.69687936, -4.46679027, -4.45110791, -4.64261893,
       -4.88967283, -4.01127944, -4.74790947, -5.04942211, -4.82369077,
       -3.80077498, -4.38152529, -4.51101708, -4.08856806, -4.23341404,
       -4.53545072, -4.70250464, -4.30088078, -4.01610104, -4.66999439,
       -4.03163863, -4.5718303 , -4.96561043, -4.3980716 , -3.50272912,
       -5.11812557, -4.64448674, -4.4126242 , -5.01575496, -4.1324121 ,
       -4.67281335, -5.16628835, -4.51847142, -5.22766028, -4.23692545,
       -3.98520657, -4.22331094, -4.82324632, -4.38595223, -5.00347054,
       -4.99419422, -4.31139248, -4.78627806, -4.95165326, -5.13635012,
       -4.88072045, -4.35134406, -4.03462324, -4.63889646, -5.02312287,
       -3.80283823, -5.27103504, -5.06286684, -5.06082596, -4.41888675,
       -4.13697147, -4.13124476, -4.59303735, -4.77285592, -4.82048828,
       -4.96622848, -5.10892944, -4.20094598, -4.09511113, -4.54521353,
       -3.8809548 , -4.42658581, -5.24905024, -4.2315693 , -4.34191566,
       -4.76563355, -4.17127101, -4.83837016, -5.2226688 , -4.51326888,
       -4.53653748, -4.5858731 , -4.62170119, -5.00809261, -4.68375661,
       -4.06704336, -4.85093679, -4.7196745 , -4.48466043, -3.84788102,
       -4.58080752, -4.62360935, -4.46643724, -5.16635709, -3.83469953,
       -4.67478512, -4.92700251, -4.67281943, -3.85386906, -3.93277088,
       -4.83010139, -4.91130256, -4.62694472, -5.12329364, -4.97302849,
       -5.03896972, -5.38462128, -4.36585337, -4.07580706, -4.40773261,
       -3.89599666, -4.81371989, -3.98908607, -4.27330647, -4.62030518,
       -4.23468656, -4.03836658, -5.3026031 , -4.31508989, -4.55026395,
       -4.15443109, -4.4335769 , -5.26079938, -4.49113053, -4.67408704,
       -4.70134823, -4.13957688, -4.68624566, -4.07322291, -4.59915418,
       -5.05244219, -4.61834519, -3.98080983, -4.81206262, -4.51163151,
       -4.63761927, -4.23481008, -4.49991614, -4.84242548, -4.27504623,
       -4.26308419, -4.80528289, -4.62666849, -4.42598855, -5.0733896 ,
       -4.05663973, -3.91468825, -3.84973462, -4.59284061, -4.00317024,
       -4.07053284, -4.22265032, -4.48289333, -4.17621899, -4.97385294,
       -5.11223243, -4.51126762, -4.13470819, -4.50173467, -5.09772624,
       -4.79592361, -4.10541097, -4.6024037 , -4.38551423, -4.56795178,
       -4.19098346, -3.88371634, -5.14889859, -4.59967209, -5.14416417,
       -4.94361209, -4.64587792, -4.46832716, -4.22032855, -4.5477123 ,
       -5.17527713, -5.10953326, -4.74008137, -4.69860648, -5.44736506,
       -4.10440039, -4.33634259, -4.50847806, -4.56295197, -4.70255945,
       -4.56857358, -4.69216832, -4.96012679, -4.48460994, -4.77804196,
       -4.75506175, -4.20870645, -4.75798519, -4.39789397, -4.72325627,
       -4.29883965, -4.21158273, -5.23577687, -4.16556636, -4.77464421,
       -4.04404529, -4.22427547, -4.4287059 , -4.64148895, -3.9849593 ,
       -4.61577841, -4.56417253, -5.25461641, -5.01706079]), 'sigma': array([0.01021798, 0.01155558, 0.01364227, 0.00763478, 0.02305645,
       0.00796064, 0.01522586, 0.0107425 , 0.01016922, 0.01528321,
       0.01789803, 0.00694239, 0.01260565, 0.0102919 , 0.01681985,
       0.00811731, 0.00773734, 0.00955136, 0.00915091, 0.01121776,
       0.02296761, 0.02751536, 0.0104098 , 0.01174058, 0.01064213,
       0.02159446, 0.01482758, 0.00959781, 0.00525197, 0.01458608,
       0.00586254, 0.01147213, 0.00915209, 0.01028805, 0.0147562 ,
       0.00998488, 0.01083951, 0.0133586 , 0.01199873, 0.01177705,
       0.00627801, 0.00658474, 0.00781519, 0.00929886, 0.01879389,
       0.01164998, 0.00804463, 0.00675133, 0.01996086, 0.00749875,
       0.0053342 , 0.01771758, 0.01624223, 0.01174182, 0.01067583,
       0.00765259, 0.00983948, 0.00604883, 0.01159822, 0.01114531,
       0.01164473, 0.01133589, 0.01657782, 0.01146339, 0.00574658,
       0.00745763, 0.00562179, 0.02136341, 0.01208375, 0.01175718,
       0.01654845, 0.01141067, 0.00469889, 0.01756347, 0.00755745,
       0.00929898, 0.00884362, 0.0090759 , 0.00653665, 0.00510099,
       0.00862537, 0.01451889, 0.01356196, 0.01032368, 0.00807631,
       0.01700026, 0.02477417, 0.00517376, 0.01113224, 0.01043291,
       0.01085018, 0.00983091, 0.0077155 , 0.01204731, 0.01128614,
       0.00755545, 0.01612639, 0.00631311, 0.0101337 , 0.00779066,
       0.00605307, 0.00709661, 0.01223488, 0.0071786 , 0.0101689 ,
       0.01357396, 0.01845603, 0.01369094, 0.01014929, 0.01073537,
       0.00890623, 0.01273497, 0.00644402, 0.01498114, 0.0096799 ,
       0.00795772, 0.00623495, 0.00622776, 0.01397416, 0.01971759,
       0.00989964, 0.02225786, 0.01558671, 0.01188846, 0.00628786,
       0.00712009, 0.00460419, 0.01417403, 0.00842812, 0.0132578 ,
       0.00835537, 0.01077019, 0.00648238, 0.01176809, 0.01216126,
       0.01402066, 0.00921051, 0.01340637, 0.00767712, 0.01761926,
       0.00802616, 0.01091452, 0.00526682, 0.01023175, 0.00942507,
       0.01282242, 0.01176389, 0.01604066, 0.00933922, 0.00737155,
       0.00766119, 0.01916808, 0.00942758, 0.01474055, 0.00938535,
       0.01143779, 0.00551762, 0.02106656, 0.00984656, 0.01229015,
       0.00489327, 0.00769726, 0.01390083, 0.01468217, 0.00576452,
       0.00759725, 0.00889459, 0.01133331, 0.00773127, 0.01716166,
       0.00758632, 0.01473066, 0.00694591, 0.01917725, 0.01950105,
       0.0102624 , 0.00916514, 0.01678763, 0.00624328, 0.00891098,
       0.0093508 , 0.01604396, 0.00553489, 0.01581105, 0.02068251,
       0.01450453, 0.00621481, 0.0085919 , 0.01371366, 0.00731583,
       0.00803624, 0.01461473, 0.01950738, 0.00645925, 0.00727907,
       0.01490537, 0.00896067, 0.01114888, 0.01219807, 0.0142632 ,
       0.0218291 , 0.0149003 , 0.00983081, 0.01684822, 0.01058807,
       0.00606739, 0.00847593, 0.01607798, 0.00770811, 0.01420439,
       0.01433631, 0.00738447, 0.01202886, 0.014519  , 0.0118001 ,
       0.01153217, 0.01086684, 0.01107605, 0.00973642, 0.01401398,
       0.01639373, 0.01697404, 0.00724834, 0.00852021, 0.01215229,
       0.00643474, 0.00471162, 0.02139792, 0.01351247, 0.01533016,
       0.01033621, 0.00934897, 0.01000154, 0.0164905 , 0.01848012,
       0.01654149, 0.00936602, 0.0072529 , 0.00723593, 0.00945501,
       0.0126057 , 0.00801029, 0.01518913, 0.00775501, 0.01239376,
       0.00476166, 0.0091237 , 0.01148412, 0.01166564, 0.00963244,
       0.00752388, 0.01811021, 0.0086698 , 0.00641304, 0.00803707,
       0.02235344, 0.01250627, 0.01098728, 0.01676322, 0.01450279,
       0.01072207, 0.00907253, 0.01355661, 0.0180231 , 0.00937232,
       0.01774523, 0.01033902, 0.00697369, 0.01230104, 0.03011508,
       0.00598724, 0.00961446, 0.01212332, 0.00663262, 0.01604413,
       0.00934594, 0.00570571, 0.01090568, 0.00536607, 0.01445196,
       0.0185886 , 0.01465006, 0.00804064, 0.01245103, 0.0067146 ,
       0.00677718, 0.01341486, 0.00834345, 0.00707171, 0.00587911,
       0.00759154, 0.01288948, 0.01769234, 0.00966836, 0.00658393,
       0.02230737, 0.00513829, 0.00632739, 0.00634032, 0.01204764,
       0.01597115, 0.01606287, 0.01012207, 0.0084562 , 0.00806285,
       0.00696938, 0.00604255, 0.0149814 , 0.0166539 , 0.01061791,
       0.02063112, 0.01195524, 0.0052525 , 0.01452957, 0.01301158,
       0.00851749, 0.01543263, 0.00791995, 0.00539292, 0.01096257,
       0.01071043, 0.01019484, 0.00983605, 0.00668364, 0.00924422,
       0.01712795, 0.00782105, 0.00891808, 0.01128072, 0.02132488,
       0.01024662, 0.0098173 , 0.01148817, 0.00570531, 0.02160783,
       0.00932753, 0.0072482 , 0.00934588, 0.02119756, 0.01958932,
       0.00798571, 0.00736289, 0.00978461, 0.00595637, 0.00692215,
       0.00648042, 0.00458658, 0.01270381, 0.01697851, 0.01218277,
       0.02032311, 0.00811761, 0.01851663, 0.01393563, 0.00984979,
       0.01448435, 0.01762624, 0.00497862, 0.01336535, 0.01056442,
       0.01569472, 0.01187195, 0.00519115, 0.01120797, 0.00933404,
       0.00908302, 0.01592959, 0.00922124, 0.01702244, 0.01006034,
       0.0063937 , 0.00986911, 0.01867051, 0.00813107, 0.01098053,
       0.00968072, 0.01448256, 0.01110993, 0.0078879 , 0.01391141,
       0.01407881, 0.00818638, 0.00978731, 0.01196238, 0.00626116,
       0.01730708, 0.01994677, 0.02128538, 0.01012406, 0.01825767,
       0.01706829, 0.01465974, 0.01130067, 0.01535646, 0.00691645,
       0.00602262, 0.01098453, 0.01600734, 0.01108974, 0.00611062,
       0.00826336, 0.01648324, 0.0100277 , 0.01245648, 0.0103792 ,
       0.0151314 , 0.02057422, 0.0058058 , 0.01005513, 0.00583335,
       0.0071288 , 0.0096011 , 0.01146648, 0.01469382, 0.01059141,
       0.00565465, 0.0060389 , 0.00873794, 0.00910796, 0.00430764,
       0.01649991, 0.0130843 , 0.01101521, 0.01043122, 0.00907203,
       0.01037275, 0.00916679, 0.00701204, 0.01128129, 0.00841245,
       0.00860801, 0.01486559, 0.00858288, 0.01230322, 0.0088862 ,
       0.01358431, 0.01482289, 0.00532269, 0.01552092, 0.00844109,
       0.01752643, 0.01463594, 0.01192992, 0.00964333, 0.0185932 ,
       0.00989448, 0.0104185 , 0.00522335, 0.00662397])}"
