,0
0,"{'priors': array([-2.16982932, -0.45540906, -0.19931278,  0.58455904,  0.09843059,
       -0.22070832,  0.18292539, -0.46345683,  0.62775372, -0.05567752,
       -0.09930183, -0.10309704, -0.26754426, -0.33726017, -0.14439787,
        0.12374877,  0.1865337 ,  0.32327412, -0.4584971 , -0.05660664,
       -0.34794433, -0.08941866,  0.68896857,  0.3323067 ,  0.03252732,
        0.58736925, -0.42388665, -0.24680014,  0.31760234,  0.05815203,
       -0.12191069,  0.14829537, -0.31610392, -0.023764  ,  0.32773269,
        0.56611656, -6.26417034,  1.14314608,  3.40812527,  0.45201389,
       -2.41197621, -1.54597075,  2.84478677, -0.12204826, -1.34462908,
        0.10181797, -0.43696654,  2.75661885,  0.36046267, -0.32338903,
        0.05543832, -0.30558882,  0.69006089,  0.        ]), 'lt_0 - slope_sigma_log__': array(1.63782899), 'lt_0 - slope_z_offset': array([-1.16571061e-01,  1.12374405e+00, -1.44638662e+00,  1.56389726e+00,
       -1.70362303e-01, -3.22336050e-01, -1.83032242e-01,  8.58839213e-01,
        6.75502008e-01, -3.93337503e-01, -9.95556831e-01,  2.65916245e+00,
       -8.77470029e-01, -1.07627817e+00,  3.47876120e-01, -1.08639549e-01,
        1.14837152e+00,  5.33428532e-01,  3.90696242e-01, -8.55024206e-01,
       -7.28918251e-01,  1.41467123e+00,  7.79711825e-01, -2.79231855e-01,
       -5.65459600e-01,  2.15567911e+00,  8.86639279e-01,  1.88709821e+00,
        2.49770426e-01,  6.64269238e-01,  9.25253281e-01, -6.30731886e-01,
        7.31653924e-01,  2.49073077e+00,  2.07569326e-01,  8.37805524e-02,
        7.15381458e-01,  9.18248700e-01,  2.81523553e-01,  1.16579062e+00,
        7.90014888e-01,  4.19353066e-01, -1.07923427e+00, -7.06138573e-01,
        8.54736478e-01,  6.00314394e-01, -1.46946835e+00,  2.31553344e-01,
       -1.25628233e+00, -1.49778724e-01,  1.70806104e+00, -6.95600621e-02,
        2.44892055e+00,  1.12968609e-01,  3.55191920e-01,  1.86270494e+00,
        1.19105021e+00,  4.49450161e-01,  1.13137341e+00,  1.19112370e+00,
        4.68546718e-01, -4.14536403e+00,  3.73413289e-01, -2.11300609e-01,
        1.36096641e+00,  3.61935212e-02,  1.09349073e+00, -1.14119011e+00,
       -8.66768713e-01,  6.47050599e-01, -5.11722337e-01, -2.14085651e-03,
        5.68449075e-01, -9.49273040e-01,  3.69537020e-01, -1.31642474e-01,
        1.14635435e+00, -9.67325619e-01, -5.23808759e-01,  2.14100352e+00,
       -7.99376642e-01, -6.94584579e-01,  1.71505847e+00, -3.32425697e-01,
       -3.53736404e-02, -3.07675102e-01, -1.26439159e+00,  1.08084830e+00,
       -3.18989423e-01,  8.89438737e-01,  6.51932421e-02,  4.67281862e-01,
       -9.50992856e-01, -9.28476592e-01, -3.38262931e-01,  1.07470092e+00,
        2.46206174e-01, -3.67636993e-01, -1.21248854e+00, -2.42347771e+00,
        4.53919025e-01, -1.66233868e+00,  6.07553844e-01,  8.15546960e-01,
        1.57899298e+00, -1.07210516e+00, -9.75748523e-01, -5.81646835e-01,
       -4.99218109e-01, -1.74475507e-01,  2.94622149e-01,  4.07502480e-01,
        4.64114562e-01, -3.88523587e+00, -9.57836396e-02, -1.39488210e+00,
       -5.07115440e-01, -1.00456734e+00, -1.57467312e+00, -2.56371839e+00,
       -1.60578959e-01,  1.14127600e+00, -2.07636993e-01, -7.48704272e-01,
       -9.36486797e-01, -2.73844951e+00,  1.44140964e+00,  1.58457476e-01,
        1.40919573e+00,  9.34394865e-01,  2.29097311e+00, -9.13288926e-02,
       -7.61689609e-01, -1.01735446e-01, -9.02897403e-01, -8.89841210e-01,
       -7.75940897e-01, -6.40891662e-01,  1.31158623e+00, -8.49469570e-01,
       -9.49616350e-01, -1.14872572e+00, -3.63420775e-01,  3.79191177e-01,
       -1.67022941e-01,  4.07847198e+00, -1.04773480e-01,  1.35288929e+00,
       -1.07709784e+00,  1.59966765e-01, -2.84047310e-01, -2.06035859e+00,
       -1.06428548e+00,  3.53674293e-01, -9.36076004e-01, -2.16614270e+00,
        7.59859343e-01, -9.15748549e-01,  1.48391885e-01, -2.24000840e-02,
        1.67145650e+00, -3.89327124e-02, -4.99388337e-02, -1.04666639e+00,
        7.90457148e-01,  8.93709415e-01,  8.88240539e-01, -9.94773358e-01,
       -1.12586786e+00, -1.43653252e+00,  4.48326927e-01,  1.02838380e+00,
        6.15362683e-01,  7.71766747e-01,  9.68013342e-01, -4.80622978e-01,
       -2.40893689e-02,  4.86937434e-01,  8.32985636e-01, -2.21304542e-01,
       -7.00386991e-01, -6.89779297e-01,  1.06905622e+00, -2.50543115e-01,
       -6.19842066e-01, -7.56535052e-01, -1.93965867e+00, -5.26982222e-01,
       -1.35293824e+00, -2.11870859e-01,  5.86173828e-01, -3.29713045e-01,
        1.65610238e+00,  1.21057001e+00,  2.20617196e-01, -1.57994155e+00,
       -7.56429266e-01, -1.94469619e+00,  6.07131724e-01, -1.32731102e-01,
        8.30079581e-01,  2.11669483e+00,  9.94104851e-01,  7.48683854e-01,
        2.11509844e+00, -1.06134405e-01,  1.00025313e+00, -7.02078313e-01,
        1.32840010e+00, -6.63602501e-01,  1.20386100e-01,  1.01239209e+00,
       -1.06337914e+00,  2.54273662e-01, -1.54557355e+00,  8.71815793e-01,
        1.86361722e+00, -4.37437522e-01, -6.73444923e-01, -8.45045175e-02,
       -3.57054162e-01, -6.95929282e-01,  2.53661538e-01,  6.99570332e-01,
       -8.76880064e-01,  9.63209513e-01,  6.84907135e-01, -1.93813809e-02,
       -1.14154990e+00, -1.14503376e+00, -1.14395845e+00,  1.42406986e+00,
        1.78576409e-01, -9.34568538e-01, -2.43826736e+00, -1.45685740e-01,
        2.11861890e+00, -1.05060830e+00, -1.31430020e+00, -1.15195969e-01,
        9.47270443e-01,  3.35940833e-01,  8.77352459e-01, -2.82990989e-01,
       -8.18528246e-01,  1.63368916e+00, -5.57212682e-01, -1.82772145e+00,
        7.72294320e-01, -1.34714593e+00, -1.08962706e+00,  2.60681290e+00,
        3.76347542e-01,  1.02545405e+00,  1.18283348e+00, -1.91048123e+00,
       -3.45634861e-01,  9.61915434e-02, -8.53066251e-01,  1.85789008e+00,
       -1.98372723e+00,  1.05552907e+00, -7.89071785e-01, -3.90433759e-01,
        9.30494404e-01,  9.41222635e-01,  9.87518979e-01,  3.84086803e-01,
       -1.15209430e+00,  1.49916467e+00, -1.42091534e+00, -1.10941179e-01,
       -1.25955281e-01, -1.31371540e+00, -1.15493384e+00, -6.37119503e-01,
        1.61753572e+00,  7.80537887e-01,  2.01944150e+00,  7.64563463e-01,
        8.27594027e-01,  1.72877160e+00, -5.66045314e-02,  6.97248718e-01,
        3.64077406e+00, -2.15868254e+00,  3.50845115e-01, -5.86371838e-01,
       -8.72469653e-01,  3.78131569e-01, -1.10309122e+00, -4.44980277e-01,
       -6.08910196e-01,  4.29925657e-01,  1.03834218e+00, -3.52067771e+00,
        7.27646292e-01,  4.39584867e+00,  5.03711073e-01, -1.68788235e+00,
        2.49066217e+00, -1.05507853e+00,  6.02440938e-01,  1.70695575e+00,
        1.85776177e+00, -9.05375606e-01,  6.83690494e-01,  6.56972296e-01,
        2.91065660e-01, -6.29096984e-01, -9.65570975e-02, -5.76048860e-01,
        9.35418045e-01, -3.30234505e-01,  8.47652931e-01, -1.14612446e+00,
       -2.73121332e-01, -9.76466345e-01,  1.84922406e+00,  3.56493190e-01,
       -9.77316538e-01,  1.23636131e+00, -5.10907985e-01,  1.63299116e+00,
        4.96423148e-01, -3.66186576e-01,  1.20763356e+00, -1.77177696e-01,
       -6.99747211e-01, -3.98604673e-01, -5.50971787e-01, -1.04437346e+00,
       -1.69154548e-03,  1.24901282e+00, -1.96683310e+00,  5.90071139e-01,
        1.33106742e+00,  6.19026261e-01,  5.11018319e-01,  1.52271980e+00,
       -7.76174976e-01, -2.52754906e-01, -9.30003402e-01,  4.79072290e-01,
        1.47054627e+00, -4.48291008e-01,  1.35225235e+00,  5.41828031e-01,
       -2.19582002e-01, -1.20869886e-01, -1.38352972e-01,  6.77843898e-01,
        8.88293660e-01, -5.96797526e-01, -3.20850000e-01, -2.58902427e-01,
       -8.25994430e-01,  1.87974684e+00, -4.63412572e-01, -1.22525669e+00,
       -1.73331986e+00, -4.44883926e-01,  1.62092744e-01, -8.96678144e-01,
        1.08666895e+00, -4.38906456e-01, -7.33117519e-01,  1.24756255e+00,
       -9.43345553e-01,  4.55648715e-01,  2.67709339e+00,  3.35807376e+00,
       -8.97856585e-02,  4.99783625e-01,  1.83599065e+00, -1.56062211e-01,
       -7.71810060e-01, -6.10263419e-01, -9.41813782e-01,  5.56747431e-01,
        6.97364545e-01,  5.47096406e-01,  9.65667776e-01,  5.18403488e-01,
        7.01187590e-01, -4.92826685e-01, -9.05784510e-01, -7.98728480e-01,
       -3.01999239e-01,  4.57701806e-01, -2.07303671e+00, -1.25960669e+00,
       -4.03676424e-01, -3.53149184e+00, -1.39748954e+00,  8.93783939e-01,
       -2.15286601e-01,  1.51615162e+00,  7.99615264e-01,  5.41531472e-01,
        2.27579500e-01, -1.04493640e+00, -7.54667792e-01,  1.70528346e+00,
       -6.18254057e-01, -1.60196221e+00, -9.68759977e-01, -5.46838395e-01,
        1.29278212e+00,  4.55736350e-01, -1.58968376e-01,  1.12795226e+00,
        5.91932159e-01,  7.81115530e-01, -1.37195785e+00,  1.34562544e+00,
       -1.56796027e+00, -1.12243335e-01, -5.33056811e-01, -1.54067492e+00,
       -1.48234016e-01, -5.07322953e-01, -1.65213762e+00, -1.11145565e+00,
        1.20188905e+00,  5.63783110e-01, -1.75465816e-01,  1.16306792e+00,
       -9.08067304e-01, -3.25398161e-01, -4.08264902e-01, -1.04923223e+00,
       -9.55460721e-01,  3.72705507e+00, -3.91346601e-01, -3.73829952e-01,
       -1.19299067e-01,  4.95604145e-01, -1.76187216e-01,  7.29042762e-01,
       -8.74884531e-01, -1.26317241e+00, -9.15654406e-01,  2.04650102e-01,
        1.23261784e+00,  2.93188587e-01,  1.27491540e-01,  3.96985939e+00,
        2.23686783e+00,  4.04850217e-01,  4.22333537e-01]), 'lt_0 - delta': array([ -0.67179906,   0.23472843,   0.20484416,  -0.61047613,
         0.19769822,   0.05348394,  -0.6796007 ,   0.85902657,
        -0.43857932,   0.33197118,  -0.61817862,  -0.16071673,
         1.2988125 ,  -2.06368795,  -1.47202923,  -0.65034354,
        -0.78424357,   5.81091251,   4.09933992,  -5.0849832 ,
        -2.96816296,   1.87751013,  -3.93134306,  14.85503715,
       -12.8899256 ]), 'lt_0 - intercept': array([ 7.85530607e-01, -5.63746371e+00,  7.57907934e+00, -7.87854266e+00,
        1.05553279e+00,  1.82169352e+00,  1.09559516e+00, -4.26257902e+00,
       -3.28307939e+00,  2.20615822e+00,  5.27979824e+00, -1.35440372e+01,
        4.67679430e+00,  5.69772537e+00, -1.61907427e+00,  7.59959012e-01,
       -5.70831047e+00, -2.56427563e+00, -1.81777839e+00,  4.53200589e+00,
        3.91578894e+00, -7.08844969e+00, -3.85382271e+00,  1.64331516e+00,
        3.09288243e+00, -1.09221509e+01, -4.35860865e+00, -9.61951209e+00,
       -1.10086773e+00, -3.22295711e+00, -4.56713017e+00,  3.43068739e+00,
       -3.61133510e+00, -1.26644155e+01, -8.93928683e-01, -2.30960545e-01,
       -3.49998984e+00, -4.63430795e+00, -1.26625443e+00, -5.82652441e+00,
       -3.87853592e+00, -1.97044765e+00,  5.71191072e+00,  3.81084147e+00,
       -4.21793534e+00, -2.88733434e+00,  7.69053171e+00, -9.94536755e-01,
        6.62515076e+00,  9.60391436e-01, -8.61667498e+00,  5.46139711e-01,
       -1.24487145e+01, -3.87543129e-01, -1.63765338e+00, -9.40261580e+00,
       -5.95460250e+00, -2.12373270e+00, -5.63271356e+00, -5.96532599e+00,
       -2.21036496e+00,  2.13184539e+01, -1.73260457e+00,  1.28375612e+00,
       -6.82674651e+00,  6.13737650e-03, -5.43398440e+00,  6.04036482e+00,
        4.62678694e+00, -3.17110443e+00,  2.82376608e+00,  2.08282520e-01,
       -2.74398247e+00,  5.03844509e+00, -1.72793591e+00,  8.58454108e-01,
       -5.72491824e+00,  5.11487884e+00,  2.79505462e+00, -1.08342576e+01,
        4.28446104e+00,  3.72416502e+00, -8.65749735e+00,  1.83887432e+00,
        3.80150342e-01,  1.78730482e+00,  6.65607683e+00, -5.36191120e+00,
        1.84105264e+00, -4.39261988e+00, -1.78225060e-01, -2.22198032e+00,
        5.05558114e+00,  4.91177543e+00,  1.91612531e+00, -5.33668646e+00,
       -1.07549210e+00,  2.06158734e+00,  6.39868041e+00,  1.25532541e+01,
       -2.15686951e+00,  8.69635945e+00, -2.92729279e+00, -4.02773407e+00,
       -7.95401543e+00,  5.68491625e+00,  5.19372667e+00,  3.16648668e+00,
        2.75795529e+00,  1.05046557e+00, -1.31423937e+00, -1.93638424e+00,
       -2.20137887e+00,  2.00288334e+01,  6.87496028e-01,  7.31672871e+00,
        2.79888791e+00,  5.33154843e+00,  8.21237657e+00,  1.32878223e+01,
        1.01284820e+00, -5.68349489e+00,  1.27024358e+00,  4.02482062e+00,
        4.98666433e+00,  1.41663721e+01, -7.26461332e+00, -6.70589415e-01,
       -7.07147440e+00, -4.62787705e+00, -1.16053919e+01,  6.67800574e-01,
        4.09247097e+00,  7.20517570e-01,  4.81510469e+00,  4.75425313e+00,
        4.13724919e+00,  3.46693542e+00, -6.58748500e+00,  4.53742677e+00,
        5.03897724e+00,  6.05701742e+00,  2.05975400e+00, -1.77073911e+00,
        1.04947904e+00, -2.08532445e+01,  7.32425151e-01, -6.77815894e+00,
        5.69576223e+00, -6.15175868e-01,  1.63763307e+00,  1.06923283e+01,
        5.58904127e+00, -1.65541235e+00,  4.96846895e+00,  1.12113937e+01,
       -3.74367726e+00,  4.85886599e+00, -5.77561589e-01,  3.05601666e-01,
       -8.42415100e+00,  3.86352054e-01,  4.51740571e-01,  5.54418141e+00,
       -3.91820730e+00, -4.41600107e+00, -4.37497367e+00,  5.27503691e+00,
        5.92831990e+00,  7.55384866e+00, -2.11081915e+00, -5.11010565e+00,
       -2.97501417e+00, -3.76875295e+00, -4.78109718e+00,  2.65398888e+00,
        3.01301443e-01, -2.37987543e+00, -4.09776576e+00,  1.31700833e+00,
        3.75833815e+00,  3.71004903e+00, -5.30521252e+00,  1.45313125e+00,
        3.35102815e+00,  4.06947504e+00,  1.00822581e+01,  2.86816424e+00,
        7.11759178e+00,  1.27838630e+00, -2.81564113e+00,  1.89005122e+00,
       -8.35632641e+00, -6.07476825e+00, -9.63650210e-01,  8.25859347e+00,
        4.03574255e+00,  1.01310196e+01, -2.92629293e+00,  8.74216540e-01,
       -4.07657730e+00, -1.07111480e+01, -4.92427999e+00, -3.66957568e+00,
       -1.07147872e+01,  6.69745037e-01, -4.96883976e+00,  3.78560152e+00,
       -6.64902785e+00,  3.57923042e+00, -4.36623254e-01, -5.02572969e+00,
        5.61752050e+00, -1.12423503e+00,  8.08838552e+00, -4.29586352e+00,
       -9.40629306e+00,  2.42069950e+00,  3.63222543e+00,  6.10438274e-01,
        2.03628659e+00,  3.76348952e+00, -1.11742342e+00, -3.39710379e+00,
        4.66912203e+00, -4.76252709e+00, -3.34360984e+00,  3.07234679e-01,
        6.02864384e+00,  6.03042246e+00,  6.03417795e+00, -7.16207286e+00,
       -7.52690813e-01,  4.97820367e+00,  1.26132382e+01,  9.53003381e-01,
       -1.07608552e+01,  5.56503715e+00,  6.91333047e+00,  7.90024666e-01,
       -4.68683072e+00, -1.53715709e+00, -4.31650337e+00,  1.64094122e+00,
        4.36827797e+00, -8.22495782e+00,  3.05078507e+00,  9.53839098e+00,
       -3.77582284e+00,  7.06886454e+00,  5.69144469e+00, -1.32648837e+01,
       -1.75380208e+00, -5.08873382e+00, -5.90182645e+00,  9.94173091e+00,
        1.95939948e+00, -3.28416274e-01,  4.52906088e+00, -9.37984580e+00,
        1.03369155e+01, -5.23932128e+00,  4.22844255e+00,  2.20662911e+00,
       -4.60880597e+00, -4.65483981e+00, -4.90869619e+00, -1.79160748e+00,
        6.08648015e+00, -7.53391684e+00,  7.44734752e+00,  7.77295513e-01,
        8.55464170e-01,  6.91749398e+00,  6.10348733e+00,  3.39851868e+00,
       -8.15255885e+00, -3.81386126e+00, -1.02103283e+01, -3.75382272e+00,
       -4.05446847e+00, -8.70772298e+00,  4.88417744e-01, -3.39682565e+00,
       -1.85916774e+01,  1.11720967e+01, -1.60830625e+00,  3.19893353e+00,
        4.60936483e+00, -1.75413833e+00,  5.82250332e+00,  2.44802661e+00,
        3.32382439e+00, -2.07234582e+00, -5.17436851e+00,  1.81078691e+01,
       -3.56691893e+00, -2.24757020e+01, -2.40174890e+00,  8.77819259e+00,
       -1.26876977e+01,  5.56659141e+00, -2.92327907e+00, -8.59983714e+00,
       -9.37319007e+00,  4.81752642e+00, -3.33047081e+00, -3.22608238e+00,
       -1.30113675e+00,  3.42627247e+00,  6.89992230e-01,  3.13786252e+00,
       -4.63773981e+00,  1.89523401e+00, -4.17991666e+00,  6.05134904e+00,
        1.60697670e+00,  5.18531264e+00, -9.35425770e+00, -1.63126409e+00,
        5.19252285e+00, -6.16799049e+00,  2.78035944e+00, -8.22800893e+00,
       -2.35812088e+00,  2.07129768e+00, -6.02505531e+00,  1.07491591e+00,
        3.76525473e+00,  2.23029627e+00,  3.01168263e+00,  5.54100844e+00,
        1.76650660e-01, -6.24377734e+00,  1.02157875e+01, -2.83802485e+00,
       -6.66322579e+00, -3.03854440e+00, -2.45838557e+00, -7.70716626e+00,
        4.09496839e+00,  1.45699331e+00,  4.94866706e+00, -2.31793698e+00,
       -7.38334884e+00,  2.44812837e+00, -6.76869224e+00, -2.63332662e+00,
        1.29747367e+00,  8.07601218e-01,  9.06670527e-01, -3.29573635e+00,
       -4.38468860e+00,  3.25990555e+00,  1.83258386e+00,  1.51213214e+00,
        4.41946618e+00, -9.48871207e+00,  2.55823245e+00,  6.44575979e+00,
        9.05770516e+00,  2.46140757e+00, -6.57045345e-01,  4.77262259e+00,
       -5.40044111e+00,  2.44894464e+00,  3.94208884e+00, -6.23442139e+00,
        5.01813203e+00, -2.16020329e+00, -1.35900294e+01, -1.71701219e+01,
        6.73048710e-01, -2.36804752e+00, -9.29005291e+00,  9.92675200e-01,
        4.13258693e+00,  3.31941435e+00,  5.01993305e+00, -2.70795152e+00,
       -3.38954257e+00, -2.62012067e+00, -4.78321279e+00, -2.47832449e+00,
       -3.40501907e+00,  2.70612438e+00,  4.81019702e+00,  4.26208074e+00,
        1.74055366e+00, -2.16033737e+00,  1.07712816e+01,  6.61967836e+00,
        2.27878892e+00,  1.82294429e+01,  7.32204624e+00, -4.40259265e+00,
        1.30192815e+00, -7.63962495e+00, -3.91495816e+00, -2.59805041e+00,
       -9.87634373e-01,  5.49388131e+00,  4.02717003e+00, -8.63089275e+00,
        3.36650781e+00,  8.36081970e+00,  5.11048531e+00,  3.00684182e+00,
       -6.45791019e+00, -2.15570899e+00,  1.02400874e+00, -5.64657888e+00,
       -2.84893592e+00, -3.82364066e+00,  7.20753464e+00, -6.74921649e+00,
        8.20086002e+00,  7.57009326e-01,  2.92478248e+00,  8.06205654e+00,
        9.01873723e-01,  2.78224013e+00,  8.59874894e+00,  5.88258511e+00,
       -6.03402378e+00, -2.70966901e+00,  1.09131526e+00, -5.89900285e+00,
        4.83927266e+00,  1.86245543e+00,  2.25946480e+00,  5.52665402e+00,
        5.08813750e+00, -1.90418822e+01,  2.21122014e+00,  2.12221004e+00,
        7.84820921e-01, -2.37103047e+00,  1.09511741e+00, -3.61851939e+00,
        4.66038377e+00,  6.63936961e+00,  4.87060941e+00, -8.66905801e-01,
       -6.16296805e+00, -1.30850610e+00, -4.67825348e-01, -2.02730161e+01,
       -1.13308759e+01, -1.88512300e+00, -1.95552456e+00]), 'fs_0 - beta_sigma(p=7,n=3)_log__': array([-10.15581534, -10.10085426, -10.20643529, -10.16835215,
       -10.20599143, -10.20894666]), 'fs_0 - beta_z_offset(p=7,n=3)': array([[-0.00073228,  0.01092016, -0.00675273, -0.01147755, -0.00292026,
        -0.00810413],
       [ 0.04557439,  0.07422341,  0.01230166, -0.06469641, -0.00572908,
         0.01014118],
       [-0.0209169 , -0.06984259,  0.00172108,  0.03875801,  0.012707  ,
        -0.00840059],
       ...,
       [ 0.09115409,  0.06674628,  0.01597754, -0.02932064, -0.02418626,
         0.00899675],
       [ 0.03531228,  0.04609432, -0.01107119,  0.00689104, -0.01776502,
        -0.00738959],
       [-0.29224226,  0.08566719, -0.16858872, -0.06563346, -0.02812588,
        -0.13922899]]), 'fs_1 - beta_sigma(p=365.25,n=10)_log__': array([-7.77974934, -7.39543243, -9.43495617, -4.9271621 , -5.487987  ,
       -5.10819738, -6.10768527, -4.96832462, -4.99124359, -5.12863897,
       -5.08975895, -5.3106719 , -5.72609328, -6.31705332, -4.87206698,
       -8.97432193, -6.31004039, -6.76699422, -8.75865692, -9.05170958]), 'fs_1 - beta_z_offset(p=365.25,n=10)': array([[ 0.02468154, -0.0776316 ,  0.07374082, ...,  0.04344986,
        -0.03363118, -0.07308455],
       [-0.31027518,  0.30142164,  0.17568698, ...,  0.53569569,
        -0.36015094, -0.29727453],
       [ 0.34134632, -0.5398425 ,  0.11153521, ...,  0.12627536,
        -0.22178029,  0.20811387],
       ...,
       [-0.56326319,  0.70474307,  0.09242105, ..., -0.05231752,
        -0.23437709,  0.0692562 ],
       [-0.10286937,  0.11040616,  0.04584624, ..., -0.1295575 ,
         0.05013863,  0.05511843],
       [ 2.12399448, -2.44564738, -0.91749787, ..., -2.10506817,
         0.33727163,  1.45149924]]), 'sigma_log__': array(-3.89542748), 'lt_0 - slope_sigma': array(5.14398971), 'fs_0 - beta_sigma(p=7,n=3)': array([3.88495004e-05, 4.10444777e-05, 3.69318849e-05, 3.83654919e-05,
       3.69482812e-05, 3.68392518e-05]), 'fs_1 - beta_sigma(p=365.25,n=10)': array([4.18116965e-04, 6.14051086e-04, 7.98823073e-05, 7.24704049e-03,
       4.13616188e-03, 6.04697351e-03, 2.22569675e-03, 6.95479017e-03,
       6.79720631e-03, 5.92461856e-03, 6.15950446e-03, 4.93860735e-03,
       3.25978745e-03, 1.80525518e-03, 7.65752098e-03, 1.26619766e-04,
       1.81795981e-03, 1.15114956e-03, 1.57095459e-04, 1.17190519e-04]), 'sigma': array(0.02033468), 'prior_lt_0 - slope': array(0.78057876), 'prior_lt_0 - intercept': array(-0.03945202), 'prior_lt_0 - delta': array([-0.12125091, -0.08077726, -0.05858289, -0.02458271,  0.02550788,
        0.04642547,  0.12555531,  0.13939223,  0.1602535 ,  0.16784796,
        0.13649871,  0.05756934, -0.07587167, -0.23205602, -0.31276685,
       -0.22771437, -0.23675599, -0.16976141, -0.12291539,  0.32155518,
        1.02637165,  1.31862165,  1.09298962, -0.06674701, -0.02894029]), 'prior_fs_0 - beta(p=7,n=3)': array([ 0.0005636 , -0.00023707,  0.00027054,  0.00029505,  0.00021147,
        0.00021056]), 'prior_fs_1 - beta(p=365.25,n=10)': array([ 0.00756723, -0.0027491 , -0.00475431, -0.0126267 , -0.00253535,
        0.01094428,  0.00211171, -0.0071949 , -0.00547348,  0.00784027,
        0.00154486, -0.00316302, -0.00035057,  0.00133951,  0.00835088,
       -0.00051106, -0.00178648,  0.00258497,  0.00113598,  0.00032342]), 'prior_sigma': array(0.08510295), 'lt_0 - slope_shared': array(0.78057876), 'lt_0 - slope': array([ 1.80938419e-01,  6.56110658e+00, -6.65961916e+00,  8.82525015e+00,
       -9.57631753e-02, -8.77514566e-01, -1.60937214e-01,  5.19843883e+00,
        4.25535414e+00, -1.24274531e+00, -4.34055534e+00,  1.44592830e+01,
       -3.73311805e+00, -4.75578506e+00,  2.57004994e+00,  2.21738034e-01,
        6.68779006e+00,  3.52452964e+00,  2.79031621e+00, -3.61765697e+00,
       -2.96896923e+00,  8.05763303e+00,  4.79140836e+00, -6.55787034e-01,
       -2.12813961e+00,  1.18693699e+01,  5.34144209e+00,  1.04877925e+01,
        2.06539526e+00,  4.19757289e+00,  5.54007212e+00, -2.46389958e+00,
        4.54419902e+00,  1.35928722e+01,  1.84831324e+00,  1.21154506e+00,
        4.46049362e+00,  5.50404062e+00,  2.22873302e+00,  6.77739370e+00,
        4.84440721e+00,  2.93772662e+00, -4.77099125e+00, -2.85179080e+00,
        5.17733441e+00,  3.86858982e+00, -6.77835132e+00,  1.97168678e+00,
       -5.68172463e+00,  1.01185427e-02,  9.56682719e+00,  4.22762513e-01,
        1.33778009e+01,  1.36168812e+00,  2.60768234e+00,  1.03623138e+01,
        6.90732877e+00,  3.09254576e+00,  6.60035194e+00,  6.90770682e+00,
        3.19077825e+00, -2.05431312e+01,  2.70141287e+00, -3.06349403e-01,
        7.78137599e+00,  9.66757858e-01,  6.40548381e+00, -5.08969142e+00,
       -3.67807059e+00,  4.10900038e+00, -1.85171568e+00,  7.69566213e-01,
        3.70467495e+00, -4.10247200e+00,  2.68147339e+00,  1.03411225e-01,
        6.67741374e+00, -4.19533428e+00, -1.91388811e+00,  1.17938789e+01,
       -3.33140647e+00, -2.79235717e+00,  9.60282187e+00, -9.29415607e-01,
        5.98617114e-01, -8.02098802e-01, -5.72343860e+00,  6.34045129e+00,
       -8.60299552e-01,  5.35584247e+00,  1.11593212e+00,  3.18427185e+00,
       -4.11131872e+00, -3.99549528e+00, -9.59442281e-01,  6.30882921e+00,
        2.04706078e+00, -1.11054215e+00, -5.45644983e+00, -1.16857656e+01,
        3.11553355e+00, -7.77047432e+00,  3.90582948e+00,  4.97574393e+00,
        8.90290240e+00, -4.73431916e+00, -4.23866161e+00, -2.21140658e+00,
       -1.78739406e+00, -1.16921456e-01,  2.29611206e+00,  2.87676732e+00,
        3.16797929e+00, -1.92050346e+01,  2.87868700e-01, -6.39468042e+00,
       -1.82801785e+00, -4.38690530e+00, -7.31952357e+00, -1.24071623e+01,
       -4.54377551e-02,  6.65129078e+00, -2.87503801e-01, -3.07074831e+00,
       -4.03669969e+00, -1.33059774e+01,  8.19517512e+00,  1.59568238e+00,
        8.02946709e+00,  5.58709633e+00,  1.25653209e+01,  3.10783872e-01,
       -3.13754476e+00,  2.57252671e-01, -3.86391620e+00, -3.79675528e+00,
       -3.21085324e+00, -2.51616136e+00,  7.52736484e+00, -3.58908397e+00,
       -4.10423798e+00, -5.12845452e+00, -1.08885397e+00,  2.73113427e+00,
       -7.85855356e-02,  2.17601967e+01,  2.41625052e-01,  7.73982734e+00,
       -4.76000147e+00,  1.60344615e+00, -6.80557685e-01, -9.81788466e+00,
       -4.69409479e+00,  2.59987568e+00, -4.03458658e+00, -1.03620370e+01,
        4.68928740e+00, -3.93002236e+00,  1.54390509e+00,  6.65352955e-01,
        9.37853382e+00,  5.80309285e-01,  5.23693910e-01, -4.60346239e+00,
        4.84668220e+00,  5.37781080e+00,  5.34967895e+00, -4.33652516e+00,
       -5.01087393e+00, -6.60892973e+00,  3.08676786e+00,  6.07057446e+00,
        3.94599807e+00,  4.75053897e+00,  5.76002943e+00, -1.69174090e+00,
        6.56663291e-01,  3.28537991e+00,  5.06544830e+00, -3.57809529e-01,
       -2.82220472e+00, -2.76763885e+00,  6.27979295e+00, -5.08212448e-01,
       -2.40788246e+00, -3.11102977e+00, -9.19700551e+00, -1.93021237e+00,
       -6.17892163e+00, -3.09282761e-01,  3.79585090e+00, -9.15461756e-01,
        9.29955239e+00,  7.00773844e+00,  1.91543134e+00, -7.34662434e+00,
       -3.11048561e+00, -9.22291844e+00,  3.90365810e+00,  9.78113313e-02,
        5.05049958e+00,  1.16688352e+01,  5.89424389e+00,  4.63180080e+00,
        1.16606234e+01,  2.34624468e-01,  5.92587056e+00, -2.83090487e+00,
        7.61385522e+00, -2.63298568e+00,  1.39984362e+00,  5.98831326e+00,
       -4.68943262e+00,  2.08855986e+00, -7.16983567e+00,  5.26519023e+00,
        1.03670066e+01, -1.46959536e+00, -2.68361500e+00,  3.45888388e-01,
       -1.05610418e+00, -2.79927431e+00,  2.08541110e+00,  4.37916135e+00,
       -3.73008327e+00,  5.73531858e+00,  4.30373402e+00,  6.80881133e-01,
       -5.09154216e+00, -5.10946312e+00, -5.10393175e+00,  8.10597945e+00,
        1.69917397e+00, -4.02683219e+00, -1.17618434e+01,  3.11728086e-02,
        1.16787326e+01, -4.62373956e+00, -5.98016797e+00,  1.88011875e-01,
        5.65332817e+00,  2.50865495e+00,  5.29367078e+00, -6.75123978e-01,
       -3.42992212e+00,  9.18425898e+00, -2.08571755e+00, -8.62120156e+00,
        4.75325280e+00, -6.14912605e+00, -4.82445163e+00,  1.41899975e+01,
        2.71650664e+00,  6.05550386e+00,  6.86506199e+00, -9.04691705e+00,
       -9.97363415e-01,  1.27538707e+00, -3.60758527e+00,  1.03375462e+01,
       -9.42369369e+00,  6.21020944e+00, -3.27839839e+00, -1.22780848e+00,
        5.56703240e+00,  5.62221831e+00,  5.86036623e+00,  2.75631732e+00,
       -5.14578249e+00,  8.49226640e+00, -6.52859511e+00,  2.09898474e-01,
        1.32666088e-01, -5.97715977e+00, -5.16038905e+00, -2.49675742e+00,
        9.10116586e+00,  4.79565762e+00,  1.11685651e+01,  4.71348534e+00,
        5.03771392e+00,  9.67336210e+00,  4.89405629e-01,  4.36721899e+00,
        1.95086831e+01, -1.03236620e+01,  2.58532242e+00, -2.23571195e+00,
       -3.70739617e+00,  2.72568366e+00, -4.89371112e+00, -1.50839521e+00,
       -2.35164903e+00,  2.99211192e+00,  6.12180027e+00, -1.73297512e+01,
        4.52358380e+00,  2.33927791e+01,  3.37166334e+00, -7.90187070e+00,
        1.35925193e+01, -4.64673436e+00,  3.87952875e+00,  9.56114157e+00,
        1.03368862e+01, -3.87666405e+00,  4.29747562e+00,  4.16003749e+00,
        2.27781752e+00, -2.45548966e+00,  2.83890040e-01, -2.18261065e+00,
        5.59235956e+00, -9.18144139e-01,  5.14089671e+00, -5.11507368e+00,
       -6.24354568e-01, -4.24235408e+00,  1.02929683e+01,  2.61437606e+00,
       -4.24672746e+00,  7.14040862e+00, -1.84752666e+00,  9.18066847e+00,
        3.33417433e+00, -1.10308122e+00,  6.99263337e+00, -1.30821491e-01,
       -2.81891370e+00, -1.26983958e+00, -2.05361445e+00, -4.59166760e+00,
        7.71877464e-01,  7.20548785e+00, -9.33679046e+00,  3.81589863e+00,
        7.62757588e+00,  3.96484348e+00,  3.40925173e+00,  8.61343376e+00,
       -3.21205734e+00, -5.19589879e-01, -4.00334918e+00,  3.24492169e+00,
        8.34505366e+00, -1.52542558e+00,  7.73655093e+00,  3.56773658e+00,
       -3.48948802e-01,  1.58825304e-01,  6.88924904e-02,  4.26740080e+00,
        5.34995221e+00, -2.28934158e+00, -8.69870344e-01, -5.51212667e-01,
       -3.46832810e+00,  1.04499771e+01, -1.60321075e+00, -5.52212904e+00,
       -8.13560078e+00, -1.50789958e+00,  1.61438216e+00, -3.83192440e+00,
        6.37039268e+00, -1.47715154e+00, -2.99057022e+00,  7.19802770e+00,
       -4.07198106e+00,  3.12443106e+00,  1.45515196e+01,  1.80544756e+01,
        3.18722253e-01,  3.35146058e+00,  1.02248958e+01, -2.22036529e-02,
       -3.18960426e+00, -2.35861000e+00, -4.06410165e+00,  3.64448182e+00,
        4.36781480e+00,  3.59483704e+00,  5.74796386e+00,  3.44724097e+00,
        4.38748050e+00, -1.75451664e+00, -3.87876744e+00, -3.32807233e+00,
       -7.72902220e-01,  3.13499214e+00, -9.88310075e+00, -5.69882509e+00,
       -1.29592862e+00, -1.73853790e+01, -6.40809308e+00,  5.37819415e+00,
       -3.26853305e-01,  8.57964711e+00,  4.89379145e+00,  3.56621108e+00,
        1.95124536e+00, -4.59456331e+00, -3.10142460e+00,  9.55253936e+00,
       -2.39971375e+00, -7.45989835e+00, -4.20271260e+00, -2.03235232e+00,
        7.43063669e+00,  3.12488185e+00, -3.71529328e-02,  6.58275356e+00,
        3.82547169e+00,  4.79862901e+00, -6.27675833e+00,  7.70246220e+00,
       -7.28499276e+00,  2.03200195e-01, -1.96145999e+00, -7.14463719e+00,
        1.80645044e-02, -1.82908530e+00, -7.71800019e+00, -4.93673770e+00,
        6.96308364e+00,  3.68067328e+00, -1.22015595e-01,  6.76338817e+00,
       -3.89051011e+00, -8.93266037e-01, -1.31953170e+00, -4.61666102e+00,
       -4.13430136e+00,  1.99525117e+01, -1.23250413e+00, -1.14239867e+00,
        1.66905584e-01,  3.32996138e+00, -1.25726470e-01,  4.53076723e+00,
       -3.71981827e+00, -5.71716712e+00, -3.92953809e+00,  1.83329678e+00,
        7.12115225e+00,  2.28873783e+00,  1.43639393e+00,  2.12014946e+01,
        1.22870038e+01,  2.86312411e+00,  2.95305813e+00]), 'fs_0 - beta_shared': array([ 0.0005636 , -0.00023707,  0.00027054,  0.00029505,  0.00021147,
        0.00021056]), 'fs_0 - beta(p=7,n=3)': array([[ 0.00056357, -0.00023662,  0.00027029,  0.00029461,  0.00021136,
         0.00021026],
       [ 0.00056537, -0.00023403,  0.00027099,  0.00029257,  0.00021126,
         0.00021094],
       [ 0.00056279, -0.00023994,  0.0002706 ,  0.00029654,  0.00021194,
         0.00021025],
       ...,
       [ 0.00056714, -0.00023433,  0.00027113,  0.00029392,  0.00021058,
         0.00021089],
       [ 0.00056497, -0.00023518,  0.00027013,  0.00029531,  0.00021081,
         0.00021029],
       [ 0.00055225, -0.00023356,  0.00026431,  0.00029253,  0.00021043,
         0.00020543]]), 'fs_1 - beta_shared': array([ 0.00756723, -0.0027491 , -0.00475431, -0.0126267 , -0.00253535,
        0.01094428,  0.00211171, -0.0071949 , -0.00547348,  0.00784027,
        0.00154486, -0.00316302, -0.00035057,  0.00133951,  0.00835088,
       -0.00051106, -0.00178648,  0.00258497,  0.00113598,  0.00032342]), 'fs_1 - beta(p=365.25,n=10)': array([[ 0.00757755, -0.00279677, -0.00474842, ...,  0.00263498,
         0.0011307 ,  0.00031486],
       [ 0.0074375 , -0.00256401, -0.00474028, ...,  0.00320163,
         0.0010794 ,  0.00028859],
       [ 0.00770996, -0.00308059, -0.0047454 , ...,  0.00273033,
         0.00110114,  0.00034781],
       ...,
       [ 0.00733172, -0.00231635, -0.00474693, ...,  0.00252474,
         0.00109916,  0.00033154],
       [ 0.00752422, -0.0026813 , -0.00475065, ...,  0.00243583,
         0.00114386,  0.00032988],
       [ 0.00845531, -0.00425085, -0.0048276 , ...,  0.00016172,
         0.00118896,  0.00049353]])}"
