,0
0,"{'lt_0 - slope': array([1.79320831, 1.52246182, 2.79336284, 2.16530729, 2.62606913,
       2.3743503 , 2.52098116, 2.53647046, 2.25833452, 2.10717932,
       1.95327169, 1.53378222, 1.82970148, 2.03774108, 2.12470548,
       2.04779202, 2.74247925, 2.99826352, 2.22025619, 1.80722125,
       1.68579285, 2.72469198, 2.54441041, 1.99618863, 2.27850147,
       1.67344972, 2.17058455, 1.98403102, 2.34415159, 2.07005484,
       2.22052628, 2.27922806, 2.62089537, 3.36431345, 2.42990861,
       2.40637236, 2.47317437, 0.9727561 , 1.74389187, 2.11601084,
       2.08367958, 2.09199261, 2.09480326, 2.14570202, 2.61242595,
       2.82820651, 1.80345608, 2.23846322, 1.90708989, 2.04923495,
       2.81177079, 2.26985558, 1.93778875, 2.40226855, 1.9796937 ,
       2.27269272, 2.53012456, 2.37816888, 2.09760265, 1.53830337,
       1.98236562, 2.31524767, 2.14163104, 2.17905305, 1.64416212,
       1.70104429, 2.69524332, 3.06177033, 1.98689217, 2.0541792 ,
       2.00440253, 2.43071502, 2.15787342, 1.89454437, 2.72378694,
       2.36675391, 1.67961514, 2.47291319, 2.61972576, 2.53074861,
       2.16662007, 1.90932491, 2.15826238, 3.09705223, 2.29857508,
       1.96576604, 2.21142178, 2.54901734, 2.6882248 , 2.45182979,
       2.36347834, 1.85382933, 1.98291599, 2.55688784, 1.79623909,
       2.80743073, 2.0237316 , 1.44920821, 2.0351447 , 2.44875347,
       2.09173191, 2.38628323, 2.03992097, 1.64204746, 2.34877206,
       2.11798648, 2.23647481, 2.60190776, 1.39179137, 1.90520279,
       1.90402827, 2.2731158 , 2.6649307 , 2.27806615, 2.45755292,
       2.10649612, 2.42426814, 2.31447704, 2.71704527, 2.37684538,
       2.24556365, 1.75599337, 2.31696248, 2.79880319, 1.91414736,
       1.8533677 , 2.02247339, 1.2564601 , 2.28881042, 3.16473996,
       3.08786467, 2.70425106, 2.10499222, 2.14584732, 2.25243654,
       1.97890124, 2.3974187 , 2.42250303, 1.78790744, 1.36521839,
       2.47060027, 2.10031873, 1.97221041, 2.1018011 , 1.79285825,
       1.86344177, 1.929265  , 1.94138667, 2.79846344, 2.10024643,
       2.10195382, 2.58974029, 2.29131009, 1.9546817 , 1.61559435,
       2.22065437, 1.56910682, 2.14095482, 1.99528325, 2.10327993,
       2.6181411 , 1.53565874, 1.46173541, 2.04625698, 1.83141965,
       2.67118093, 2.65615016, 2.31968959, 2.81755126, 2.273346  ,
       2.6116874 , 1.5274116 , 1.76077705, 2.42869113, 2.49418045,
       1.97861755, 2.38343568, 2.01398425, 2.56856841, 1.94553543,
       1.48514845, 2.80022797, 2.52096027, 2.49957   , 3.07302151,
       2.2013129 , 1.37840674, 2.69083694, 1.45902573, 1.7708376 ,
       2.85829196, 2.27042204, 1.7536736 , 2.44510603, 2.44060732,
       2.30571116, 1.86569766, 2.51511468, 2.10174991, 2.1226018 ,
       1.85460801, 2.17745093, 2.0446213 , 3.03426756, 2.4888377 ,
       1.81572289, 2.37704035, 1.74689561, 1.79431962, 1.64788918,
       2.75361228, 1.56651237, 2.18732258, 2.37103579, 2.00042754,
       1.94687459, 1.69038974, 1.84858431, 1.89351888, 2.33410199,
       2.14756838, 2.28358036, 2.68673279, 2.19476181, 2.47406651,
       1.66265795, 1.991562  , 1.79257873, 2.18150923, 1.32452053,
       1.8775504 , 2.1735021 , 2.52219262, 1.77002112, 2.08966487,
       2.77860568, 2.71454874, 2.0606566 , 2.23684217, 2.10030147,
       2.9759684 , 3.14190874, 2.19907849, 2.27249335, 1.98915638,
       1.87834356, 2.54005092, 1.39785372, 1.38474215, 2.31931558,
       2.11064763, 2.40708837, 2.46196122, 2.23149245, 1.89617988,
       2.22845843, 2.1887445 , 1.97109587, 2.14807531, 2.42196936,
       2.80316232, 2.11230641, 2.7896203 , 2.85770808, 1.4973344 ,
       2.59110316, 2.48413108, 2.80930086, 2.54904823, 2.30103321,
       2.03530746, 2.26933026, 2.23851255, 2.27906764, 2.67225502,
       2.28932566, 2.58402609, 2.47689237, 2.12964495, 2.10931113,
       2.73355517, 2.53469674, 1.87384289, 2.71797464, 2.31895377,
       2.1541793 , 1.64650064, 2.74495574, 2.16303839, 2.73709754,
       2.39086501, 1.39537331, 2.3236894 , 1.60035139, 1.22514065,
       1.57354369, 2.51671552, 1.71585559, 1.87828928, 2.51389261,
       2.44094819, 1.81889898, 1.91162518, 1.93903939, 1.81431594,
       1.36357367, 1.7750325 , 1.77105679, 2.40517477, 1.93385859,
       2.38556113, 1.97681794, 2.04602907, 2.05436846, 2.22727057,
       2.19210231, 2.38258016, 2.1337626 , 2.84502723, 1.7925979 ,
       2.22776879, 1.96144209, 1.82540367, 2.28228145, 2.63561699,
       2.35071925, 1.96495901, 2.37812563, 2.19022357, 2.06742122,
       1.92331631, 2.62502574, 2.23316302, 2.2299972 , 2.69129541,
       2.05356396, 1.89971455, 2.54107044, 2.84653118, 1.90271027,
       2.75478394, 2.54237135, 2.0281452 , 2.52455732, 2.15234347,
       1.62797902, 2.50441674, 2.87735271, 2.30427785, 2.20504415,
       2.16234252, 1.85355636, 2.03105875, 2.7622572 , 2.78683167,
       2.90625272, 2.00333553, 1.84054855, 1.76835334, 1.6259646 ,
       2.46625858, 2.46112723, 2.08976872, 1.97226495, 2.14141576,
       1.88073379, 1.98661021, 2.38133529, 1.33536725, 2.28349791,
       2.42779017, 2.49613191, 2.72060042, 2.26691893, 2.09482076,
       2.47921762, 1.94620935, 2.32655514, 2.20628494, 1.73814376,
       2.22180175, 2.62744329, 2.70902679, 2.41707197, 2.3306107 ,
       2.43825322, 2.79266183, 1.39910874, 2.03361532, 2.1396602 ,
       2.35794459, 2.91069256, 2.62181531, 2.10304861, 2.88963496,
       1.87243195, 2.00986671, 2.61343031, 2.54848014, 1.70488821,
       2.20729544, 2.9823672 , 2.49310637, 2.38682937, 2.62141608,
       1.76529722, 2.18529022, 1.4143581 , 2.52308257, 2.31921857,
       2.18547187, 2.70560227, 2.47275365, 1.75557192, 2.33527955,
       2.11874539, 2.25004284, 1.61354475, 1.90741111, 1.97690307,
       1.97636899, 2.39729361, 2.59254289, 1.24582388, 1.96656659,
       1.67255497, 2.57191399, 1.81924649, 1.72010683, 2.60274488,
       1.68089111, 2.74056601, 2.60440586, 1.87643941, 2.06128424,
       1.6928559 , 2.05443844, 1.93109644, 2.25996324, 1.70282256,
       2.27883306, 2.31949132, 1.83585851, 2.76484561, 2.78423999,
       2.46595159]), 'lt_0 - intercept': array([-0.84342882, -0.69438127, -1.86233765, -1.2001425 , -1.68167881,
       -1.40968764, -1.56856369, -1.59199852, -1.32814944, -1.17147063,
       -1.00390981, -0.66348063, -0.89847203, -1.08551682, -1.1714878 ,
       -1.08488424, -1.80182972, -2.08941674, -1.25269036, -0.8643343 ,
       -0.78134769, -1.79034066, -1.66063028, -1.04698935, -1.31223094,
       -0.79073207, -1.18418468, -1.12421812, -1.38192575, -1.11689921,
       -1.24978573, -1.31142452, -1.7262442 , -2.4906695 , -1.470711  ,
       -1.44571374, -1.53766734, -0.12400096, -0.8081503 , -1.15219694,
       -1.15196566, -1.12377046, -1.13555897, -1.1814874 , -1.71677475,
       -1.88969727, -0.86674043, -1.27297027, -0.94643705, -1.08772878,
       -1.88650592, -1.32009431, -1.01043305, -1.44383942, -1.02172439,
       -1.34250034, -1.57278   , -1.41732412, -1.16312684, -0.63131244,
       -1.02444946, -1.36675486, -1.17732568, -1.21482858, -0.70583636,
       -0.7745635 , -1.76600516, -2.16113141, -1.03267796, -1.10011862,
       -1.03827889, -1.48803135, -1.19071487, -0.94536244, -1.79767143,
       -1.40501194, -0.75649523, -1.5453078 , -1.68137502, -1.5869762 ,
       -1.19724494, -1.00157165, -1.22295202, -2.2347393 , -1.35284491,
       -1.00041337, -1.24729796, -1.62598103, -1.76149805, -1.50974439,
       -1.47536349, -0.91582972, -1.03343154, -1.66150108, -0.86094664,
       -1.86928164, -1.0638559 , -0.53730851, -1.0749965 , -1.4823902 ,
       -1.13550961, -1.43809978, -1.08690919, -0.7212766 , -1.38674679,
       -1.18160262, -1.29523565, -1.66348212, -0.48663914, -0.9577703 ,
       -0.99269633, -1.31711739, -1.71985886, -1.30749642, -1.51185192,
       -1.18128387, -1.4836205 , -1.35268753, -1.77953791, -1.42718936,
       -1.28761903, -0.83602016, -1.391074  , -1.88358103, -0.97437334,
       -0.91375154, -1.0640283 , -0.3712869 , -1.33606855, -2.28198271,
       -2.20888657, -1.79816418, -1.14141012, -1.17988239, -1.27849288,
       -1.03860484, -1.43412548, -1.49423842, -0.8721732 , -0.48681446,
       -1.52339756, -1.14158384, -1.02023965, -1.13987808, -0.86434555,
       -0.92078654, -1.23917172, -1.01020775, -1.90669067, -1.14329825,
       -1.14904203, -1.64648508, -1.34122489, -1.01314045, -0.70455041,
       -1.25604968, -0.73352646, -1.21008289, -1.0423523 , -1.13091897,
       -1.669041  , -0.62635566, -0.56357086, -1.09410787, -0.91381839,
       -1.7438052 , -1.71458875, -1.34695253, -1.8941196 , -1.30655188,
       -1.6620471 , -0.62065628, -0.83352576, -1.6090909 , -1.68810485,
       -1.01502201, -1.41675694, -1.06940607, -1.62254207, -0.99309378,
       -0.58864   , -1.8985204 , -1.56056274, -1.54660719, -2.17968699,
       -1.23877772, -0.51164959, -1.78558656, -0.59372431, -0.83216758,
       -1.92974487, -1.29936475, -0.83556548, -1.48047759, -1.47911346,
       -1.35635524, -0.91435693, -1.64443851, -1.14179663, -1.17229126,
       -1.04286234, -1.21627469, -1.0998811 , -2.15868411, -1.58021926,
       -0.90787431, -1.42079787, -0.81265625, -0.86539438, -0.7325373 ,
       -1.83047666, -0.6719561 , -1.29724157, -1.40519878, -1.04278629,
       -1.00712311, -0.7888271 , -0.91705113, -0.97288886, -1.38217525,
       -1.18777732, -1.33793796, -1.73737228, -1.22288621, -1.52457783,
       -0.75654556, -1.04736268, -0.85730931, -1.21536379, -0.42176079,
       -0.93678291, -1.20404531, -1.58478924, -0.82846428, -1.13190769,
       -1.84648837, -1.80165941, -1.11351611, -1.27525174, -1.13676844,
       -2.05099542, -2.24990809, -1.2559335 , -1.32359346, -1.03734489,
       -0.93966444, -1.60965726, -0.50480387, -0.54067487, -1.40041533,
       -1.16137424, -1.47214259, -1.50413941, -1.27191303, -0.96026282,
       -1.27942567, -1.2248221 , -1.04384226, -1.19620608, -1.46105468,
       -1.86265517, -1.14608356, -1.84945723, -1.99849235, -0.62241307,
       -1.63966123, -1.52873398, -1.92140122, -1.62565613, -1.33586338,
       -1.07184703, -1.35162206, -1.300008  , -1.32464057, -1.78354014,
       -1.33117594, -1.63079383, -1.53016986, -1.18491843, -1.14531649,
       -1.79576981, -1.57715999, -1.04923779, -1.79198576, -1.3595939 ,
       -1.18826406, -0.76556181, -1.95595181, -1.24040526, -1.80695427,
       -1.44378285, -0.51718931, -1.37604875, -0.68926153, -0.34077057,
       -0.67428639, -1.5547719 , -0.78878131, -0.95609277, -1.56798239,
       -1.48979501, -0.90536966, -0.98521422, -0.99534335, -0.87912175,
       -0.50477957, -0.82931098, -0.83800158, -1.45817959, -0.99104915,
       -1.48763698, -1.02597409, -1.07781362, -1.11214268, -1.25525576,
       -1.22269492, -1.41287286, -1.16711688, -1.93753164, -0.85144511,
       -1.28233854, -1.01780794, -0.89160764, -1.32315495, -1.68189942,
       -1.44131347, -1.02589092, -1.42178336, -1.23820764, -1.10986672,
       -0.98181073, -1.68581752, -1.28555129, -1.27347561, -1.7593964 ,
       -1.10378152, -0.96033542, -1.64317894, -1.93479791, -0.95502239,
       -1.8438591 , -1.59992135, -1.07907983, -1.56297615, -1.20422909,
       -0.82420233, -1.54848825, -1.95598852, -1.33104019, -1.26053797,
       -1.18979259, -0.90866579, -1.09269714, -1.83103388, -1.86135258,
       -1.97369586, -1.0550551 , -0.90462327, -0.8370044 , -0.71928297,
       -1.50663128, -1.50061532, -1.12736423, -1.0181312 , -1.17374869,
       -0.93194313, -1.03875629, -1.41543499, -0.45063837, -1.32390024,
       -1.46679734, -1.57886279, -1.80816984, -1.29862665, -1.13456222,
       -1.52303373, -0.98813663, -1.36312966, -1.25719643, -0.79684775,
       -1.29431233, -1.67365988, -1.76340004, -1.46268246, -1.37801524,
       -1.50297887, -1.86441814, -0.55959075, -1.07040199, -1.18315016,
       -1.40184573, -2.00867533, -1.692068  , -1.13613592, -2.01528521,
       -0.93075966, -1.05847512, -1.71353121, -1.62172259, -0.83043022,
       -1.23893581, -2.06433016, -1.56444035, -1.43666706, -1.6685822 ,
       -0.83582643, -1.22536408, -0.54534239, -1.57009864, -1.36863811,
       -1.22714651, -1.7992815 , -1.53380238, -0.82973956, -1.37504908,
       -1.17552512, -1.30569884, -0.71073271, -0.96968813, -1.02605165,
       -1.03070021, -1.44961254, -1.6877574 , -0.35374989, -1.02925164,
       -0.7550797 , -1.60945729, -0.90557616, -0.79134728, -1.71795456,
       -0.75077394, -1.82636165, -1.6761376 , -0.95838371, -1.10506222,
       -0.87373626, -1.09519364, -0.98643282, -1.29171647, -0.84824553,
       -1.31470299, -1.38021474, -0.89466403, -1.84953004, -1.8654206 ,
       -1.55280198]), 'fs_0 - beta(p=7,n=3)': array([[ 8.15906888e-04,  3.12969331e-04, -2.88857092e-04,
         7.88747474e-04, -5.44485847e-04, -2.93060143e-04],
       [ 4.59489377e-03, -5.77846843e-03,  4.04367714e-03,
         1.01442707e-03,  5.59092454e-04,  1.60382362e-03],
       [ 2.16020741e-03,  4.02569993e-06,  6.53329001e-04,
         1.08882636e-04,  9.25228135e-05, -1.26221166e-04],
       ...,
       [ 1.22010244e-03,  1.28419671e-03, -9.28539456e-04,
        -1.55550634e-04, -6.30989385e-04, -1.60161441e-03],
       [-1.62635537e-03,  3.37144658e-03, -1.14345526e-03,
        -1.77930753e-03,  8.09651708e-04, -4.04893544e-04],
       [ 1.15125909e-03,  1.54594599e-03,  2.88606222e-04,
        -1.52105121e-04,  5.16813833e-04,  4.28739598e-04]]), 'fs_1 - beta(p=365.25,n=10)': array([[ 0.03649144, -0.00024893, -0.00900542, ..., -0.00194665,
        -0.00830103,  0.00062236],
       [ 0.0402562 ,  0.00162439, -0.01086188, ...,  0.00411764,
         0.00317384, -0.00191368],
       [ 0.00299591, -0.00755825,  0.01313448, ..., -0.00067845,
        -0.01137498, -0.00282885],
       ...,
       [ 0.00385282, -0.00855086,  0.00822958, ..., -0.00346181,
        -0.00928581, -0.00229638],
       [ 0.00462977, -0.00901433,  0.00734485, ...,  0.00370923,
         0.00120712, -0.00936766],
       [ 0.01497695, -0.00580541,  0.00325997, ..., -0.00091047,
        -0.01012246,  0.00486577]]), 'sigma_log__': array([-5.12443977, -3.19401985, -4.67102761, -4.60302335, -4.75942791,
       -5.18637494, -5.18542629, -4.69124729, -4.41488738, -4.90871857,
       -5.03746985, -3.96549665, -4.88626537, -4.60693051, -4.70397135,
       -5.3336459 , -4.99580707, -5.0226781 , -4.97613692, -5.05303982,
       -4.46416408, -4.74941891, -3.92423701, -4.88899789, -4.85248671,
       -4.24927421, -6.36400633, -3.05867266, -4.89136524, -4.60023204,
       -5.04076056, -4.9782334 , -4.13779078, -4.31029355, -5.03373261,
       -4.86523945, -4.42306814, -4.34719516, -4.79155092, -4.89966151,
       -4.82057155, -4.61120988, -4.63302747, -4.646889  , -3.96881385,
       -4.59823891, -4.97644784, -5.25203973, -5.17684864, -4.66453588,
       -4.65668866, -4.86030887, -4.25045694, -5.29151367, -4.93977044,
       -4.26952045, -4.77639826, -5.19556146, -4.48331415, -5.03979112,
       -5.05784256, -5.10418553, -4.42965119, -4.62427764, -4.732474  ,
       -4.73909066, -4.85877734, -4.31333044, -4.5883942 , -4.78508495,
       -4.88420118, -4.6483716 , -4.89883366, -5.18838233, -4.49586841,
       -4.8289841 , -4.61115248, -4.74985668, -4.32516621, -4.56785384,
       -5.18677532, -4.35122921, -4.76206105, -3.98328221, -4.85680401,
       -5.18081632, -5.41695163, -4.61787614, -4.78848039, -4.88771393,
       -4.92028854, -5.08857973, -4.40090032, -3.55825557, -4.66533445,
       -5.43106723, -4.71534415, -5.08238713, -4.8209043 , -4.78219057,
       -4.79095091, -4.2229768 , -4.76536707, -4.59115779, -5.10660385,
       -3.99676783, -4.5999597 , -4.86672353, -5.24084374, -4.86384463,
       -3.78771229, -4.56882312, -4.65099008, -5.22396546, -4.92633985,
       -4.42518512, -4.59956977, -5.00651693, -5.21153743, -4.42569279,
       -4.59677941, -4.82241254, -4.47683481, -4.72245602, -4.75467886,
       -4.6209102 , -5.15791737, -4.61105643, -4.80690245, -4.48734779,
       -4.52853112, -4.53761337, -4.87363857, -4.78577247, -5.06864615,
       -4.50804997, -4.86889709, -4.44586873, -4.79143014, -4.61773215,
       -4.52621104, -4.45223633, -4.66318447, -4.61613767, -5.29779691,
       -4.80123423, -2.11555992, -4.41116085, -4.14827055, -4.54001697,
       -4.81513633, -4.22057287, -4.28855805, -4.88291072, -3.99527356,
       -4.82338826, -2.88797331, -4.95272262, -5.01477551, -4.89752365,
       -4.93495439, -4.71918765, -4.75133691, -4.57158816, -4.33462717,
       -4.43942651, -4.90875944, -5.13176148, -4.66159005, -5.17948906,
       -5.29822157, -4.55461493, -4.55147985, -3.36923908, -3.33577185,
       -4.9907747 , -5.20188583, -4.10014945, -5.30608532, -4.9171884 ,
       -4.82749059, -4.6355312 , -5.19053482, -4.65460554, -4.56244031,
       -4.74543781, -4.43804018, -4.66469089, -4.11349477, -5.01433055,
       -5.019947  , -5.08504532, -4.7131797 , -4.87781923, -5.07458623,
       -4.66950982, -4.93152484, -3.54153067, -4.67703841, -5.06493213,
       -3.24749032, -5.38364146, -4.26373343, -4.27639152, -4.09866608,
       -4.27955602, -4.88296868, -4.78379939, -4.90039887, -3.97773941,
       -4.56822167, -4.0084447 , -4.46413985, -5.14831833, -5.31008374,
       -5.07827687, -4.26814538, -4.51190278, -4.92246331, -5.14769089,
       -5.1856518 , -4.67036454, -5.17172296, -5.29756493, -5.00355316,
       -4.19191607, -4.56553946, -4.36989329, -5.18685987, -4.6842159 ,
       -4.86510826, -5.13567963, -4.80158199, -5.31743579, -4.66681736,
       -5.03239832, -4.53474714, -4.81721187, -4.75414032, -4.99089703,
       -4.42113699, -4.49096096, -5.24878312, -4.79660709, -4.68072458,
       -4.24326046, -4.78209437, -4.34679881, -3.44054877, -4.1334104 ,
       -4.49352998, -4.39516424, -5.24357282, -4.96482544, -4.7378899 ,
       -4.69297708, -5.16078834, -4.33126293, -4.76512863, -4.96800273,
       -4.91108032, -4.91040676, -4.95662631, -4.11245539, -4.20803125,
       -5.00699029, -5.00229236, -4.09274573, -4.7335756 , -5.20922977,
       -5.23872967, -4.32012971, -4.60128454, -5.06869071, -4.51410856,
       -4.77116335, -5.16116079, -4.97363883, -4.30914439, -5.1254781 ,
       -5.30131935, -4.84468109, -2.17262589, -4.36507481, -4.89338253,
       -4.66412541, -3.30738175, -3.04856432, -4.2971326 , -5.3877324 ,
       -4.60538623, -4.27292373, -4.17313794, -4.33866616, -4.85722925,
       -4.23738711, -5.20902515, -4.64008364, -4.1293671 , -5.01717232,
       -5.03683516, -4.40484618, -4.3002376 , -4.72540119, -4.65281798,
       -3.72213938, -4.91469499, -4.68837165, -5.21369583, -4.85741901,
       -3.69007705, -5.041247  , -5.08064981, -4.46270823, -5.16877724,
       -5.09940454, -5.05448278, -5.10052097, -5.1724074 , -5.03838493,
       -4.79466237, -4.58101001, -4.78665687, -5.09114385, -5.32548615,
       -4.51504592, -4.59485006, -4.77925312, -4.75553318, -4.57626512,
       -4.68724648, -4.97855724, -4.64568679, -4.94958021, -4.23864556,
       -4.57066437, -4.79650613, -3.89383911, -4.24146771, -4.49866288,
       -4.17970417, -4.77865686, -4.8552144 , -5.04645236, -4.54047225,
       -3.7677474 , -4.62313143, -4.83130196, -5.06428632, -4.62377082,
       -5.10872098, -4.51966586, -4.61080704, -4.91670013, -4.74546788,
       -4.98241656, -4.47830161, -4.61253698, -5.08771707, -4.67537891,
       -5.37934526, -5.26886836, -4.92189187, -4.69020162, -4.93768367,
       -4.69032421, -4.57921079, -5.13889738, -4.43493746, -5.16180227,
       -5.31811921, -3.87616341, -4.68095179, -5.27594564, -4.68332977,
       -4.83929079, -4.82159922, -5.0410948 , -4.48052146, -4.81602654,
       -4.42605626, -5.2730252 , -5.3211788 , -4.53865636, -4.76134204,
       -5.1236213 , -4.60411068, -3.83705187, -5.32015292, -4.96300991,
       -4.66686517, -4.03664449, -4.44216444, -4.93753082, -3.77332864,
       -4.53036435, -4.99060914, -4.26371262, -4.67940366, -3.6172199 ,
       -4.61277215, -4.68894794, -4.93029384, -4.75445257, -5.36662652,
       -4.73596335, -4.88964864, -3.75916153, -5.18074857, -5.00428334,
       -4.98782335, -4.67107633, -4.78473074, -4.61529691, -4.62540988,
       -4.99077355, -4.02852668, -4.48693884, -4.64585521, -5.02018813,
       -4.79985306, -4.81310014, -4.35690884, -4.29416442, -4.57023729,
       -4.5271346 , -5.4241703 , -3.91717635, -4.902928  , -3.78151508,
       -4.94546421, -4.88341297, -4.66087396, -4.45319949, -4.72627148,
       -3.36448992, -4.59107548, -5.30466644, -4.86498766, -4.5030963 ,
       -5.11088018, -4.56457555, -4.68140673, -3.64590047, -4.42401031,
       -4.42794189]), 'sigma': array([0.00594955, 0.0410067 , 0.00936264, 0.01002149, 0.00857051,
       0.00559224, 0.00559755, 0.00917523, 0.01209592, 0.00738194,
       0.00649015, 0.01895862, 0.00754956, 0.00998241, 0.00905923,
       0.00482644, 0.00676626, 0.00658686, 0.00690067, 0.00638988,
       0.01151432, 0.00865672, 0.01975721, 0.00752896, 0.00780893,
       0.01427459, 0.00172245, 0.04694997, 0.00751116, 0.0100495 ,
       0.00646883, 0.00688622, 0.01595807, 0.01342961, 0.00651445,
       0.00770998, 0.01199737, 0.01294306, 0.00829958, 0.0074491 ,
       0.00806218, 0.00993979, 0.00972527, 0.00959139, 0.01889583,
       0.01006955, 0.00689852, 0.00523683, 0.00564577, 0.00942362,
       0.00949786, 0.00774809, 0.01425772, 0.00503413, 0.00715624,
       0.01398849, 0.00842629, 0.0055411 , 0.01129591, 0.0064751 ,
       0.00635926, 0.00607128, 0.01191865, 0.00981074, 0.00880466,
       0.0087466 , 0.00775997, 0.01338888, 0.01016917, 0.00835341,
       0.00756516, 0.00957718, 0.00745527, 0.00558103, 0.01115499,
       0.00799464, 0.00994036, 0.00865294, 0.01323135, 0.01038021,
       0.00559   , 0.01289096, 0.00854797, 0.01862441, 0.00777529,
       0.00562341, 0.00444066, 0.00987374, 0.0083251 , 0.00753864,
       0.00729703, 0.00616677, 0.01226629, 0.02848848, 0.0094161 ,
       0.00437842, 0.00895678, 0.00620508, 0.0080595 , 0.00837763,
       0.00830456, 0.01465495, 0.00851976, 0.01014111, 0.00605662,
       0.01837493, 0.01005224, 0.00769855, 0.00529579, 0.00772074,
       0.02264735, 0.01037016, 0.00955214, 0.00538593, 0.007253  ,
       0.01197199, 0.01005616, 0.00669418, 0.00545328, 0.01196592,
       0.01008426, 0.00804735, 0.01136934, 0.00889331, 0.00861131,
       0.00984383, 0.00575367, 0.00994131, 0.00817314, 0.01125044,
       0.01079652, 0.01069891, 0.0076455 , 0.00834767, 0.00629093,
       0.01101993, 0.00768183, 0.01172691, 0.00830058, 0.00987517,
       0.0108216 , 0.01165248, 0.00943636, 0.00989092, 0.0050026 ,
       0.0082196 , 0.12056576, 0.01214108, 0.0157917 , 0.01067323,
       0.00810612, 0.01469023, 0.0137247 , 0.00757493, 0.01840241,
       0.0080395 , 0.05568896, 0.00706415, 0.00663912, 0.00746505,
       0.00719079, 0.00892242, 0.00864014, 0.01034152, 0.01310676,
       0.01180271, 0.00738164, 0.00590615, 0.00945142, 0.00563088,
       0.00500048, 0.01051855, 0.01055158, 0.03441582, 0.03558711,
       0.00680039, 0.00550617, 0.0165702 , 0.00496131, 0.00731968,
       0.00800659, 0.00970095, 0.00556903, 0.00951767, 0.01043656,
       0.00869126, 0.01181908, 0.00942216, 0.01635053, 0.00664208,
       0.00660488, 0.00618861, 0.00897619, 0.0076136 , 0.00625367,
       0.00937686, 0.00721549, 0.02896895, 0.00930654, 0.00631434,
       0.03887164, 0.00459107, 0.01406968, 0.0138927 , 0.0165948 ,
       0.01384881, 0.00757449, 0.00836416, 0.00744361, 0.01872793,
       0.0103764 , 0.01816162, 0.0115146 , 0.00580917, 0.00494151,
       0.00623064, 0.01400774, 0.01097755, 0.00728117, 0.00581281,
       0.00559629, 0.00936885, 0.00567478, 0.00500376, 0.00671405,
       0.01511729, 0.01040427, 0.01265259, 0.00558953, 0.00923998,
       0.00771099, 0.00588305, 0.00821674, 0.00490532, 0.00940215,
       0.00652315, 0.01072962, 0.00808931, 0.00861595, 0.00679956,
       0.01202056, 0.01120987, 0.00525391, 0.00825772, 0.00927229,
       0.01436069, 0.00837843, 0.0129482 , 0.03204709, 0.01602812,
       0.01118111, 0.01233685, 0.00528135, 0.00697917, 0.00875711,
       0.00915938, 0.00573718, 0.01315093, 0.00852179, 0.00695703,
       0.00736453, 0.00736949, 0.00703663, 0.01636754, 0.01487563,
       0.00669101, 0.00672252, 0.01669334, 0.00879497, 0.00546588,
       0.00530699, 0.01329816, 0.01003893, 0.00629065, 0.01095337,
       0.00847052, 0.00573504, 0.00691793, 0.01344505, 0.00594338,
       0.00498501, 0.00787013, 0.11387819, 0.0127137 , 0.00749602,
       0.00942749, 0.03661191, 0.04742697, 0.01360752, 0.00457233,
       0.00999784, 0.01394096, 0.01540385, 0.01305393, 0.00777199,
       0.01444529, 0.005467  , 0.00965689, 0.01609306, 0.00662323,
       0.00649427, 0.01221799, 0.01356534, 0.00886716, 0.0095347 ,
       0.02418218, 0.00733796, 0.00920166, 0.00544153, 0.00777051,
       0.02497008, 0.00646568, 0.00621587, 0.01153109, 0.00569152,
       0.00610038, 0.00638067, 0.00609357, 0.0056709 , 0.00648421,
       0.00827379, 0.01024454, 0.00834029, 0.00615098, 0.00486598,
       0.0109431 , 0.01010374, 0.00840227, 0.00860396, 0.01029327,
       0.00921202, 0.00688399, 0.00960293, 0.00708638, 0.01442712,
       0.01035108, 0.00825855, 0.020367  , 0.01438646, 0.01112386,
       0.01530303, 0.00840728, 0.00778766, 0.00643211, 0.01066837,
       0.02310405, 0.00982199, 0.00797613, 0.00631842, 0.00981571,
       0.00604381, 0.01089266, 0.00994379, 0.00732326, 0.00869099,
       0.00685747, 0.01135268, 0.0099266 , 0.00617209, 0.00932199,
       0.00461084, 0.00514943, 0.00728533, 0.00918483, 0.00717119,
       0.00918371, 0.01026299, 0.00586415, 0.01185581, 0.00573136,
       0.00490196, 0.02073021, 0.00927019, 0.00511312, 0.00924817,
       0.00791266, 0.0080539 , 0.00646666, 0.0113275 , 0.0080989 ,
       0.01196157, 0.00512807, 0.00488699, 0.01068776, 0.00855412,
       0.00595442, 0.0100106 , 0.02155706, 0.00489201, 0.00699185,
       0.0094017 , 0.01765662, 0.01177043, 0.00717229, 0.02297546,
       0.01077675, 0.00680152, 0.01406997, 0.00928455, 0.02685724,
       0.00992427, 0.00919636, 0.00722438, 0.00861326, 0.00466986,
       0.00877399, 0.00752407, 0.02330327, 0.0056238 , 0.00670915,
       0.00682049, 0.00936219, 0.00835637, 0.00989924, 0.00979964,
       0.0068004 , 0.01780054, 0.01125504, 0.00960132, 0.00660328,
       0.00823096, 0.00812264, 0.01281795, 0.01364797, 0.0103555 ,
       0.01081161, 0.00440872, 0.0198972 , 0.00742481, 0.02278814,
       0.00711561, 0.00757113, 0.00945819, 0.01164126, 0.00885944,
       0.03457965, 0.01014195, 0.00496836, 0.00771192, 0.01107465,
       0.00603077, 0.0104143 , 0.00926597, 0.0260979 , 0.01198607,
       0.01193904])}"
