,0
0,"{'lt_0 - slope': array([ 0.40330623,  1.59144985, -0.29201802,  0.91708478,  0.18644926,
        0.01096971,  1.01736746,  1.04701272,  0.75393597,  0.77847209,
        0.712409  ,  1.32276608,  0.47778371,  0.11977946,  0.36765312,
        0.63252397,  1.00675982,  0.39356411,  0.95260343,  1.26707183,
        0.69659962,  0.27752437,  1.41392743,  0.71976457,  0.21928596,
        0.63975122,  0.9739779 ,  0.44232978,  0.38097397, -0.23483547,
        0.64507909,  0.49134267,  0.75473985,  1.16086952,  0.08729612,
        0.69834625,  0.7472002 ,  1.14680358,  0.35388842,  1.30685049,
        0.51992737,  0.39462991,  0.31933643,  0.33971632,  0.58013367,
        0.17806489,  0.25347628,  0.867233  ,  0.43061451,  1.31248441,
        1.57064778,  0.71045986,  1.04276778,  0.57050712,  0.61446386,
        0.44664498,  1.25828732,  1.35705431,  1.10780803,  1.50794214,
        0.5714091 , -0.02799442, -0.00734225, -0.04278705,  0.69643325,
       -0.35900271,  1.42572624,  0.77495055, -0.22653636,  1.19138778,
        0.6300236 ,  0.45606278,  0.13588681,  0.20735015,  1.09381523,
        0.88340155,  0.78513597,  1.56290556,  0.79156591,  1.72542995,
        0.04965772,  0.84525176,  0.6758146 ,  0.4836483 ,  0.31739683,
        0.04914737, -0.2274164 ,  1.70743272,  0.52264212,  0.84585837,
        0.40481254,  1.13558834,  0.29156586, -0.12536556,  0.71975331,
        1.39269839,  0.47271771,  0.88323926, -0.05566509, -0.10042567,
        1.01890443,  0.37753293,  0.62063289,  1.87878972,  0.2346291 ,
        0.4342675 , -0.03363737, -0.51837981,  0.81074057,  0.40093214,
        2.02323594,  0.867298  ,  1.35053203,  0.81111491, -0.06314   ,
        0.56395715, -0.36510975,  0.55995995,  0.66198688,  0.10659961,
       -0.75526086,  0.25705819,  1.5128682 ,  1.35661933,  0.58160089,
        0.2356719 , -0.08967618,  0.39798715,  1.63875292,  0.14622141,
        0.59045452,  0.08603266,  0.20612354,  0.28529134,  0.13139794,
        0.31659148, -0.20430169,  1.33179978,  0.53378979,  0.78782334,
        0.22831679,  0.53216618,  0.40465184,  0.19408468,  0.46939765,
       -0.02448153,  0.27375227,  1.31629494,  0.20439371,  0.12910389,
        0.45439856,  1.31598239,  0.04336638,  0.39450914,  0.73052455,
        0.3697402 ,  0.69016932,  1.25848095,  1.26390251,  0.25707741,
        1.58138619,  0.01421748,  1.24485383, -0.12937379,  2.03964751,
       -0.02800756,  0.48661405,  1.04921959,  0.40166108,  0.3279705 ,
       -0.47744329,  1.29535419,  0.94337913,  0.91486779,  0.6709002 ,
        0.62068286, -0.01810903,  0.27270111,  0.19194188,  1.48362876,
        0.18741935,  1.26015557,  0.86709985,  1.43385452, -0.04595625,
        0.65948923,  0.20839358, -0.0359984 ,  1.63485548,  0.44604668,
        0.53093658,  0.50652716,  0.38846296,  0.93836589,  1.02593894,
        0.52655123,  0.24186749, -0.10014369, -0.1325333 ,  0.78191566,
        0.44450384,  0.601887  ,  0.50966235,  0.39626121,  0.14926258,
        0.18906003,  1.25378692,  0.61440692,  0.47154199,  0.42489998,
        0.31245952,  1.21352229,  0.66496155, -0.16057571,  0.36507381,
        0.96186489,  0.7525994 ,  0.60509945,  0.62081059,  0.94396171,
        0.75876745,  0.25888614,  0.38585834,  1.10229429,  1.44469805,
       -0.30095618,  1.61852647,  1.50927593,  0.29943652, -0.16002966,
        1.21185834, -0.11731511,  0.31266649, -0.3624887 ,  0.20264414,
        0.6046075 ,  0.88449945,  1.58512398, -0.15691849, -0.43020876,
        0.1919495 ,  1.36790197,  0.52818605, -0.02007953,  0.5626688 ,
        0.54315017,  1.47894026,  0.29012294, -0.25396025,  1.38088577,
        0.15710594,  1.58395244,  1.36686952,  0.9682409 ,  1.0643159 ,
        1.19591043,  0.48282746,  0.71424322, -0.12031972,  0.47724559,
        0.74815299,  0.00859299,  0.40577035,  0.5773916 ,  0.23178763,
        1.71967106,  0.58267672,  1.40150075,  0.11825842, -0.02181138,
        0.29413189,  0.91136685,  0.67197219,  0.38833529, -0.43635213,
        0.28557352, -0.01845114,  0.82417135,  0.72022454,  1.54868179,
        0.11139019,  0.88206033,  0.85581109,  1.35511127,  0.98694117,
        1.07255597,  0.85175744,  0.26118811,  0.41446412, -0.2192466 ,
        1.16348214, -0.0404643 , -0.2368965 ,  1.39150273,  0.57868337,
        1.38488925,  0.04393335,  1.25959015,  0.62481923,  1.45699007,
        1.00460432,  1.3596079 , -0.10592427,  0.10007898, -0.04103314,
        0.0021194 , -0.20593192,  1.35270053,  0.80693207,  0.28563026,
        0.18229119,  0.20923862, -0.0103042 ,  0.23369999,  0.14536585,
        0.54484218,  0.25081416,  0.38851328,  0.13127481,  1.92152693,
        0.41229896,  0.57484614,  1.10985367, -0.32358909,  1.15599034,
        0.21325994,  0.19191436,  1.67793679, -0.10569463,  0.47628221,
        0.318263  , -0.13239775,  0.33944967,  0.40709008,  1.95013338,
        0.28225161,  0.99839378,  0.91004926,  1.7739008 ,  1.16945182,
        1.22868177,  0.34478238,  1.45180119, -0.23421647,  0.23944917,
        1.54360589,  1.0384896 ,  1.43676235,  0.38108234, -0.28953872,
        1.12845166,  1.12827862,  0.68982716,  0.85064712,  0.98290647,
        0.41955062,  0.18056747,  0.41431713,  1.34921203,  0.44614546,
       -0.06243862, -0.40905966,  0.54829389, -0.31101128,  0.96740612,
        1.02198439,  0.31814052, -0.310144  ,  0.87744308,  0.3637164 ,
        0.18749246,  1.18682157,  1.1232015 ,  0.38038022,  0.65494594,
        1.02895075,  1.22583561,  0.64480164,  0.531553  , -0.11268686,
        0.88010357,  0.77840336,  0.84250559,  1.07647258,  1.47642382,
        1.18913025, -0.54153217,  0.37141788,  0.19612752,  0.6143786 ,
        1.29508556,  0.14290237,  0.61678876,  0.20312266, -0.06338143,
       -0.25319189,  0.05265153,  1.17164595,  1.30401259,  0.69122687,
        0.83174121,  0.20767963,  0.1021407 , -0.04099021,  1.93931093,
        0.26892898,  0.61603093,  0.10074902,  0.87949532,  1.50462727,
        0.7598032 ,  0.91826297,  0.64337454,  1.22567439,  0.71337861,
       -0.34624207,  1.23393195,  0.94474983, -0.02421152,  0.64436272,
        0.97310898, -0.30648914, -0.14573098, -0.32366358, -0.12950616,
        1.30473716,  0.09329971,  0.44542629,  1.16255886,  0.14981465,
       -0.33498025,  0.50800416, -0.22172499,  0.76156227,  1.12411637,
        0.33641273,  0.75265895,  0.04799488,  0.28509196,  0.40829776,
        0.08754189,  0.28765354,  0.48869269,  0.51760682,  0.51167189,
        0.7052541 ,  0.34593108, -0.00463508,  0.40723331,  1.48207162,
        0.44713174]), 'lt_0 - intercept': array([ 0.5737357 , -0.68012244,  1.20572141,  0.04939006,  0.77153134,
        0.93723872, -0.04869814, -0.07732107,  0.23052496,  0.15439188,
        0.27823575, -0.36526372,  0.49368451,  0.85018525,  0.5744654 ,
        0.35907103, -0.0493034 ,  0.57203928,  0.0326722 , -0.43257303,
        0.27249339,  0.70197829, -0.4778503 ,  0.2833048 ,  0.74379906,
        0.33067902,  0.03750704,  0.46778907,  0.59037294,  1.18963157,
        0.24505468,  0.48629241,  0.1984182 , -0.1903775 ,  0.87005711,
        0.3011673 ,  0.21095606, -0.22474704,  0.61860227, -0.33574491,
        0.44484719,  0.57227303,  0.6438943 ,  0.6282856 ,  0.40588984,
        0.80043443,  0.71934152,  0.06616381,  0.53868897, -0.38424451,
       -0.71741302,  0.26480234, -0.06453449,  0.41353802,  0.32700036,
        0.51593075, -0.30498314, -0.45350221, -0.15322607, -0.59852417,
        0.42019422,  0.95998171,  0.96165681,  1.01113283,  0.28791025,
        1.3022583 , -0.49939108,  0.19440523,  1.16573021, -0.26380672,
        0.3725789 ,  0.52573763,  0.81776092,  0.75274727, -0.13141973,
        0.07175973,  0.19058494, -0.67524864,  0.09610813, -0.86823434,
        0.91635306,  0.12567918,  0.29728094,  0.48400455,  0.66346532,
        0.93222077,  1.17540276, -0.84468936,  0.47144904,  0.09694172,
        0.54386199, -0.20454121,  0.67742726,  1.06148253,  0.2411913 ,
       -0.48648767,  0.50706414,  0.07499922,  0.98795734,  1.03349172,
       -0.03296398,  0.57201827,  0.37672351, -0.98360654,  0.72249184,
        0.51537146,  0.97266549,  1.44383016,  0.16054125,  0.57602656,
       -1.1521757 ,  0.12652998, -0.39784949,  0.0949589 ,  0.87910605,
        0.43196957,  1.29882451,  0.4244278 ,  0.3249107 ,  0.85075409,
        1.61979373,  0.7140504 , -0.57938524, -0.44283335,  0.39880663,
        0.73833997,  1.02786929,  0.57079263, -0.76566875,  0.76143755,
        0.38073253,  0.8747532 ,  0.77287923,  0.67778676,  0.84548423,
        0.6590668 ,  1.14881858, -0.41455714,  0.41980844,  0.18420621,
        0.7389757 ,  0.4319527 ,  0.57098554,  0.77569648,  0.5029907 ,
        0.97275202,  0.62004989, -0.32441634,  0.74309941,  0.83801579,
        0.54412179, -0.39296611,  0.91296852,  0.58726061,  0.20325993,
        0.57337514,  0.1132689 , -0.31150891, -0.35771743,  0.72143333,
       -0.72384496,  0.94412959, -0.34093779,  1.09015684, -1.13317382,
        0.96721394,  0.48072991, -0.11792296,  0.58179265,  0.63714389,
        1.40669533, -0.35508781,  0.0423541 ,  0.05388049,  0.3053868 ,
        0.36003993,  0.97624913,  0.68725104,  0.73031751, -0.62238173,
        0.77814095, -0.31053942,  0.09635181, -0.56363768,  0.98592975,
        0.28954863,  0.75758655,  0.95485141, -0.70637353,  0.48725103,
        0.45146718,  0.47323792,  0.59753339,  0.03408743, -0.07372311,
        0.4385233 ,  0.7359817 ,  1.01692533,  1.03375179,  0.1443161 ,
        0.54648749,  0.37653794,  0.46440258,  0.58172206,  0.80571206,
        0.70098917, -0.39969899,  0.34981195,  0.51811351,  0.5516724 ,
        0.67781434, -0.29980791,  0.31093961,  1.08731983,  0.60402048,
       -0.03741296,  0.22172519,  0.37269031,  0.31583511, -0.01828138,
        0.18253502,  0.71981531,  0.60619038, -0.17234906, -0.54814727,
        1.25343576, -0.81085007, -0.58080286,  0.6923476 ,  1.1115019 ,
       -0.24646893,  1.08570626,  0.63955191,  1.29216463,  0.78350588,
        0.34240048,  0.08874199, -0.66650469,  1.10283188,  1.36813471,
        0.78910586, -0.45242666,  0.46252622,  0.98266228,  0.4144405 ,
        0.40257417, -0.65752089,  0.66944313,  1.15857825, -0.43165288,
        0.76262689, -0.67844234, -0.39810485,  0.0119195 , -0.09575344,
       -0.2401594 ,  0.4935205 ,  0.24346179,  1.06722209,  0.5200443 ,
        0.21782879,  0.85965735,  0.57127478,  0.38580416,  0.75558019,
       -0.86502079,  0.3874919 , -0.46241483,  0.84204872,  0.98523409,
        0.66208349, -0.08713952,  0.33019393,  0.59988476,  1.36332251,
        0.69404181,  0.91194833,  0.16394997,  0.26441782, -0.69270601,
        0.84491095,  0.0879381 ,  0.11067128, -0.46287386, -0.01380105,
       -0.10042876,  0.11818155,  0.71202958,  0.56122156,  1.08723217,
       -0.31194249,  0.98387771,  1.15507875, -0.48363353,  0.36563537,
       -0.46657939,  0.88517612, -0.31838098,  0.34587336, -0.55462298,
       -0.15571762, -0.56077791,  1.07929019,  0.86009328,  0.974146  ,
        0.93759795,  1.15054816, -0.47083329,  0.16654026,  0.69631618,
        0.79688744,  0.77382601,  0.96699173,  0.7252795 ,  0.82071588,
        0.43456389,  0.72411238,  0.60777634,  0.84454433, -1.01032231,
        0.57882032,  0.39500863, -0.18829862,  1.25771676, -0.18677201,
        0.75601085,  0.7854383 , -0.80117603,  1.04076936,  0.49229934,
        0.64617154,  1.07523623,  0.63265923,  0.53775804, -1.08168595,
        0.69217218, -0.01465136,  0.06065946, -0.88282003, -0.24255535,
       -0.29019923,  0.62419586, -0.55956528,  1.17903321,  0.69612345,
       -0.7263842 , -0.13273291, -0.55615502,  0.58286646,  1.22799553,
       -0.20716746, -0.18285461,  0.29992624,  0.14423563, -0.01420336,
        0.55501527,  0.77961406,  0.55057353, -0.45791663,  0.52470252,
        1.00652208,  1.31001428,  0.43317658,  1.24852687, -0.02969654,
       -0.02591645,  0.65137939,  1.25554472,  0.11271883,  0.60137378,
        0.77249914, -0.25047202, -0.19597638,  0.60012816,  0.3359747 ,
       -0.07346283, -0.35822483,  0.32482618,  0.42751817,  1.05393038,
        0.07406165,  0.20382971,  0.07611093, -0.11373937, -0.55258823,
       -0.2579221 ,  1.46031823,  0.5686029 ,  0.73461856,  0.36295611,
       -0.36741993,  0.80273096,  0.3453587 ,  0.77668996,  0.91553075,
        1.16971737,  0.91194764, -0.25494739, -0.37698282,  0.30326531,
        0.08454829,  0.75208966,  0.7489352 ,  0.9310964 , -1.04630785,
        0.70193918,  0.36760784,  0.8161979 ,  0.07947692, -0.60438995,
        0.22302413,  0.0620661 ,  0.23531638, -0.29183722,  0.28775672,
        1.26108605, -0.3175153 , -0.07055089,  0.97990706,  0.35131766,
       -0.02748746,  1.20301899,  1.09696423,  1.16306692,  1.09683103,
       -0.37314965,  0.87640722,  0.53843946, -0.24491848,  0.81118566,
        1.27643352,  0.40819583,  1.14622272,  0.20984261, -0.15439208,
        0.64583414,  0.24201861,  0.90122199,  0.68259351,  0.56933608,
        0.81994016,  0.679282  ,  0.50863423,  0.46394195,  0.46166754,
        0.26650121,  0.63895838,  0.9571943 ,  0.5627424 , -0.63020629,
        0.54833226]), 'fs_0 - beta(p=7,n=3)': array([[-8.36436169e-04, -1.80053777e-03,  9.37523904e-04,
         3.99126316e-04, -4.94014372e-04,  3.17796877e-04],
       [ 1.92487900e-03,  1.70869577e-03, -5.42483376e-04,
        -5.57464094e-04,  2.08101798e-03,  1.38604878e-03],
       [-1.54396172e-03, -6.02406957e-04,  8.96238109e-04,
         1.14081870e-03, -1.16155372e-03,  4.62098663e-04],
       ...,
       [-1.97686524e-03,  5.33512698e-04, -4.87873287e-04,
         1.12003866e-04,  1.58795478e-04,  7.23992572e-04],
       [ 7.24134284e-03,  8.59830903e-04, -2.27400643e-03,
         7.02364795e-04,  2.01595946e-03, -1.19009573e-05],
       [-7.62815804e-04,  1.43009483e-03, -9.66283746e-04,
         1.03511064e-03, -1.30902825e-03, -7.49311820e-04]]), 'fs_1 - beta(p=365.25,n=10)': array([[ 0.01527301, -0.02170206, -0.00594979, ...,  0.00900554,
        -0.00259552, -0.00136004],
       [ 0.01664298, -0.00698185, -0.02855282, ...,  0.00870626,
        -0.01098204,  0.00409205],
       [ 0.01647886, -0.03003103,  0.00655108, ...,  0.00744484,
        -0.00148989,  0.00217728],
       ...,
       [ 0.01397055, -0.02173304, -0.00535204, ...,  0.00675089,
         0.00368761, -0.01009052],
       [ 0.01530763, -0.00898723, -0.02488345, ...,  0.00795467,
        -0.00735366, -0.00118416],
       [ 0.01484543, -0.02104407, -0.00729298, ...,  0.00588863,
        -0.00285065,  0.00278137]]), 'sigma_log__': array([-4.46587156, -4.17865885, -4.48848632, -4.30297871, -4.04373132,
       -4.77822508, -4.45639548, -4.2908559 , -4.52484927, -3.99267151,
       -5.05179267, -3.9753899 , -4.4058157 , -4.68456857, -3.92320289,
       -4.98000908, -4.35951447, -4.47395738, -4.84363362, -2.94479845,
       -4.17491948, -4.30579318, -4.37906867, -4.98850241, -4.17110062,
       -4.24313346, -5.32349131, -3.18000331, -4.89474937, -4.00312422,
       -3.49070521, -4.08040466, -4.39607188, -4.34708525, -4.48800784,
       -4.92313026, -4.35699894, -3.36520295, -4.60793176, -4.67259617,
       -4.43516425, -4.04044034, -4.45101431, -4.24774478, -4.27840392,
       -4.33579453, -4.54200584, -4.00757712, -5.09265534, -4.51883321,
       -3.90431069, -4.69218854, -3.5027964 , -4.52243874, -4.11272917,
       -3.93723966, -4.48208   , -4.21424018, -4.41695242, -4.02458879,
       -4.70551708, -4.21645344, -4.55649793, -4.81137813, -4.4391655 ,
       -4.18939421, -4.48663858, -4.24699039, -4.01145286, -4.08490347,
       -4.73976313, -4.45170662, -3.96619121, -3.95271089, -4.6542803 ,
       -4.78806873, -4.60554817, -4.00598789, -3.31049503, -3.9610381 ,
       -4.25246332, -4.75604627, -4.09929614, -4.10719911, -4.87777902,
       -4.91946639, -4.507755  , -3.8889187 , -4.61294295, -4.17621667,
       -3.87474328, -4.29857338, -4.51083528, -3.42226435, -4.28593983,
       -4.1853055 , -4.66054345, -3.86920851, -4.94355743, -4.76679796,
       -4.39007638, -4.38232999, -4.81666267, -4.39672575, -4.58578238,
       -3.6545056 , -4.08059761, -4.14467488, -4.78947843, -4.62531013,
       -4.25242839, -5.26965634, -4.24377565, -4.22365713, -3.07954233,
       -4.81257895, -4.61892325, -4.46428028, -5.12610593, -3.90096525,
       -4.1358594 , -4.01156578, -4.50486027, -4.5370518 , -4.7091671 ,
       -4.66671807, -4.37511617, -3.99205966, -3.45988972, -2.48182234,
       -4.39174931, -4.39082869, -4.73407641, -4.43333417, -4.28439064,
       -4.5108468 , -4.75414869, -4.3872201 , -4.15746073, -4.27029385,
       -4.42634533, -4.48780922, -4.64097873, -4.46582624, -4.23893451,
       -4.28963647, -3.26115449, -5.88292392, -2.7641996 , -4.28165922,
       -4.79239503, -4.18463565, -4.09506912, -4.5320695 , -4.09125955,
       -4.07065682, -3.08405059, -4.40269013, -4.1265352 , -4.98985088,
       -3.93091636, -4.1027629 , -4.11641307, -4.31192439, -4.31719822,
       -3.6562571 , -4.45878778, -4.4135783 , -4.75598288, -4.43379225,
       -4.86333107, -4.77237581, -4.74346364, -4.45255456, -4.7737475 ,
       -4.80362947, -4.48326825, -4.59256156, -4.50703157, -3.98138089,
       -4.5044946 , -4.34070022, -4.33538712, -3.91059193, -4.21120417,
       -4.10434398, -4.61526774, -3.88439968, -4.72925784, -3.79729509,
       -4.58424629, -4.29767456, -4.34084471, -4.38756579, -4.78071757,
       -4.30155699, -4.60541562, -4.54317868, -4.22206733, -4.0523704 ,
       -4.8759197 , -4.90833031, -4.50536733, -4.59234524, -3.99166374,
       -2.5900819 , -3.13763314, -4.51821162, -4.73025168, -4.37469175,
       -5.11385347, -3.95985094, -4.76721408, -3.76779872, -4.43066298,
       -4.30769524, -4.74535595, -4.22243625, -4.10502053, -4.40551349,
       -4.26313771, -4.79445839, -5.16737765, -3.72298621, -4.31805899,
       -4.91193739, -3.55190527, -4.26035919, -4.62466605, -4.16705125,
       -4.66602577, -4.66973956, -3.89490218, -4.25239507, -5.24212712,
       -4.26483377, -4.90732561, -4.38142656, -4.53762417, -5.07680607,
       -4.22558022, -4.74407166, -4.63732051, -4.71506875, -4.57191339,
       -4.11139524, -3.54387251, -4.3248167 , -4.43430123, -4.45377207,
       -3.34393168, -3.9219708 , -4.40356618, -4.39792737, -4.43559309,
       -4.99341982, -4.05264707, -4.7290802 , -4.2625523 , -4.98542364,
       -4.41246849, -2.64263796, -4.9098614 , -4.23106083, -4.78438318,
       -3.76956298, -4.53196322, -4.61630928, -4.26188321, -4.83493343,
       -4.71985462, -3.45077272, -4.89133339, -4.8854116 , -4.39017486,
       -4.63381394, -3.89420639, -4.25832827, -4.57198148, -3.87009549,
       -4.49272884, -4.74856065, -4.62647808, -4.37625212, -4.68130445,
       -4.21055099, -4.37319409, -4.68647637, -4.32619099, -3.29386999,
       -2.71088806, -4.32727007, -4.75728334, -4.38163818, -3.89718493,
       -3.950441  , -3.68594866, -4.60542338, -3.49378978, -4.43015789,
       -3.62297781, -3.30367386, -5.32997344, -4.21056746, -4.39795999,
       -4.39796477, -3.85035559, -4.1067358 , -3.99556601, -4.96138801,
       -5.30625258, -4.56493711, -4.21471791, -3.28528843, -4.61279652,
       -4.51377992, -4.52908897, -5.0136679 , -4.30436747, -4.55069894,
       -4.80925766, -4.61472816, -4.35176913, -4.83639721, -4.46682065,
       -3.9685827 , -4.52393281, -4.18900293, -4.0604662 , -4.46613147,
       -4.91178082, -4.21214655, -4.55190949, -3.89658588, -4.25009297,
       -4.33524165, -4.78048106, -4.65168941, -4.13334276, -4.1537422 ,
       -4.19060845, -3.73848115, -4.18827222, -4.28703456, -3.56874564,
       -3.57164069, -4.06931255, -4.08300798, -4.42947438, -4.76123426,
       -4.23874828, -4.57739938, -4.94254261, -4.83884495, -4.92552817,
       -4.8140025 , -4.05215715, -4.85734657, -4.06000371, -4.47045554,
       -3.98583222, -4.34684612, -4.90793701, -4.23860677, -4.14196962,
       -4.94937173, -4.56710963, -4.26382534, -4.77462745, -4.42412198,
       -4.91482323, -4.42791605, -3.91008523, -4.53986112, -4.5695231 ,
       -3.71701018, -3.91367103, -4.32933407, -4.39359151, -4.52076776,
       -4.47584434, -4.7897694 , -4.01283423, -4.67741821, -4.41615861,
       -4.41442673, -3.83119628, -4.46174361, -4.77937656, -4.58280927,
       -4.35033731, -4.708164  , -4.38459926, -4.62621565, -2.81984593,
       -4.32719734, -4.21720787, -4.47545724, -3.92728377, -4.51086322,
       -4.18966261, -5.01715839, -2.47665054, -2.82623005, -4.23936077,
       -4.23864968, -4.54669204, -3.99067615, -4.15613584, -4.30924331,
       -4.5555238 , -4.98523381, -3.46070391, -4.62396584, -5.15217722,
       -4.64616574, -4.1797242 , -3.76972227, -4.08986448, -5.19428901,
       -4.08269195, -3.61454794, -3.73121307, -3.33300317, -4.75885769,
       -4.06837882, -4.16837832, -4.52505939, -2.88111626, -4.47845325,
       -3.95669182, -4.01148343, -4.06210638, -4.84651734, -4.11314726,
       -4.75570899, -4.80650683, -4.16754946, -4.86204366, -4.11362453,
       -3.82251682, -4.41459739, -4.68439177, -4.53897031, -4.58321406,
       -4.29748715, -4.59620342, -3.36855771, -4.25810655, -3.73197029,
       -4.58303458]), 'sigma': array([0.01149467, 0.01531904, 0.01123764, 0.0135282 , 0.01753193,
       0.00841091, 0.01160412, 0.0136932 , 0.01083635, 0.01845036,
       0.00639785, 0.01877198, 0.01220615, 0.00923672, 0.01977765,
       0.006874  , 0.01278459, 0.0114021 , 0.00787837, 0.05261266,
       0.01537643, 0.01349018, 0.01253703, 0.00681586, 0.01543526,
       0.01436252, 0.0048757 , 0.04158552, 0.00748579, 0.01825851,
       0.03047937, 0.01690063, 0.01232566, 0.01294449, 0.01124302,
       0.00727632, 0.01281679, 0.034555  , 0.00997242, 0.00934797,
       0.01185312, 0.01758973, 0.01166673, 0.01429644, 0.01386477,
       0.01309147, 0.01065202, 0.01817738, 0.00614169, 0.01090174,
       0.02015484, 0.0091666 , 0.03011306, 0.0108625 , 0.01636306,
       0.01950197, 0.01130986, 0.01478355, 0.01207096, 0.01787077,
       0.00904524, 0.01475087, 0.01049876, 0.00813664, 0.01180579,
       0.01515546, 0.01125842, 0.01430723, 0.01810707, 0.01682476,
       0.00874072, 0.01165865, 0.01894546, 0.01920258, 0.00952076,
       0.00832853, 0.00999622, 0.01820629, 0.0364981 , 0.01904334,
       0.01422914, 0.00859954, 0.01658434, 0.0164538 , 0.00761391,
       0.00730303, 0.01102318, 0.02046747, 0.00992257, 0.0153565 ,
       0.02075967, 0.01358793, 0.01098928, 0.03263845, 0.01376068,
       0.01521756, 0.00946132, 0.02087489, 0.00712919, 0.00850758,
       0.01239978, 0.01249621, 0.00809375, 0.0123176 , 0.01019577,
       0.02587429, 0.01689736, 0.01584859, 0.00831679, 0.00980062,
       0.01422964, 0.00514538, 0.0143533 , 0.01464499, 0.0459803 ,
       0.00812687, 0.00986341, 0.01151298, 0.00593964, 0.02022238,
       0.01598892, 0.01810502, 0.01105513, 0.01070492, 0.00901228,
       0.00940308, 0.01258668, 0.01846165, 0.03143323, 0.08359076,
       0.01237906, 0.01239046, 0.00879056, 0.01187483, 0.01378202,
       0.01098915, 0.00861588, 0.01243525, 0.01564724, 0.01397768,
       0.01195811, 0.01124525, 0.00964825, 0.01149519, 0.01442295,
       0.01370991, 0.0383441 , 0.00278663, 0.06302653, 0.01381971,
       0.00829257, 0.01522775, 0.0166546 , 0.01075839, 0.01671816,
       0.01706618, 0.04577347, 0.01224436, 0.0161387 , 0.00680668,
       0.01962568, 0.01652695, 0.01630289, 0.01340772, 0.0133372 ,
       0.02582901, 0.01157639, 0.01211176, 0.00860009, 0.01186939,
       0.00772471, 0.00846026, 0.00870843, 0.01164877, 0.00844866,
       0.00819993, 0.01129643, 0.01012688, 0.01103116, 0.01865985,
       0.01105918, 0.0130274 , 0.0130968 , 0.02002864, 0.0148285 ,
       0.01650084, 0.00989953, 0.02056017, 0.00883302, 0.02243136,
       0.01021144, 0.01360015, 0.01302552, 0.01243095, 0.00838998,
       0.01354745, 0.00999755, 0.01063953, 0.01466829, 0.01738113,
       0.00762808, 0.00738481, 0.01104953, 0.01012908, 0.01846896,
       0.0750139 , 0.04338536, 0.01090851, 0.00882425, 0.01259202,
       0.00601287, 0.01906596, 0.00850404, 0.02310286, 0.01190659,
       0.01346455, 0.00869197, 0.01466288, 0.01648968, 0.01220984,
       0.01407806, 0.00827548, 0.0056995 , 0.02416171, 0.01332572,
       0.00735822, 0.02866996, 0.01411723, 0.00980693, 0.01549789,
       0.00940959, 0.00937471, 0.02034536, 0.01423011, 0.00528899,
       0.0140542 , 0.00739223, 0.0125075 , 0.01069879, 0.00623981,
       0.01461685, 0.00870314, 0.00968361, 0.00895925, 0.01033816,
       0.0163849 , 0.02890119, 0.01323598, 0.01186335, 0.0116346 ,
       0.0352979 , 0.01980203, 0.01223363, 0.01230281, 0.01184804,
       0.00678243, 0.01737632, 0.00883459, 0.0140863 , 0.00683688,
       0.01212521, 0.07117327, 0.00737351, 0.01453696, 0.00835928,
       0.02306214, 0.01075953, 0.00988923, 0.01409573, 0.00794722,
       0.00891647, 0.03172112, 0.0075114 , 0.00755601, 0.01239856,
       0.00971763, 0.02035953, 0.01414593, 0.01033746, 0.02085638,
       0.01119007, 0.00866416, 0.00978918, 0.01257239, 0.00926692,
       0.01483819, 0.0126109 , 0.00921911, 0.0132178 , 0.03710996,
       0.06647774, 0.01320354, 0.00858891, 0.01250486, 0.02029897,
       0.01924621, 0.02507338, 0.00999747, 0.0303855 , 0.01191261,
       0.02670304, 0.03674791, 0.0048442 , 0.01483795, 0.01230241,
       0.01230235, 0.02127217, 0.01646142, 0.01839703, 0.0070032 ,
       0.00496048, 0.01041053, 0.01477649, 0.03742979, 0.00992403,
       0.01095697, 0.0107905 , 0.00664648, 0.01350943, 0.01055982,
       0.00815391, 0.00990488, 0.012884  , 0.00793559, 0.01148377,
       0.0189002 , 0.01084628, 0.01516139, 0.01724098, 0.01149169,
       0.00735937, 0.01481453, 0.01054705, 0.02031114, 0.01426291,
       0.01309871, 0.00839196, 0.00954546, 0.01602921, 0.01570553,
       0.01513707, 0.02379021, 0.01517248, 0.01374563, 0.02819119,
       0.0281097 , 0.01708913, 0.01685668, 0.01192075, 0.00855504,
       0.01442564, 0.0102816 , 0.00713643, 0.00791619, 0.00725889,
       0.00811531, 0.01738483, 0.00777108, 0.01724896, 0.0114421 ,
       0.01857698, 0.01294758, 0.00738771, 0.01442768, 0.01589152,
       0.00708786, 0.01038794, 0.01406838, 0.00844123, 0.01198473,
       0.00733701, 0.01193934, 0.02003879, 0.01067489, 0.0103629 ,
       0.02430653, 0.01996707, 0.01317632, 0.01235627, 0.01088067,
       0.01138061, 0.00831437, 0.01808207, 0.009303  , 0.01208055,
       0.01210149, 0.02168366, 0.01154222, 0.00840124, 0.01022613,
       0.01290246, 0.00902133, 0.01246788, 0.00979174, 0.05961513,
       0.0132045 , 0.01473974, 0.01138502, 0.0196971 , 0.01098897,
       0.0151514 , 0.00662332, 0.08402419, 0.05923575, 0.0144168 ,
       0.01442706, 0.01060222, 0.01848721, 0.01566798, 0.01344372,
       0.01050899, 0.00683818, 0.03140765, 0.0098138 , 0.00578679,
       0.00959833, 0.01530273, 0.02305847, 0.0167415 , 0.00554816,
       0.01686201, 0.0269291 , 0.02396375, 0.03568577, 0.0085754 ,
       0.0171051 , 0.01547734, 0.01083407, 0.05607214, 0.01135096,
       0.01912628, 0.01810652, 0.01721272, 0.00785569, 0.01635622,
       0.00860244, 0.00817637, 0.01549017, 0.00773466, 0.01634841,
       0.02187268, 0.01209942, 0.00923835, 0.0106844 , 0.01022199,
       0.0136027 , 0.01009007, 0.03443927, 0.01414907, 0.02394561,
       0.01022382])}"
