,0
0,"{'priors': array([ -6.922952  ,  -1.04332517,  -0.38587409,  -2.07235325,
        -3.30292223,  -3.4760412 ,  -1.46659912,  -4.43804414,
         0.13316647,  -1.7172145 ,  -7.73185221,  -5.25664531,
        -5.83457201,   0.42111328,   2.27770864,  -8.92201796,
       -13.31389693, -14.59016801, -10.25605461,   3.62325281,
         4.7587067 , -16.15727479, -19.1771348 , -13.69840054,
        18.06591571,  46.01201677, -10.52170406,   2.9584782 ,
         0.51127896,  -1.09340135,  -0.63452754,   1.83857347,
        -0.81216922,  -4.52383105,  -0.60252699,   4.43903579,
        -0.81989001,   0.27926501,  -1.19274803,   2.27680858,
         2.93678259,   3.26630973,   0.16374126,  -4.38036246,
        -1.74649531,   1.018369  ,  -2.82435754,   1.80995179,
         6.41622557,   1.98341266,  -0.4515801 ,  -0.71784234,
        -1.93601146,   0.        ]), 'lt_0 - slope_sigma_log__': array(2.9281633), 'lt_0 - slope_z_offset': array([-6.71955928e-03,  5.53461122e-02, -1.20725863e-01,  1.26011528e-01,
       -2.39604113e-02, -3.54206093e-02,  3.32346352e-02,  1.03829776e-01,
        2.80564833e-02, -2.10607217e-02, -4.63450799e-02,  2.08068101e-01,
       -5.35378489e-02, -7.84307227e-02, -4.18878096e-03, -5.30393823e-03,
        7.55534354e-02,  6.80577593e-02,  4.21691435e-02, -6.94728321e-03,
       -2.33836171e-02,  5.63029161e-02,  4.76267420e-02,  2.80271635e-03,
       -5.79464601e-02,  1.21943865e-01,  7.61509208e-02,  6.36032039e-02,
        6.40003476e-03,  1.01992656e-02,  5.60022021e-02, -4.35621467e-02,
        1.06439774e-01,  1.82257508e-01,  8.04601564e-03,  2.39246043e-02,
        7.26463700e-02,  1.95033339e-01, -5.56013597e-03,  9.92078372e-02,
        4.86199934e-02, -6.80770279e-03, -8.21955484e-02, -5.08032481e-02,
        4.77876217e-02,  2.88189370e-02, -1.03342801e-01, -1.64185192e-02,
       -5.78175331e-02,  6.44685923e-03,  1.09889365e-01,  1.23865847e-02,
        1.83962142e-01,  2.21174886e-02,  1.40122639e-02,  5.95141120e-02,
        1.11943794e-01,  2.19530363e-02,  9.20584806e-02,  1.04911290e-01,
        1.00633643e-03, -3.12503941e-01,  7.20150213e-03, -1.40321245e-02,
        8.18422569e-02, -4.07933638e-02,  8.42330686e-02, -1.56657772e-02,
       -8.36002011e-02,  6.97151120e-02, -1.19703162e-02, -3.23751617e-03,
       -2.50868928e-02, -4.74341118e-02,  4.42320483e-02,  1.84896374e-02,
        6.35848188e-02, -3.39710687e-02, -3.12317937e-02,  1.34471362e-01,
       -4.34122074e-02,  6.66740231e-03,  1.23459229e-01, -3.89585668e-02,
        9.38105227e-03, -1.39370393e-02, -8.19945789e-02,  7.13475974e-02,
       -1.33695163e-02,  3.79704884e-02,  2.21226263e-02,  4.92760151e-02,
       -6.79945342e-02, -1.04949444e-01, -2.44242010e-02,  8.13703185e-02,
        1.05082170e-02,  3.90184216e-02, -1.10624296e-01, -1.58214014e-01,
        6.24984746e-02, -1.33059756e-01,  3.17967445e-02,  8.33849456e-02,
        6.52444723e-02, -1.23626562e-01, -8.96376030e-02, -3.39163269e-03,
       -3.23326158e-02,  2.38167875e-02,  8.24894140e-03,  7.41210892e-02,
        3.05985885e-03, -3.16857029e-01,  1.36250884e-03, -1.14023385e-01,
       -4.19691104e-02, -5.05745880e-02, -9.77222766e-02, -2.18181144e-01,
       -1.93677768e-02,  6.59063426e-02,  8.46757505e-03, -3.23539143e-02,
       -6.88092761e-02, -1.83268536e-01,  1.25878948e-01,  8.33604612e-02,
        6.98031440e-04,  9.51399078e-02,  8.44569608e-02, -3.24502939e-03,
       -5.28196532e-02, -5.87322052e-03, -5.69121987e-02, -5.61276832e-02,
       -3.35215040e-02, -4.71421373e-02,  1.40842942e-01, -3.73173822e-02,
       -3.80790133e-02, -6.89712641e-02, -3.16391191e-02,  9.53727100e-03,
       -2.88779009e-02,  2.89496688e-01,  3.20002239e-02,  9.14594479e-02,
       -9.42352797e-02,  2.58962627e-02,  8.51198954e-03, -1.34830761e-01,
       -6.79232524e-02,  7.47899711e-02, -3.49905025e-02, -2.14622543e-01,
        7.39150463e-02, -6.19303946e-02,  2.19397888e-03, -1.01021133e-02,
        1.09284038e-01, -1.75640648e-02, -7.85650596e-04, -9.41235359e-02,
        1.45777984e-01,  1.87241940e-02,  1.20621849e-02,  5.62547772e-02,
       -7.38305646e-02, -6.96481597e-02, -1.25127408e-01,  4.09791863e-02,
        7.84217142e-02,  3.63804611e-02,  3.92155919e-02,  4.66631212e-02,
       -1.29098478e-02, -2.87764773e-04, -2.74152972e-02,  4.10131534e-02,
        5.33827302e-03,  2.77786017e-02, -1.95748983e-02,  7.10519876e-02,
       -3.06737412e-02, -2.25410711e-02, -6.57567947e-02, -6.99324294e-02,
        2.66606603e-02, -9.73346327e-02, -2.80953648e-02,  3.90726588e-02,
       -2.85985921e-02,  9.60449172e-02,  1.01992726e-01,  2.69907169e-02,
       -9.37250401e-02, -1.09654885e-01, -1.54902347e-01,  3.84859962e-02,
       -1.88191858e-02,  2.21845770e-02,  1.47971056e-01,  3.14091027e-02,
        4.01777262e-02,  8.62031248e-02,  6.58959950e-02,  9.35361750e-02,
       -3.27375243e-02,  5.20758211e-02, -2.30844263e-02, -3.01745775e-03,
        5.48584175e-02, -9.79316163e-02,  4.24661444e-02, -1.04493179e-01,
        3.70809721e-02,  1.01822032e-01, -3.89399914e-02, -1.61791677e-02,
       -2.37764657e-02, -3.46318104e-02, -3.42743369e-02,  3.91945325e-02,
        5.39141427e-02, -7.84796059e-02,  6.38020540e-02,  7.26160678e-02,
        1.42722097e-02, -8.66547049e-02, -5.10923952e-02, -5.56504091e-02,
        5.69419256e-02, -7.89684250e-02, -4.74790904e-02, -1.54432480e-01,
        4.47734676e-03,  1.76452548e-01, -1.25407595e-01, -1.27028157e-01,
       -4.72106235e-03,  6.13150582e-02,  1.98160450e-02,  1.94483006e-02,
        4.80968342e-03, -7.41070489e-02,  1.01369308e-01, -4.11125138e-02,
       -1.38103534e-01,  6.99734950e-02, -9.62137874e-02,  8.67706543e-03,
        2.06385455e-01,  5.25230526e-02,  6.23885403e-02,  9.13361413e-02,
       -1.46146229e-01, -4.28834714e-02, -3.05626738e-02, -4.79565098e-02,
        1.04170937e-01, -1.78277946e-01,  4.78201215e-02, -2.68634223e-02,
       -1.38289610e-02,  9.74578702e-02,  6.04316168e-02,  1.08161773e-01,
       -1.98277534e-02, -6.64547297e-02,  5.17551846e-02, -1.30330751e-01,
        9.42012016e-03, -2.27617378e-02, -9.38388677e-02, -7.37000914e-02,
       -1.24072274e-01,  9.91502024e-02,  6.08280758e-02,  1.26019168e-01,
        4.94111071e-03,  3.34762393e-02,  9.08694191e-02,  1.51449394e-02,
        5.14655215e-02,  2.49776187e-01, -1.04370299e-01, -1.24606277e-02,
       -2.55874903e-02, -1.53114547e-01,  9.51266098e-02, -8.64626945e-02,
       -5.82905737e-02, -9.46249083e-03,  9.26952351e-02,  6.97314289e-02,
       -2.50281540e-01,  6.25821697e-02,  2.89694777e-01,  4.57153475e-02,
       -1.19148471e-01,  1.83198645e-01, -4.79159252e-02,  2.78115116e-02,
        1.00454755e-01,  1.11726570e-01, -7.92010545e-02,  3.19384632e-02,
        1.00996095e-01,  2.14172649e-02, -5.14137290e-02, -4.40478661e-03,
       -1.68852121e-02,  4.19628757e-02, -3.36647771e-02,  3.64349780e-02,
       -7.86738352e-02, -6.71992083e-03, -7.43373379e-02,  1.48614709e-01,
        3.97062118e-02, -5.19124515e-02,  8.44020025e-02, -6.34863700e-02,
        1.07712800e-01, -7.80473112e-03, -1.25866234e-02,  9.42127370e-02,
       -3.10269317e-02, -3.94426175e-02, -4.60566543e-02, -6.95115943e-02,
       -8.67814650e-02,  1.52343417e-02,  1.14016471e-01, -1.18857742e-01,
        6.57719099e-02,  1.16684861e-01,  9.04164286e-02,  5.78462766e-02,
        1.14871712e-01, -7.51296847e-02,  1.99992645e-02, -7.70099916e-02,
       -1.33483499e-02,  1.11883918e-01, -1.35917552e-02,  7.93691593e-02,
        2.14311643e-02, -3.84917058e-02,  1.11390003e-02,  1.43752141e-02,
        5.84275302e-02,  6.16189579e-02, -2.42338977e-02, -4.37121118e-02,
       -2.10004525e-02, -5.85993923e-02,  1.22950449e-01, -4.89991950e-02,
       -8.90314624e-02, -1.36312347e-01,  2.44386912e-04, -5.55989929e-02,
       -4.23652719e-02,  9.40796762e-02, -3.30454710e-02, -8.40308148e-02,
        6.16963244e-02, -4.35101764e-02,  3.58327556e-02,  1.48534073e-01,
        2.15004779e-01,  2.63490593e-02,  2.39817519e-02,  1.55070090e-01,
       -2.51368295e-02, -8.92565676e-03, -5.73405697e-02, -6.51298888e-02,
        9.96492910e-02,  3.15598457e-02,  1.84378159e-02,  6.10550945e-02,
        5.01378233e-02,  4.68254332e-02, -4.95128803e-02, -7.96024056e-02,
       -7.34596943e-02, -2.13842486e-03,  1.55775907e-02, -1.57757531e-01,
       -6.78492554e-02, -1.42001696e-02, -2.85823991e-01, -1.18531297e-01,
        1.47762543e-02, -2.68704010e-03,  1.09750300e-01,  3.33387685e-02,
        1.96799274e-03,  4.34632475e-02, -9.47821273e-02, -6.79761123e-02,
        1.25249885e-01, -4.81439126e-02, -8.02162881e-02, -8.22341377e-02,
       -2.58799757e-02,  9.99879095e-02,  4.72920794e-02,  3.68212796e-03,
        3.84077987e-02,  3.39893415e-02,  5.18679390e-02, -1.24164791e-01,
        6.67564781e-02, -1.18017268e-01, -3.69213874e-02, -4.02955302e-02,
       -8.44079047e-02, -9.84101271e-02, -5.66847738e-02, -1.99775666e-01,
       -6.65777307e-02,  1.45791035e-01,  2.78519171e-02, -6.04168897e-03,
        1.83578485e-01, -7.15895067e-02, -6.03576797e-02, -5.24538867e-02,
       -1.37019648e-01, -4.96051966e-02,  2.41776925e-01, -3.32618151e-02,
        1.12222077e-03, -4.61010451e-02,  1.21502053e-02, -1.79647867e-02,
        2.79478894e-02, -5.45258631e-02, -4.27131717e-02, -5.41137095e-02,
        1.79399863e-02,  8.85605237e-02,  8.21320419e-03,  1.90350828e-02,
        2.39029838e-01,  1.54394653e-01,  2.74131924e-02,  1.12906289e-01]), 'lt_0 - delta_sigma_log__': array([-7.32265689, -7.2763885 , -7.14152275, -7.12464822, -7.00418454,
       -6.97756297, -7.03397571, -6.92845248, -6.80533568, -6.69847491,
       -6.52230715, -6.37466606, -6.28214618, -6.00139143, -5.81200745,
       -5.75065817, -6.25529211,  0.84769129, -5.222568  , -3.97787309,
       -1.48075094, -5.0183122 , -4.30878035, -5.84155586,  0.6326526 ]), 'lt_0 - delta_z_offset': array([[-3.49976718e-04, -3.49976718e-04, -3.49976718e-04, ...,
        -3.49976718e-04, -3.49976718e-04, -3.49976718e-04],
       [-3.49976718e-04, -3.49976718e-04, -3.49976718e-04, ...,
        -3.49976718e-04, -3.49976718e-04, -3.49976718e-04],
       [-3.49976718e-04, -3.49976718e-04, -3.49976718e-04, ...,
        -3.49976718e-04, -3.49976718e-04, -3.49976718e-04],
       ...,
       [-3.49976718e-04, -3.49976718e-04, -3.49976718e-04, ...,
        -3.49976718e-04, -3.49976718e-04, -3.49976718e-04],
       [-3.49976718e-04, -3.49976718e-04, -3.49976718e-04, ...,
        -3.49976718e-04, -3.49976718e-04, -3.49976718e-04],
       [ 9.29747838e-03,  8.59153300e-03,  1.56283119e-01, ...,
         6.46030056e-01,  1.89937998e+00, -4.17406023e+00]]), 'lt_0 - intercept': array([ 4.14841579e-01, -7.85277558e-01,  2.49829773e+00, -2.10905782e+00,
        7.24591742e-01,  9.30539241e-01, -3.62482934e-01, -1.68256916e+00,
       -2.31338985e-01,  6.80163145e-01,  1.12735223e+00, -3.66211275e+00,
        1.27839882e+00,  1.73722817e+00,  3.35330718e-01,  3.97794519e-01,
       -1.13050664e+00, -9.94422307e-01, -4.97071574e-01,  3.71948713e-01,
        7.13837278e-01, -7.76192899e-01, -6.47375650e-01,  2.55904097e-01,
        1.36728153e+00, -2.02022464e+00, -1.12515649e+00, -9.98250247e-01,
        1.61429167e-01,  9.74321428e-02, -7.70358450e-01,  1.10176479e+00,
       -1.73931776e+00, -3.16710354e+00,  1.18270525e-01, -1.47790553e-01,
       -1.10269366e+00, -3.45627980e+00,  3.82397553e-01, -1.58447353e+00,
       -6.30877023e-01,  4.05810887e-01,  1.80250841e+00,  1.22793825e+00,
       -6.15190699e-01, -2.42498175e-01,  2.17890851e+00,  5.99015055e-01,
        1.34954101e+00,  1.74572922e-01, -1.79089781e+00,  5.95283837e-02,
       -3.20144210e+00, -1.21562244e-01,  2.91340611e-02, -8.38810692e-01,
       -1.82516393e+00, -1.23921945e-01, -1.44883980e+00, -1.71797747e+00,
        2.76463287e-01,  5.95359682e+00,  1.46946054e-01,  5.57756421e-01,
       -1.25820328e+00,  1.04632025e+00, -1.31516967e+00,  5.77804154e-01,
        1.83217028e+00, -1.04497730e+00,  5.17838913e-01,  3.54785148e-01,
        7.43293911e-01,  1.15883184e+00, -5.60535070e-01, -6.05344721e-02,
       -9.20988670e-01,  8.84293419e-01,  7.95115760e-01, -2.26353049e+00,
        1.09782971e+00,  1.69671824e-01, -2.05202181e+00,  9.56549651e-01,
        1.20080698e-01,  5.65238580e-01,  1.79938384e+00, -1.07592718e+00,
        5.50576373e-01, -4.34769984e-01, -1.50284568e-01, -6.53010305e-01,
        1.54059240e+00,  2.18846656e+00,  7.26612044e-01, -1.24852544e+00,
        8.81760630e-02, -4.71315998e-01,  2.33165950e+00,  3.15510709e+00,
       -8.90204918e-01,  2.73665117e+00, -2.97040557e-01, -1.31252017e+00,
       -9.60819307e-01,  2.57438184e+00,  1.94555360e+00,  3.44437876e-01,
        8.91850952e-01, -1.87359001e-01,  1.50794968e-01, -1.12720035e+00,
        2.23591444e-01,  6.07721153e+00,  2.71519423e-01,  2.37444233e+00,
        1.07754427e+00,  1.21228671e+00,  2.07875511e+00,  4.28280118e+00,
        6.48880749e-01, -9.46722772e-01,  1.44836373e-01,  8.86967719e-01,
        1.55675656e+00,  3.61832341e+00, -2.10251896e+00, -1.32928728e+00,
        2.46447569e-01, -1.50818851e+00, -1.30009066e+00,  3.57023845e-01,
        1.25823203e+00,  4.06340231e-01,  1.34030418e+00,  1.32968454e+00,
        8.78113632e-01,  1.15600426e+00, -2.38508475e+00,  9.84685447e-01,
        9.76356728e-01,  1.55490237e+00,  8.72506948e-01,  1.00511688e-01,
        8.19352568e-01, -5.22796934e+00, -3.07680951e-01, -1.43180717e+00,
        2.01354667e+00, -1.82486878e-01,  1.15353168e-01,  2.72050592e+00,
        1.48992384e+00, -1.18645849e+00,  9.25828971e-01,  4.19035303e+00,
       -1.11521802e+00,  1.40153610e+00,  2.47546162e-01,  4.79823310e-01,
       -1.77160285e+00,  6.13888421e-01,  3.11422997e-01,  2.01256511e+00,
       -2.52434564e+00, -7.88488184e-02,  4.67751414e-02, -7.61408298e-01,
        1.63668731e+00,  1.53529045e+00,  2.60056282e+00, -4.72387702e-01,
       -1.19293914e+00, -3.91635013e-01, -4.32549074e-01, -5.75209714e-01,
        5.29870480e-01,  2.85707384e-01,  7.39049428e-01, -4.82624320e-01,
        1.75594125e-01, -2.69169904e-01,  6.49993976e-01, -1.05949065e+00,
        8.35142792e-01,  6.87717247e-01,  1.50935707e+00,  1.55192412e+00,
       -2.33778635e-01,  2.07981894e+00,  8.11184309e-01, -4.46281887e-01,
        8.21628496e-01, -1.53639039e+00, -1.65642033e+00, -2.34717296e-01,
        1.98985867e+00,  2.29261472e+00,  3.12618989e+00, -4.26831007e-01,
        6.44699920e-01, -1.30585277e-01, -2.51037664e+00, -3.04430256e-01,
       -4.74307989e-01, -1.37986155e+00, -1.02538233e+00, -1.48193188e+00,
        8.93927564e-01, -6.97415105e-01,  7.05763458e-01,  3.40976981e-01,
       -7.46324330e-01,  2.07074634e+00, -5.07922429e-01,  2.19466011e+00,
       -4.06772969e-01, -1.63335966e+00,  1.00206193e+00,  5.91143905e-01,
        7.21675499e-01,  9.42071916e-01,  9.28136055e-01, -4.67876474e-01,
       -7.27818400e-01,  1.72389297e+00, -9.21145525e-01, -1.08146191e+00,
        3.67462664e-02,  1.87390116e+00,  1.20742127e+00,  1.30087594e+00,
       -8.09340286e-01,  1.73593644e+00,  1.15951966e+00,  3.08151249e+00,
        2.21478919e-01, -3.06724224e+00,  2.59967913e+00,  2.62437338e+00,
        3.88082219e-01, -8.62812213e-01, -8.02161886e-02, -7.94178164e-02,
        2.00955811e-01,  1.64069215e+00, -1.64183405e+00,  1.05048831e+00,
        2.82900037e+00, -1.07110782e+00,  2.05021547e+00,  3.61903374e-02,
       -3.63378154e+00, -7.17952051e-01, -8.93516657e-01, -1.43418720e+00,
        2.95885823e+00,  1.08086879e+00,  8.39748939e-01,  1.14005117e+00,
       -1.67455731e+00,  3.56800675e+00, -6.04628443e-01,  7.80321592e-01,
        5.59859870e-01, -1.59086950e+00, -8.44382450e-01, -1.77358431e+00,
        6.49100700e-01,  1.51348622e+00, -7.04949507e-01,  2.67404958e+00,
        1.27602481e-01,  7.27788631e-01,  2.01352542e+00,  1.64579579e+00,
        2.53831337e+00, -1.59282746e+00, -8.54423920e-01, -2.08892496e+00,
        1.78515752e-01, -3.23907908e-01, -1.42332731e+00,  1.71186105e-02,
       -6.83869844e-01, -4.44251843e+00,  2.15758193e+00,  5.23589056e-01,
        7.69142293e-01,  3.06910429e+00, -1.53544652e+00,  1.87926900e+00,
        1.34077906e+00,  4.70888914e-01, -1.49812738e+00, -1.03555341e+00,
        4.80092706e+00, -8.98281601e-01, -5.19068918e+00, -5.82639773e-01,
        2.43066170e+00, -3.20116326e+00,  1.16744317e+00, -2.47762308e-01,
       -1.62824837e+00, -1.83416144e+00,  1.73424307e+00, -3.08578442e-01,
       -1.63530911e+00, -1.09981738e-01,  1.24954996e+00,  3.73180270e-01,
        5.93062037e-01, -5.14062471e-01,  9.18352344e-01, -4.00184171e-01,
        1.72728066e+00,  4.32444459e-01,  1.65322505e+00, -2.53957110e+00,
       -4.45381696e-01,  1.23759390e+00, -1.29966983e+00,  1.44230251e+00,
       -1.74383865e+00,  4.34009354e-01,  5.18365924e-01, -1.48507930e+00,
        8.42828568e-01,  1.01921743e+00,  1.14099491e+00,  1.56892944e+00,
        1.88456258e+00, -2.12356065e-02, -1.88617129e+00,  2.44147293e+00,
       -9.43110086e-01, -1.93094609e+00, -1.45882993e+00, -8.12675402e-01,
       -1.91352365e+00,  1.61403736e+00, -1.09250951e-01,  1.69787676e+00,
        4.91303282e-01, -1.84519737e+00,  4.99911194e-01, -1.20847949e+00,
       -1.45708227e-01,  9.87397325e-01,  8.10042733e-02,  2.49852821e-02,
       -8.05109140e-01, -8.66399793e-01,  7.46810307e-01,  1.09708330e+00,
        6.71726763e-01,  1.36618264e+00, -2.04494355e+00,  1.18889754e+00,
        1.90576574e+00,  2.79124489e+00,  2.77237178e-01,  1.30978609e+00,
        1.05870713e+00, -1.47422034e+00,  9.02875273e-01,  1.83491304e+00,
       -8.73100923e-01,  1.08308222e+00, -3.90620500e-01, -2.51820523e+00,
       -3.81560408e+00, -2.00689202e-01, -1.48593392e-01, -2.67664779e+00,
        7.61333169e-01,  4.35376491e-01,  1.34918609e+00,  1.49261855e+00,
       -1.61566694e+00, -2.97468678e-01, -5.46647505e-02, -8.59709657e-01,
       -6.58240777e-01, -5.92074442e-01,  1.19022717e+00,  1.74315173e+00,
        1.62776032e+00,  3.33501222e-01,  1.76803332e-04,  3.16690299e+00,
        1.51248046e+00,  5.65921673e-01,  5.51882483e+00,  2.45422287e+00,
        9.51401094e-03,  3.49054171e-01, -1.79842140e+00, -3.25996755e-01,
        2.45721906e-01, -5.32473581e-01,  1.98820563e+00,  1.51470114e+00,
       -2.09873426e+00,  1.17998710e+00,  1.72480415e+00,  1.76965394e+00,
        7.78092419e-01, -1.60609815e+00, -6.02909805e-01,  2.38977843e-01,
       -4.57657357e-01, -3.38775940e-01, -6.76452295e-01,  2.56878822e+00,
       -9.82768159e-01,  2.44287945e+00,  9.63499184e-01,  1.03651804e+00,
        1.81893502e+00,  2.06887795e+00,  1.32586867e+00,  3.93082951e+00,
        1.51175588e+00, -2.48444223e+00, -2.30116267e-01,  3.96924183e-01,
       -3.24361869e+00,  1.60433771e+00,  1.40809465e+00,  1.23603753e+00,
        2.79534413e+00,  1.20643844e+00, -4.29272541e+00,  9.14693297e-01,
        2.85195701e-01,  1.12701047e+00,  4.74559710e-02,  6.27587307e-01,
       -2.95870149e-01,  1.29451302e+00,  1.04860401e+00,  1.27320763e+00,
       -4.78301264e-02, -1.38831232e+00,  1.45159366e-01, -6.58569069e-02,
       -4.23181432e+00, -2.63864126e+00, -2.15965600e-01, -1.80110252e+00]), 'fs_0 - beta_sigma(p=7,n=3)_log__': array([-8.94065063, -8.83939409, -8.91607739, -8.97064211, -8.91584442,
       -8.89304044]), 'fs_0 - beta_z_offset(p=7,n=3)': array([[-0.00145115, -0.00600599, -0.00256826, -0.00228561, -0.00147499,
        -0.00252607],
       [-0.00175349,  0.01102889,  0.00807921, -0.00759605,  0.00900253,
        -0.00407197],
       [ 0.00397114, -0.01357851, -0.00369957,  0.00201008, -0.0044882 ,
         0.0032982 ],
       ...,
       [ 0.00462297,  0.01863977,  0.00645978,  0.00235428,  0.00329184,
        -0.0099312 ],
       [ 0.00357635,  0.00851527, -0.00292644,  0.00421279, -0.00261272,
        -0.0035895 ],
       [-0.04669365,  0.12247889, -0.04244461, -0.03519947,  0.02747669,
        -0.01773025]]), 'fs_1 - beta_sigma(p=365.25,n=10)_log__': array([-7.19855929, -6.39021762, -5.82308272, -5.11970501, -5.4590983 ,
       -6.89233911, -5.05099432, -4.9199071 , -5.43143314, -6.26347414,
       -6.21612541, -7.17544199, -7.00094452, -5.22146343, -7.23325384,
       -5.18987065, -7.62676668, -7.47866583, -8.03029478, -8.06272261]), 'fs_1 - beta_z_offset(p=365.25,n=10)': array([[ 0.00952378, -0.02220299,  0.00999952, ...,  0.00743296,
        -0.01414016, -0.02961845],
       [-0.0281511 ,  0.1984289 , -0.12449245, ...,  0.17033272,
        -0.11511658, -0.02055045],
       [ 0.07271371, -0.42978157,  0.2080256 , ...,  0.00765911,
        -0.05416313,  0.07666267],
       ...,
       [-0.12569074,  0.5810076 , -0.16842179, ..., -0.0028883 ,
        -0.06892163,  0.06701006],
       [-0.01729451,  0.08451885, -0.02625408, ..., -0.04524933,
         0.01765162,  0.02077077],
       [ 1.53841811, -2.06900616, -1.61511521, ...,  0.04859518,
         0.69197524,  0.3557232 ]]), 'sigma_log__': array(-3.6460612), 'lt_0 - slope_sigma': array(18.69326497), 'lt_0 - delta_sigma': array([6.60405251e-04, 6.91679056e-04, 7.91545854e-04, 8.05016148e-04,
       9.08074129e-04, 9.32573140e-04, 8.81420537e-04, 9.79515520e-04,
       1.10784823e-03, 1.23279059e-03, 1.47027304e-03, 1.70418879e-03,
       1.86938426e-03, 2.47530557e-03, 2.99141892e-03, 3.18068668e-03,
       1.92026495e-03, 2.33425151e+00, 5.39346091e-03, 1.87254243e-02,
       2.27466810e-01, 6.61568326e-03, 1.34499438e-02, 2.90432040e-03,
       1.88259775e+00]), 'fs_0 - beta_sigma(p=7,n=3)': array([0.00013096, 0.00014491, 0.00013421, 0.00012709, 0.00013424,
       0.00013734]), 'fs_1 - beta_sigma(p=365.25,n=10)': array([0.00074766, 0.00167789, 0.00295847, 0.00597779, 0.00425739,
       0.00101554, 0.00640296, 0.00729981, 0.00437682, 0.00190462,
       0.00199697, 0.00076515, 0.00091102, 0.00539942, 0.00072217,
       0.00557273, 0.00048723, 0.00056501, 0.00032545, 0.00031507]), 'sigma': array(0.0260937), 'prior_lt_0 - slope': array(0.67955912), 'prior_lt_0 - intercept': array(-0.04515701), 'prior_lt_0 - delta': array([-0.11640421, -0.1401861 , -0.15124718, -0.11763504, -0.02683034,
       -0.0893268 ,  0.09399177,  0.09426541, -0.16357074, -0.06355451,
       -0.10606971,  0.07961471,  0.05807568, -0.84320291, -1.35275553,
       -1.58528941, -1.04391273,  0.30472097,  0.58133871, -2.0879489 ,
       -2.81305249, -2.10174515,  5.67980369,  4.38659441, -0.58840264]), 'prior_fs_0 - beta(p=7,n=3)': array([ 0.00011707, -0.00090713,  0.00034372,  0.00024691, -0.00030723,
        0.00012555]), 'prior_fs_1 - beta(p=365.25,n=10)': array([ 1.29431822e-03, -6.67676506e-04,  2.37981590e-03, -5.74041813e-05,
       -2.37144151e-03,  8.55646334e-04, -5.56151618e-04, -7.91689535e-05,
        1.20821089e-03, -9.99343550e-04, -1.13049394e-03,  6.06293645e-04,
        7.11245538e-04, -4.09455191e-04, -8.24728442e-04,  1.55333120e-03,
        1.44002677e-04,  1.66666076e-04, -4.85942633e-04, -3.94440121e-03]), 'prior_sigma': array(0.09166998), 'lt_0 - slope_shared': array(0.67955912), 'lt_0 - slope': array([ 0.55394862,  1.71415866, -1.57720143,  3.03512601,  0.2316608 ,
        0.01743229,  1.30082296,  2.62047663,  1.2040264 ,  0.28586547,
       -0.18678174,  4.56903127, -0.32123808, -0.78656716,  0.60125713,
        0.5804112 ,  2.09189951,  1.95178085,  1.46783809,  0.54969171,
        0.24244297,  1.73204445,  1.56985843,  0.73195104, -0.40364941,
        2.95908809,  2.10306846,  1.86851066,  0.79919667,  0.87021669,
        1.72642312, -0.13475963,  2.66926601,  4.086547  ,  0.82996542,
        1.12678809,  2.03755696,  4.325369  ,  0.57562203,  2.53407751,
        1.58842554,  0.55230093, -0.85694405, -0.27011946,  1.57286579,
        1.21827914, -1.25225525,  0.37264339, -0.40123935,  0.80007197,
        2.73375014,  0.91110483,  4.11841218,  1.0930072 ,  0.94149408,
        1.79207219,  2.77215413,  1.08993304,  2.40043269,  2.64069367,
        0.69837083, -5.16215985,  0.81417871,  0.4172529 ,  2.20945811,
       -0.08300204,  2.25415019,  0.3867146 , -0.88320159,  1.98276218,
        0.45579483,  0.61903937,  0.21060319, -0.2071393 ,  1.50640052,
        1.02519081,  1.86816699,  0.04452893,  0.09573493,  3.19326793,
       -0.13195678,  0.80419464,  2.9874152 , -0.04870369,  0.85492162,
        0.41903035, -0.85318727,  2.01327866,  0.42963921,  1.38935152,
        1.09310323,  1.60068873, -0.59148073, -1.28228865,  0.22299106,
        2.20063604,  0.875992  ,  1.40894081, -1.38837015, -2.27797736,
        1.84785967, -1.80776215,  1.27394409,  2.238296  ,  1.89919133,
       -1.63142497, -0.99606034,  0.61615843,  0.07515697,  1.12477264,
        0.83375877,  2.06512428,  0.73675787, -5.24353329,  0.70502886,
       -1.45191024, -0.10498058, -0.26584505, -1.14718929, -3.39895882,
        0.31751214,  1.91156385,  0.83784574,  0.07475883, -0.60671091,
       -2.74632818,  3.03264766,  2.23783831,  0.69260761,  2.45803462,
        2.25833547,  0.61889893, -0.30781265,  0.56976945, -0.38431569,
       -0.36965053,  0.05293276, -0.20168134,  3.31237355, -0.01802459,
       -0.03226197, -0.60973899,  0.08812068,  0.85784185,  0.13973687,
        6.09119742,  1.27774778,  2.38923481, -1.08200593,  1.16364482,
        0.838676  , -1.84086803, -0.59014824,  2.07762787,  0.02547239,
       -3.33243694,  2.06127267, -0.47812216,  0.72057175,  0.49071764,
        2.7224346 ,  0.3512294 ,  0.66487275, -1.07991708,  3.4046256 ,
        1.02957544,  0.90504074,  1.73114458, -0.70057519, -0.62239238,
       -1.65948067,  1.44559391,  2.145517  ,  1.35962872,  1.41262657,
        1.55184521,  0.43823191,  0.67417986,  0.16707771,  1.44622886,
        0.77934887,  1.19883188,  0.31364036,  2.00775275,  0.10616675,
        0.25819291, -0.54965007, -0.62770631,  1.17793391, -1.13994296,
        0.15436502,  1.40995468,  0.14495806,  2.47495221,  2.58613618,
        1.18410374, -1.07246789, -1.3702487 , -2.2160715 ,  1.39898804,
        0.32776709,  1.0942613 ,  3.44562128,  1.2666978 ,  1.430612  ,
        2.29097697,  1.91137041,  2.42805562,  0.0675879 ,  1.65302624,
        0.24803582,  0.62315298,  1.70504205, -1.15110253,  1.47339001,
       -1.27375956,  1.37272356,  2.58294534, -0.04835646,  0.37711765,
        0.23509935,  0.03217751,  0.03885986,  1.4122329 ,  1.68739047,
       -0.78748095,  1.87222782,  2.03699052,  0.94635332, -0.94030024,
       -0.27552456, -0.36072872,  1.74398962, -0.79661857, -0.2079801 ,
       -2.20728816,  0.76325535,  3.97803335, -1.66471827, -1.69501187,
        0.59130705,  1.82573775,  1.0499857 ,  1.04311136,  0.76946781,
       -0.70574358,  2.57448246, -0.08896799, -1.90204684,  1.9875922 ,
       -1.1189907 ,  0.8417618 ,  4.53757711,  1.66138646,  1.84580464,
        2.38692981, -2.05239106, -0.12207297,  0.10824296, -0.21690463,
        2.62685406, -2.65303775,  1.57347332,  0.17739405,  0.42105069,
        2.50136491,  1.80922334,  2.7014558 ,  0.30891367, -0.56269675,
        1.6470325 , -1.75674814,  0.85565192,  0.25406792, -1.0745957 ,
       -0.69813622, -1.63975677,  2.53300012,  1.81663446,  3.03526882,
        0.77192461,  1.30533933,  2.37820525,  0.96266748,  1.64161775,
        5.34869157, -1.27146254,  0.44662931,  0.20124538, -2.18265167,
        2.45778604, -0.93671094, -0.41008202,  0.50267427,  2.41233571,
        1.9830672 , -3.99902003,  1.8494242 ,  6.09490036,  1.53412822,
       -1.54771481,  4.10413993, -0.21614597,  1.19944708,  2.55738647,
        2.7680935 , -0.80096718,  1.27659327,  2.56750588,  1.07991773,
       -0.28153134,  0.59721928,  0.36391938,  1.46398227,  0.05025452,
        1.36064782, -0.79111173,  0.55394186, -0.71004843,  3.45765326,
        1.42179786, -0.29085409,  2.25730812, -0.50720842,  2.69306304,
        0.53366321,  0.44427403,  2.44070278,  0.09956446, -0.05775218,
       -0.18139012, -0.61983953, -0.9426698 ,  0.96433871,  2.81089922,
       -1.54228015,  1.90905086,  2.86078015,  2.36973738,  1.7608949 ,
        2.82688647, -0.72485998,  1.05341067, -0.76000906,  0.43003488,
        2.77103485,  0.42548484,  2.16322785,  1.08017755, -0.03997654,
        0.8877834 ,  0.94827881,  1.77176042,  1.83141863,  0.22654845,
       -0.13756297,  0.2869921 , -0.41585485,  2.97790445, -0.23639582,
       -0.9847296 , -1.8685637 ,  0.68412751, -0.35976759, -0.11238613,
        2.43821543,  0.06183137, -0.89125117,  1.83286486, -0.13378814,
        1.34939032,  3.45614591,  4.69870043,  1.17210907,  1.12785636,
        3.57832539,  0.20966971,  0.51270945, -0.39232334, -0.53793115,
        2.54232972,  1.26951568,  1.0242221 ,  1.82087818,  1.61679874,
        1.55487935, -0.24599827, -0.80846974, -0.69364241,  0.63958498,
        0.97075515, -2.2694442 , -0.58876499,  0.41411159, -4.66342448,
       -1.53617781,  0.95577556,  0.62932957,  2.73115056,  1.30276955,
        0.71634733,  1.49202912, -1.0922283 , -0.59113636,  3.0208884 ,
       -0.2204078 , -0.81994521, -0.8576654 ,  0.19577788,  2.54865961,
        1.56360249,  0.74839011,  1.39752628,  1.31493089,  1.64914025,
       -1.64148622,  1.92745565, -1.52656895, -0.01062216, -0.0736959 ,
       -0.89830021, -1.16004746, -0.38006438, -3.05490034, -0.56499604,
        3.40486957,  1.20020239,  0.56662023,  4.11124038, -0.6586825 ,
       -0.44872298, -0.30097528, -1.88178547, -0.24772396,  5.19915925,
        0.0577872 ,  0.70053709, -0.18221993,  0.90668613,  0.3437386 ,
        1.20199642, -0.33970729, -0.11888952, -0.33200279,  1.01491604,
        2.33504446,  0.83309072,  1.03538697,  5.14780722,  3.56569927,
        1.19200119,  2.79014629]), 'lt_0 - delta_shared': array([-0.11640421, -0.1401861 , -0.15124718, -0.11763504, -0.02683034,
       -0.0893268 ,  0.09399177,  0.09426541, -0.16357074, -0.06355451,
       -0.10606971,  0.07961471,  0.05807568, -0.84320291, -1.35275553,
       -1.58528941, -1.04391273,  0.30472097,  0.58133871, -2.0879489 ,
       -2.81305249, -2.10174515,  5.67980369,  4.38659441, -0.58840264]), 'lt_0 - delta': array([[-0.11640444, -0.14018635, -0.15124745, ...,  5.67979899,
         4.38659339, -0.5890615 ],
       [-0.11640444, -0.14018635, -0.15124745, ...,  5.67979899,
         4.38659339, -0.5890615 ],
       [-0.11640444, -0.14018635, -0.15124745, ...,  5.67979899,
         4.38659339, -0.5890615 ],
       ...,
       [-0.11640444, -0.14018635, -0.15124745, ...,  5.67979899,
         4.38659339, -0.5890615 ],
       [-0.11640444, -0.14018635, -0.15124745, ...,  5.67979899,
         4.38659339, -0.5890615 ],
       [-0.11639807, -0.14018016, -0.15112347, ...,  5.68849276,
         4.39211082, -8.44647903]]), 'fs_0 - beta_shared': array([ 0.00011707, -0.00090713,  0.00034372,  0.00024691, -0.00030723,
        0.00012555]), 'fs_0 - beta(p=7,n=3)': array([[ 0.00011688, -0.000908  ,  0.00034337,  0.00024662, -0.00030742,
         0.0001252 ],
       [ 0.00011684, -0.00090554,  0.0003448 ,  0.00024594, -0.00030602,
         0.00012499],
       [ 0.00011759, -0.0009091 ,  0.00034322,  0.00024716, -0.00030783,
         0.000126  ],
       ...,
       [ 0.00011767, -0.00090443,  0.00034459,  0.00024721, -0.00030678,
         0.00012418],
       [ 0.00011753, -0.0009059 ,  0.00034333,  0.00024744, -0.00030758,
         0.00012506],
       [ 0.00011095, -0.00088939,  0.00033802,  0.00024243, -0.00030354,
         0.00012311]]), 'fs_1 - beta_shared': array([ 1.29431822e-03, -6.67676506e-04,  2.37981590e-03, -5.74041813e-05,
       -2.37144151e-03,  8.55646334e-04, -5.56151618e-04, -7.91689535e-05,
        1.20821089e-03, -9.99343550e-04, -1.13049394e-03,  6.06293645e-04,
        7.11245538e-04, -4.09455191e-04, -8.24728442e-04,  1.55333120e-03,
        1.44002677e-04,  1.66666076e-04, -4.85942633e-04, -3.94440121e-03]), 'fs_1 - beta(p=365.25,n=10)': array([[ 0.00130144, -0.00070493,  0.0024094 , ...,  0.00017087,
        -0.00049054, -0.00395373],
       [ 0.00127327, -0.00033473,  0.00201151, ...,  0.00026291,
        -0.00052341, -0.00395088],
       [ 0.00134868, -0.0013888 ,  0.00299525, ...,  0.00017099,
        -0.00050357, -0.00392025],
       ...,
       [ 0.00120034,  0.00030719,  0.00188154, ...,  0.00016503,
        -0.00050837, -0.00392329],
       [ 0.00128139, -0.00052586,  0.00230214, ...,  0.0001411 ,
        -0.0004802 , -0.00393786],
       [ 0.00244454, -0.00413924, -0.00239846, ...,  0.00019412,
        -0.00026074, -0.00383232]])}"
