,0
0,"{'lt_0 - slope': array([0.75068963, 0.74598309, 0.77319572, 0.76741444, 0.78955651,
       0.81596518, 0.62925453, 0.71475089, 0.77780911, 0.74995228,
       0.75159874, 0.72980974, 0.74978218, 0.74725708, 0.79150565,
       0.77878002, 0.7045002 , 0.67705598, 0.73155431, 0.68973402,
       0.75096293, 0.79622011, 0.69914957, 0.75690618, 0.76735727,
       0.78572515, 0.60996608, 0.80433596, 0.69438449, 0.78948733,
       0.67093872, 0.80402099, 0.77654925, 0.71525163, 0.77423807,
       0.7327663 , 0.80023055, 0.60788108, 0.75942881, 0.76036463,
       0.67826527, 0.80425471, 0.74586626, 0.73702436, 0.76647646,
       0.72505141, 0.73962455, 0.71502879, 0.77566683, 0.73441066,
       0.71608663, 0.78526791, 0.75551659, 0.77156096, 0.70125309,
       0.75915729, 0.72119413, 0.65484093, 0.74336947, 0.72605959,
       0.72562609, 0.65244567, 0.77600618, 0.76980054, 0.69898286,
       0.81618751, 0.70095497, 0.73289275, 0.75880953, 0.79408918,
       0.71037057, 0.79148742, 0.69159393, 0.74617093, 0.63255185,
       0.69865678, 0.72073102, 0.63900991, 0.60470476, 0.69441979,
       0.70120123, 0.60908449, 0.76462878, 0.70010853, 0.7924402 ,
       0.79239779, 0.73124791, 0.70487137, 0.80323208, 0.80008159,
       0.61731119, 0.77785675, 0.75064798, 0.76723647, 0.73397331,
       0.66242222, 0.8003971 , 0.63955607, 0.81091328, 0.68227693,
       0.77506151, 0.65560635, 0.79340937, 0.77194546, 0.78001986,
       0.60208652, 0.66222319, 0.72112436, 0.76870531, 0.61407669,
       0.72019592, 0.63169089, 0.73537262, 0.76540617, 0.8182739 ,
       0.76745916, 0.82340761, 0.66990055, 0.73485761, 0.7870696 ,
       0.77376852, 0.80791782, 0.61132911, 0.76244817, 0.76089577,
       0.62463504, 0.76259241, 0.72649747, 0.81453586, 0.74487643,
       0.81969714, 0.74479667, 0.7558285 , 0.77300974, 0.76226324,
       0.71618655, 0.60492161, 0.76368579, 0.73821223, 0.74349264,
       0.71011612, 0.72576962, 0.74426086, 0.75482963, 0.76670266,
       0.77286702, 0.71277568, 0.76773885, 0.74214878, 0.76209164,
       0.74610481, 0.64298396, 0.65608586, 0.72285742, 0.62179492,
       0.73758581, 0.70368697, 0.72396868, 0.77250909, 0.76360397,
       0.72244572, 0.68716033, 0.69663625, 0.75257158, 0.66386447,
       0.69636187, 0.74511126, 0.75427526, 0.6472173 , 0.79836149,
       0.73849779, 0.78402375, 0.73714824, 0.76102825, 0.76381186,
       0.76020466, 0.69333276, 0.79790849, 0.74199781, 0.69866512,
       0.72404843, 0.61407915, 0.64219307, 0.68151461, 0.67315631,
       0.76434044, 0.6514255 , 0.61102356, 0.7562396 , 0.78998835,
       0.80231529, 0.71528186, 0.7897641 , 0.78836294, 0.77402306,
       0.66988492, 0.79921041, 0.80674067, 0.68135796, 0.78708492,
       0.73376379, 0.77668407, 0.77130954, 0.74944556, 0.78789395,
       0.71117523, 0.79803861, 0.77185027, 0.79160365, 0.66141516,
       0.69823535, 0.77704595, 0.73474579, 0.78399267, 0.62858883,
       0.78943828, 0.68739789, 0.75694214, 0.70836321, 0.75635709,
       0.77767244, 0.78454143, 0.70769986, 0.7147454 , 0.78071017,
       0.66415886, 0.69502087, 0.77291411, 0.76571999, 0.7081349 ,
       0.71018232, 0.79341483, 0.76918543, 0.67906119, 0.63828965,
       0.72859594, 0.71037989, 0.77315936, 0.74573393, 0.80749816,
       0.79586758, 0.76373047, 0.74812919, 0.78184665, 0.78938903,
       0.70162094, 0.75676946, 0.72876745, 0.78270817, 0.79339333,
       0.61067046, 0.77938361, 0.64259988, 0.78593288, 0.69069488,
       0.70145779, 0.77001917, 0.77216303, 0.65380623, 0.79111619,
       0.76250445, 0.76366603, 0.68467136, 0.77463938, 0.64019342,
       0.74980466, 0.73643417, 0.75074694, 0.75714909, 0.79974677,
       0.76369422, 0.74019002, 0.80272241, 0.77452738, 0.76220125,
       0.72671873, 0.75451207, 0.7849625 , 0.75534281, 0.79416013,
       0.79784438, 0.74107801, 0.68298356, 0.75152702, 0.76508705,
       0.59349536, 0.77255504, 0.75715105, 0.77815819, 0.6700097 ,
       0.73431561, 0.71193704, 0.7424937 , 0.69382085, 0.72004755,
       0.61362676, 0.75763407, 0.77528651, 0.6354345 , 0.73934332,
       0.81621806, 0.67942313, 0.76105333, 0.77768431, 0.77389133,
       0.77699771, 0.76863831, 0.76365269, 0.70605161, 0.76724556,
       0.79327719, 0.68561697, 0.78937775, 0.79610645, 0.73667429,
       0.69070672, 0.78845478, 0.75297824, 0.74031884, 0.79629269,
       0.72054861, 0.73908817, 0.78698246, 0.80315392, 0.79610978,
       0.70445117, 0.64648118, 0.75798679, 0.74730214, 0.79836527,
       0.66807071, 0.62443617, 0.63541021, 0.67958466, 0.62991797,
       0.64594838, 0.75338946, 0.76869453, 0.69729823, 0.79340813,
       0.73486623, 0.62908188, 0.7451626 , 0.72047468, 0.67170324,
       0.65004167, 0.72958499, 0.75504529, 0.80311307, 0.72955911,
       0.70331114, 0.65079377, 0.81310942, 0.77875731, 0.7888979 ,
       0.80375861, 0.72464185, 0.68911944, 0.7099712 , 0.70215666,
       0.79334552, 0.75499149, 0.82897409, 0.64043778, 0.79069495,
       0.76709515, 0.78588821, 0.77353516, 0.73061057, 0.70051364,
       0.7317608 , 0.81823371, 0.77450102, 0.76123999, 0.71478668,
       0.64010775, 0.72557943, 0.80807868, 0.80534224, 0.68950154,
       0.79200199, 0.78103608, 0.7103147 , 0.74321703, 0.73632152,
       0.77964771, 0.79034746, 0.75996718, 0.74570106, 0.77830663,
       0.74618555, 0.62149649, 0.77294394, 0.62039642, 0.70468791,
       0.82624088, 0.7304686 , 0.76952286, 0.79686944, 0.7201346 ,
       0.7648267 , 0.73485814, 0.75982449, 0.72838063, 0.75714986,
       0.6422679 , 0.80943413, 0.78251101, 0.64448443, 0.77350355,
       0.79960593, 0.77040861, 0.71787242, 0.71839978, 0.71341999,
       0.67122641, 0.74265592, 0.79316126, 0.76729183, 0.66627866,
       0.76096068, 0.78447867, 0.77536555, 0.78598122, 0.61057645,
       0.80345987, 0.74433819, 0.731978  , 0.74925084, 0.80093028,
       0.67620121, 0.74409174, 0.78078459, 0.77321377, 0.78071136,
       0.76169246, 0.77039429, 0.77253619, 0.73833571, 0.72710043,
       0.73940383, 0.68168161, 0.67937083, 0.73201386, 0.77357634,
       0.80819045, 0.76521485, 0.7603921 , 0.69520155, 0.79749966]), 'lt_0 - intercept': array([0.2124334 , 0.22415731, 0.19126569, 0.18312304, 0.16364808,
       0.13683864, 0.33235469, 0.25282261, 0.18039447, 0.21999685,
       0.20456458, 0.23276066, 0.21237318, 0.21089836, 0.17285408,
       0.18120495, 0.26158459, 0.28773271, 0.2393718 , 0.2674815 ,
       0.20959365, 0.15156837, 0.27259216, 0.20464965, 0.19940911,
       0.18276675, 0.32940118, 0.15159899, 0.2733537 , 0.16732876,
       0.29754661, 0.15810917, 0.18170532, 0.25142125, 0.17887659,
       0.24100493, 0.15907304, 0.35207641, 0.20448458, 0.20412281,
       0.28666042, 0.15247973, 0.21354895, 0.22741149, 0.1928353 ,
       0.23185   , 0.21604057, 0.25866414, 0.17930283, 0.22664607,
       0.25189261, 0.17048519, 0.19887243, 0.18944348, 0.26305137,
       0.19560678, 0.23325838, 0.31196674, 0.21833452, 0.22254432,
       0.24141385, 0.31689167, 0.18082024, 0.18686706, 0.27137979,
       0.1376398 , 0.2694077 , 0.23044533, 0.20402191, 0.1650772 ,
       0.24970834, 0.16796712, 0.27484937, 0.20995572, 0.32501741,
       0.25740384, 0.23364   , 0.32627103, 0.35097607, 0.27755321,
       0.24786016, 0.35042328, 0.18738146, 0.23984118, 0.16710892,
       0.16851569, 0.21822928, 0.26631253, 0.16131221, 0.15515185,
       0.32859266, 0.17924448, 0.21098438, 0.19668971, 0.2241739 ,
       0.30206309, 0.16016668, 0.30855843, 0.155619  , 0.26457618,
       0.1978742 , 0.309887  , 0.16767189, 0.18997793, 0.16581017,
       0.35242856, 0.2905907 , 0.22952229, 0.19495534, 0.34803053,
       0.25007776, 0.31648257, 0.23334961, 0.20024136, 0.13646006,
       0.19174697, 0.13527024, 0.29471548, 0.22226282, 0.18329296,
       0.19103298, 0.14739127, 0.3495275 , 0.19954535, 0.20083826,
       0.34959565, 0.18836008, 0.24718702, 0.1453341 , 0.21553752,
       0.13208825, 0.21698946, 0.20801838, 0.18634517, 0.20006929,
       0.25202806, 0.35956839, 0.19815863, 0.20737813, 0.22191433,
       0.24686635, 0.22921789, 0.22038931, 0.20656321, 0.20091339,
       0.17219059, 0.25828492, 0.1871383 , 0.20898132, 0.19943819,
       0.22169813, 0.31938566, 0.2987563 , 0.2308955 , 0.33353142,
       0.21917447, 0.26853043, 0.23040452, 0.18975346, 0.19852563,
       0.24289982, 0.26876067, 0.27080526, 0.20381612, 0.2940238 ,
       0.2609733 , 0.21466563, 0.20116917, 0.3094874 , 0.16494286,
       0.22737723, 0.17496627, 0.22688814, 0.19720091, 0.19356019,
       0.19664425, 0.27190278, 0.1508837 , 0.22552298, 0.26176723,
       0.24021707, 0.34311356, 0.32095843, 0.28543391, 0.28110011,
       0.19911804, 0.30732381, 0.35409899, 0.20719212, 0.17150663,
       0.14789678, 0.24376487, 0.1724915 , 0.17814991, 0.18254543,
       0.29571017, 0.16019473, 0.15669093, 0.2833617 , 0.1731064 ,
       0.22760232, 0.16645613, 0.18635017, 0.21501019, 0.15920559,
       0.24034797, 0.16570822, 0.1882392 , 0.16599266, 0.29229622,
       0.26537415, 0.1786033 , 0.21961077, 0.17012731, 0.3363957 ,
       0.1693576 , 0.27817985, 0.20341537, 0.2476382 , 0.20362027,
       0.18009864, 0.17560783, 0.25271321, 0.25649056, 0.17379417,
       0.30007649, 0.2703782 , 0.19239678, 0.19516579, 0.25004091,
       0.24320018, 0.16063701, 0.19351184, 0.27998576, 0.32214568,
       0.23920435, 0.24446144, 0.1851362 , 0.2177975 , 0.14743161,
       0.16233072, 0.18983138, 0.21371511, 0.17237831, 0.16035707,
       0.27134971, 0.20976128, 0.234024  , 0.18110725, 0.16167851,
       0.34879523, 0.1753513 , 0.32033974, 0.16635242, 0.28117214,
       0.25627827, 0.19456345, 0.18389341, 0.29627499, 0.16212337,
       0.20321103, 0.20423782, 0.2798048 , 0.19004299, 0.32396639,
       0.20981813, 0.22740918, 0.21059653, 0.20010056, 0.15579614,
       0.19070085, 0.22235475, 0.15847733, 0.18596146, 0.19709251,
       0.22885252, 0.19899443, 0.16829996, 0.2053659 , 0.16334283,
       0.15848798, 0.2141386 , 0.28530722, 0.20321623, 0.19284089,
       0.36425845, 0.18161379, 0.20515787, 0.18065102, 0.2868674 ,
       0.22329727, 0.25319878, 0.21756445, 0.25326637, 0.24694834,
       0.3360882 , 0.20430759, 0.17627294, 0.32380678, 0.21499693,
       0.13460109, 0.26343008, 0.19047989, 0.18090916, 0.18329197,
       0.18394639, 0.18798459, 0.20464947, 0.2586979 , 0.19410544,
       0.16295773, 0.26205302, 0.16230545, 0.16705374, 0.22784293,
       0.26265338, 0.17302105, 0.20411442, 0.22163163, 0.16472806,
       0.24198517, 0.22150036, 0.16832872, 0.15416615, 0.1621299 ,
       0.24417329, 0.31515982, 0.1995077 , 0.2126153 , 0.15531412,
       0.29819526, 0.33425355, 0.31738909, 0.28529171, 0.33178285,
       0.3075563 , 0.20784292, 0.19418952, 0.26481874, 0.15908441,
       0.21998485, 0.32996332, 0.21317019, 0.23682357, 0.29599166,
       0.31167459, 0.23782961, 0.19681999, 0.15203023, 0.23998143,
       0.25449988, 0.30148121, 0.13977293, 0.18275391, 0.16904725,
       0.15514123, 0.22678767, 0.27891034, 0.25555889, 0.25046563,
       0.17504349, 0.20904684, 0.12311248, 0.32356714, 0.17625288,
       0.1940554 , 0.17257596, 0.18759168, 0.23049665, 0.26100177,
       0.22757806, 0.13944447, 0.1882691 , 0.20358182, 0.2498794 ,
       0.32046397, 0.22951102, 0.14842632, 0.15895838, 0.27365552,
       0.16443096, 0.17979907, 0.25245898, 0.21578605, 0.22699084,
       0.1884132 , 0.16424741, 0.19354856, 0.21877777, 0.17446317,
       0.20601258, 0.33418688, 0.19272437, 0.3409217 , 0.26257358,
       0.13242408, 0.24080029, 0.19337671, 0.15920108, 0.25072946,
       0.19878575, 0.22726481, 0.19462568, 0.24122587, 0.20877467,
       0.32700484, 0.15587291, 0.18654077, 0.31471097, 0.18896988,
       0.16289974, 0.18508101, 0.25152242, 0.24837767, 0.25015993,
       0.29490623, 0.21106144, 0.16189959, 0.19011382, 0.30630429,
       0.19377539, 0.17546054, 0.18085882, 0.17771788, 0.34835747,
       0.14925999, 0.21956813, 0.22688007, 0.21408731, 0.16029405,
       0.28349041, 0.21809217, 0.17961853, 0.17787484, 0.18296927,
       0.19511487, 0.18790304, 0.18597315, 0.23129118, 0.2349548 ,
       0.21777387, 0.27467642, 0.27791855, 0.22646767, 0.18163484,
       0.15273889, 0.18565177, 0.18732045, 0.27088737, 0.15657406]), 'fs_0 - beta(p=7,n=3)': array([[ 6.40270013e-04,  1.43092573e-03, -4.31607293e-04,
         3.58403744e-04, -2.15424550e-04, -2.24689338e-04],
       [-4.59167268e-04,  6.09154582e-04, -2.40506967e-04,
        -5.60181248e-04,  2.37171356e-04, -1.30865674e-04],
       [ 1.52067870e-03, -4.13406262e-04,  4.43133574e-04,
         2.52266419e-04, -1.63723023e-04, -2.90616323e-04],
       ...,
       [-2.01333971e-04,  6.79745368e-04, -1.78980509e-04,
        -3.67860654e-04,  1.96715471e-04, -5.07094866e-05],
       [ 4.48067108e-04,  1.56537907e-03, -2.75736516e-04,
         8.30313482e-04, -1.43655188e-04,  4.32774889e-04],
       [ 8.94912417e-04,  2.31816650e-03, -8.47724711e-04,
         8.50423640e-04, -5.24885932e-04, -3.59517916e-04]]), 'fs_1 - beta(p=365.25,n=10)': array([[ 0.00313446, -0.0037085 ,  0.00339827, ...,  0.00158246,
         0.00406478, -0.00358882],
       [ 0.00302569, -0.00252046,  0.00283736, ...,  0.00367051,
         0.00273671, -0.00863756],
       [ 0.00117046, -0.00442831,  0.00537995, ..., -0.00103034,
         0.0035804 ,  0.00545943],
       ...,
       [ 0.00202389, -0.0022907 ,  0.002957  , ...,  0.00019884,
         0.00213981, -0.0065385 ],
       [ 0.0061816 , -0.00282789, -0.00204076, ...,  0.00089449,
         0.00348946, -0.00124252],
       [-0.0005668 , -0.00283426,  0.00743759, ...,  0.00060776,
         0.00563971, -0.00208509]]), 'sigma_log__': array([-4.87014996, -5.10708036, -5.26224352, -5.30581414, -5.1543957 ,
       -5.487654  , -4.49875849, -4.81741601, -5.14126857, -4.98837299,
       -4.82075676, -4.91414024, -5.51832464, -5.31685412, -5.08991226,
       -4.72179112, -5.00761487, -4.38201193, -4.99792012, -4.46149755,
       -4.6007862 , -5.74410656, -5.06746598, -4.69452515, -4.98233046,
       -5.42113636, -4.5745394 , -5.02582007, -4.81108858, -5.50351889,
       -4.69034674, -5.37998146, -5.16450314, -4.9345883 , -5.03188369,
       -4.60674293, -5.19090144, -4.82998461, -5.17117415, -4.99120079,
       -4.53564209, -5.3479313 , -5.32333616, -5.02203015, -5.22546036,
       -4.60032279, -5.10407496, -4.99038386, -5.11443142, -4.65528634,
       -5.02065615, -5.05685974, -5.07202122, -4.72612868, -4.86773034,
       -5.24094871, -5.13463716, -4.74959056, -4.67379849, -4.77972407,
       -4.9344962 , -4.87446851, -5.02951922, -4.96787824, -4.72958626,
       -5.57499145, -4.87511533, -5.25149018, -5.41803604, -5.2087472 ,
       -4.74090529, -5.00755726, -4.95522908, -5.4992891 , -4.55311142,
       -4.63921776, -5.35217471, -4.52581203, -5.10690917, -5.09047124,
       -4.44684046, -4.76386827, -5.04883209, -4.47746842, -5.42528201,
       -5.07551965, -5.26627045, -5.00856451, -5.33799862, -5.49149326,
       -4.79437784, -5.01608905, -5.35782297, -5.29303409, -5.11274157,
       -5.17869259, -5.34519418, -4.99551146, -5.34197973, -4.95645412,
       -4.92414463, -4.73442297, -5.2335814 , -4.9052426 , -4.92882026,
       -4.57847055, -4.59087019, -4.77163409, -5.24102072, -5.04719275,
       -4.78230194, -4.70716567, -5.03700324, -5.24343543, -5.48246573,
       -5.20069455, -4.80059197, -4.41362857, -5.29145679, -5.25543377,
       -4.72929437, -5.14716763, -4.88501443, -5.32596387, -5.3973638 ,
       -5.12485074, -4.9031492 , -4.78593246, -5.5703882 , -4.66342539,
       -5.33253721, -4.60826807, -5.19019891, -5.14109756, -5.39206113,
       -4.52445395, -4.58603137, -4.73255335, -4.37964261, -5.20409329,
       -4.74896294, -4.90796157, -4.76378867, -5.04206049, -5.03821883,
       -5.2985993 , -5.13250924, -5.12304393, -4.96170427, -4.84343521,
       -5.01822637, -4.99539599, -4.46423071, -4.51816972, -4.60704489,
       -4.50504853, -4.63930586, -5.13823278, -5.04237086, -5.2065281 ,
       -4.795909  , -4.77814566, -4.66370079, -5.19939841, -4.59985991,
       -5.01055326, -5.25782172, -4.88353857, -4.67063112, -5.24891756,
       -4.57149868, -5.29439832, -4.61716168, -5.5051102 , -5.52713427,
       -4.96107816, -4.80898549, -5.27454501, -4.9265169 , -4.25284018,
       -4.79640034, -4.30766425, -5.22882081, -4.41729829, -4.55763856,
       -5.30715599, -4.75090288, -4.48727499, -5.10252303, -4.72291378,
       -5.28117296, -4.5055828 , -5.32639897, -5.15800889, -5.09619094,
       -4.69716143, -4.94244338, -5.00497987, -4.76692528, -5.03899946,
       -5.25049507, -5.15885633, -5.19743013, -5.25606605, -5.17084433,
       -4.86810958, -5.22946386, -5.20772894, -5.19589229, -4.56279456,
       -4.85293453, -5.5944535 , -4.75010508, -5.25118755, -4.95254504,
       -5.46418569, -4.86431982, -4.85298885, -4.70516319, -4.94435685,
       -4.86507636, -5.36989369, -4.60262552, -4.90270236, -5.18469229,
       -5.05157464, -4.93648315, -4.77677477, -5.535507  , -4.54386957,
       -5.09263844, -4.81626933, -5.21328265, -4.40638507, -5.21787912,
       -4.65364017, -4.64983792, -5.00897892, -4.77287113, -5.43432835,
       -5.37854609, -5.15988643, -4.81041692, -5.1558754 , -5.4236703 ,
       -4.80908183, -5.31285733, -4.70652233, -5.20295275, -5.32910586,
       -4.51560623, -5.32544908, -4.67902704, -5.26542175, -5.06222845,
       -5.01402692, -4.91333808, -5.16012879, -4.52160622, -5.2956089 ,
       -5.22555655, -5.02693417, -4.58325361, -5.01021611, -4.91036648,
       -5.43308165, -4.81668899, -5.20388307, -5.34522598, -5.4591996 ,
       -5.06356802, -4.53042807, -5.04894759, -4.89212909, -5.60894978,
       -4.27464685, -4.95593195, -5.34553651, -5.05118706, -5.47005005,
       -5.32263294, -5.24378763, -4.34641266, -5.08470493, -4.94816396,
       -4.60108834, -5.25425248, -5.16767826, -5.43351401, -4.40680059,
       -5.15212522, -4.79769004, -4.57233683, -4.51716145, -4.96925076,
       -5.05091387, -4.90263443, -4.98167641, -4.97083265, -4.82663727,
       -5.66011269, -4.88350834, -5.1233633 , -5.40698878, -5.38757572,
       -5.34672327, -5.38960893, -5.27316222, -4.4947062 , -4.58785127,
       -5.25283756, -4.44458258, -5.2787252 , -5.34388599, -4.9157536 ,
       -4.54996556, -5.42423048, -5.20458917, -4.90425288, -5.32417771,
       -4.74577087, -4.99033207, -5.04691907, -5.21204683, -5.44830956,
       -4.4995053 , -4.95410862, -4.71776238, -5.42228727, -5.04060815,
       -4.60250344, -4.98673931, -4.93602289, -4.77664249, -4.87773771,
       -4.72664417, -4.61780819, -4.8669114 , -4.78906516, -4.95452782,
       -4.93417288, -4.49880603, -4.77608387, -5.34093439, -4.9038851 ,
       -4.57046093, -4.85144833, -4.60421678, -5.44895115, -4.34935659,
       -4.58641607, -4.79553705, -5.45628917, -5.35637741, -5.12061323,
       -5.41237399, -4.70160788, -4.79632429, -4.74883977, -4.69068245,
       -5.38456575, -4.80076666, -5.44043189, -4.86238724, -5.36295961,
       -5.25195848, -5.55789453, -5.20700123, -5.45323297, -4.85909571,
       -5.20592589, -5.22864234, -4.56401292, -5.0605118 , -4.68344282,
       -5.18312522, -5.23130578, -5.31335692, -5.63746532, -4.43555049,
       -5.47883364, -4.99454485, -4.608202  , -4.71925304, -4.83859571,
       -5.26733121, -5.05512106, -5.07427863, -5.1239132 , -5.36600531,
       -4.78470018, -4.80964535, -4.61352011, -4.98027493, -4.75099386,
       -6.1392825 , -4.65178225, -5.18097726, -5.22564013, -4.8198411 ,
       -5.12581053, -4.63075802, -4.58190175, -4.60781953, -4.89373606,
       -4.90719173, -5.58813804, -5.32922835, -4.96313331, -5.18436427,
       -5.12793513, -4.84899436, -4.82173826, -5.03217194, -4.36944535,
       -4.84337102, -4.70133974, -5.35861048, -5.00338932, -4.92700911,
       -5.43992406, -5.19818551, -5.11761786, -5.68350008, -4.9032607 ,
       -5.32079036, -4.66369151, -4.98982612, -5.29992555, -5.19365147,
       -5.05663214, -5.10112674, -5.52076516, -4.69165118, -5.48216039,
       -4.72205025, -5.25825577, -5.07681808, -5.30572366, -4.47871178,
       -5.29789752, -4.85669079, -4.40458441, -4.78562062, -5.06522314,
       -5.02061941, -5.10197759, -5.37042081, -5.02563478, -5.43691611]), 'sigma': array([0.00767221, 0.00605373, 0.00518366, 0.00496266, 0.00577397,
       0.00413754, 0.0111228 , 0.00808766, 0.00585026, 0.00681675,
       0.00806068, 0.00734203, 0.00401256, 0.00490817, 0.00615856,
       0.00889922, 0.00668683, 0.01250018, 0.00675198, 0.01154506,
       0.01004394, 0.00320159, 0.00629836, 0.00914521, 0.00685806,
       0.00442212, 0.01031105, 0.0065662 , 0.00813899, 0.00407242,
       0.0091835 , 0.00460791, 0.0057159 , 0.00719342, 0.00652651,
       0.00998428, 0.00556699, 0.00798664, 0.0056779 , 0.0067975 ,
       0.01072002, 0.00475798, 0.00487646, 0.00659113, 0.00537788,
       0.01004859, 0.00607195, 0.00680305, 0.00600939, 0.00951119,
       0.00660019, 0.00636552, 0.00626973, 0.00886071, 0.0076908 ,
       0.00529523, 0.00588919, 0.00865524, 0.00933674, 0.00839832,
       0.00719408, 0.00763915, 0.00654196, 0.0069579 , 0.00883012,
       0.00379151, 0.00763421, 0.0052397 , 0.00443585, 0.00546852,
       0.00873074, 0.00668722, 0.00704647, 0.00408968, 0.01053438,
       0.00966526, 0.00473784, 0.01082592, 0.00605477, 0.00615512,
       0.01171552, 0.00853254, 0.00641682, 0.01136214, 0.00440382,
       0.00624784, 0.00516283, 0.00668049, 0.00480548, 0.00412168,
       0.00827615, 0.00663041, 0.00471115, 0.00502649, 0.00601956,
       0.00563537, 0.00477102, 0.00676826, 0.00478639, 0.00703784,
       0.00726894, 0.00878752, 0.00533439, 0.00740765, 0.00723503,
       0.01027059, 0.01014403, 0.00846653, 0.00529485, 0.00642735,
       0.00837669, 0.00903034, 0.00649318, 0.00528208, 0.00415906,
       0.00551273, 0.00822488, 0.01211115, 0.00503442, 0.00521908,
       0.0088327 , 0.00581585, 0.00755901, 0.00486366, 0.0045285 ,
       0.0059471 , 0.00742317, 0.00834634, 0.003809  , 0.00943409,
       0.0048318 , 0.00996907, 0.0055709 , 0.00585126, 0.00455258,
       0.01084063, 0.01019323, 0.00880396, 0.01252984, 0.00549403,
       0.00866067, 0.00738753, 0.00853322, 0.00646042, 0.00648529,
       0.00499859, 0.00590173, 0.00595786, 0.00700099, 0.00787994,
       0.00661625, 0.00676904, 0.01151355, 0.01090897, 0.00998127,
       0.01105305, 0.0096644 , 0.00586805, 0.00645842, 0.00548067,
       0.00826348, 0.00841158, 0.00943149, 0.00551988, 0.01005324,
       0.00666721, 0.00520663, 0.00757018, 0.00936636, 0.0052532 ,
       0.01034245, 0.00501963, 0.0098808 , 0.00406594, 0.00397737,
       0.00700537, 0.00815613, 0.00512029, 0.00725172, 0.01422378,
       0.00825942, 0.01346496, 0.00535984, 0.01206679, 0.01048679,
       0.004956  , 0.00864389, 0.01125126, 0.00608138, 0.00888924,
       0.00508646, 0.01104715, 0.00486155, 0.00575314, 0.00612001,
       0.00912113, 0.00713714, 0.00670448, 0.0085065 , 0.00648023,
       0.00524492, 0.00574827, 0.00553076, 0.00521578, 0.00567977,
       0.00768788, 0.0053564 , 0.00547409, 0.00553927, 0.01043286,
       0.00780544, 0.00371843, 0.00865079, 0.00524129, 0.0070654 ,
       0.00423579, 0.00771708, 0.00780501, 0.00904844, 0.00712349,
       0.00771124, 0.00465463, 0.01002548, 0.00742649, 0.00560166,
       0.00639925, 0.0071798 , 0.00842312, 0.00394421, 0.01063218,
       0.00614179, 0.00809694, 0.00544377, 0.0121992 , 0.00541881,
       0.00952686, 0.00956315, 0.00667772, 0.00845607, 0.00436417,
       0.00461453, 0.00574235, 0.00814446, 0.00576543, 0.00441093,
       0.00815534, 0.00492783, 0.00903615, 0.0055003 , 0.0048484 ,
       0.01093697, 0.00486617, 0.00928805, 0.00516721, 0.00633143,
       0.00664409, 0.00734792, 0.00574096, 0.01087155, 0.00501356,
       0.00537737, 0.00655889, 0.01022159, 0.00666946, 0.00736979,
       0.00436961, 0.00809354, 0.00549518, 0.00477087, 0.00425696,
       0.00632296, 0.01077606, 0.00641608, 0.00750543, 0.00366492,
       0.01391696, 0.00704151, 0.00476939, 0.00640173, 0.00421102,
       0.00487989, 0.00528022, 0.0129532 , 0.00619071, 0.00709643,
       0.0100409 , 0.00522525, 0.00569778, 0.00436772, 0.01219413,
       0.00578709, 0.00824878, 0.01033378, 0.01091998, 0.00694835,
       0.00640348, 0.00742699, 0.00686255, 0.00693737, 0.00801342,
       0.00348212, 0.00757041, 0.00595596, 0.00448513, 0.00457305,
       0.00476373, 0.00456376, 0.00512737, 0.01116796, 0.0101747 ,
       0.00523265, 0.01174201, 0.00509893, 0.00477727, 0.00733019,
       0.01056757, 0.00440846, 0.00549131, 0.00741498, 0.00487236,
       0.00868836, 0.0068034 , 0.00642911, 0.00545051, 0.00430357,
       0.01111449, 0.00705437, 0.00893515, 0.00441703, 0.00646981,
       0.0100267 , 0.00682789, 0.00718311, 0.00842424, 0.00761422,
       0.00885614, 0.00987442, 0.0076971 , 0.00832023, 0.00705141,
       0.00719641, 0.01112227, 0.00842894, 0.00479139, 0.00741771,
       0.01035319, 0.00781705, 0.01000954, 0.00430081, 0.01291512,
       0.01018931, 0.00826656, 0.00426937, 0.00471797, 0.00597236,
       0.00446104, 0.00908066, 0.00826005, 0.00866174, 0.00918042,
       0.00458683, 0.00822344, 0.00433761, 0.007732  , 0.00468701,
       0.00523725, 0.00385689, 0.00547808, 0.00428244, 0.0077575 ,
       0.00548397, 0.0053608 , 0.01042016, 0.00634231, 0.00924712,
       0.00561045, 0.00534654, 0.00492536, 0.00356189, 0.01184854,
       0.0041742 , 0.0067748 , 0.00996973, 0.00892184, 0.00791817,
       0.00515736, 0.00637659, 0.0062556 , 0.00595268, 0.00467276,
       0.00835663, 0.00815075, 0.00991685, 0.00687217, 0.0086431 ,
       0.00215647, 0.00954458, 0.00562251, 0.00537692, 0.00806807,
       0.0059414 , 0.00974737, 0.01023541, 0.00997354, 0.00749337,
       0.00739322, 0.00374199, 0.00484781, 0.00699099, 0.0056035 ,
       0.00592879, 0.00783625, 0.00805278, 0.00652462, 0.01265826,
       0.00788044, 0.0090831 , 0.00470744, 0.00671515, 0.00724815,
       0.00433981, 0.00552658, 0.00599028, 0.00340163, 0.00742234,
       0.00488889, 0.00943158, 0.00680685, 0.00499197, 0.0055517 ,
       0.00636697, 0.00608988, 0.00400278, 0.00917153, 0.00416033,
       0.00889692, 0.00520437, 0.00623973, 0.00496311, 0.01134802,
       0.0050021 , 0.00777617, 0.01222118, 0.00834894, 0.0063125 ,
       0.00660044, 0.0060847 , 0.00465217, 0.00656742, 0.00435289])}"
