,0
0,"{'lt_0 - slope': array([ 9.55839690e-01,  6.99988713e-01,  1.04337018e+00,  1.25530096e+00,
        1.28953953e+00,  1.15147265e+00,  1.52866707e-01,  6.58565023e-01,
        1.14940891e+00,  8.06589901e-01,  8.13223449e-01,  8.49953686e-01,
        8.86897040e-01,  9.06658339e-01,  1.19350126e+00,  1.01921629e+00,
        7.49312614e-01,  5.15796192e-01,  8.48309568e-01,  3.55449872e-01,
        8.51386715e-01,  1.10773826e+00,  7.22240682e-01,  7.95050727e-01,
        1.10482034e+00,  9.08136356e-01,  4.47875390e-01,  5.18051269e-01,
        6.90870270e-01,  1.31505564e+00,  3.69644549e-01,  1.33766474e+00,
        1.15692795e+00,  6.38813991e-01,  1.24942489e+00,  6.83973244e-01,
        1.31788343e+00,  4.33231742e-03,  1.22384651e+00,  9.36424352e-01,
        4.51822082e-01,  1.30316067e+00,  8.84047187e-01,  7.57864184e-01,
        1.06314908e+00,  8.12039660e-01,  7.73775966e-01,  7.18577902e-01,
        1.02898500e+00,  9.06010792e-01,  7.68478792e-01,  1.32804864e+00,
        7.83733742e-01,  9.48808703e-01,  6.74072464e-01,  6.38045596e-01,
        8.72572809e-01,  2.88022422e-01,  9.13181131e-01,  8.32430298e-01,
        8.96720921e-01,  2.45837334e-01,  1.14285493e+00,  1.11766784e+00,
        5.60008652e-01,  1.68475178e+00,  6.60181220e-01,  7.33119503e-01,
        1.23303259e+00,  1.14786880e+00,  5.97570994e-01,  1.25608810e+00,
        4.46482487e-01,  8.55223932e-01,  3.52325737e-01,  5.86881118e-01,
        1.12809369e+00,  1.62725424e-01,  1.06980094e-01,  5.90870865e-01,
        6.37884204e-01, -7.08726357e-02,  1.10882201e+00,  6.73570769e-01,
        1.39294979e+00,  1.08924069e+00,  6.13848499e-01,  6.17321217e-01,
        1.22992880e+00,  1.44744340e+00,  1.28193272e-01,  1.15185826e+00,
        8.67518552e-01,  9.35996849e-01,  7.36656415e-01,  3.44432280e-01,
        1.31417112e+00,  4.31412941e-02,  1.44881878e+00,  4.92250382e-01,
        1.05406327e+00,  1.51339120e-01,  1.27888527e+00,  1.15228741e+00,
        9.05395243e-01,  3.82032000e-01,  4.20800926e-02,  6.20345052e-01,
        5.81695640e-01,  1.05642162e+00,  8.92196154e-02,  8.25788592e-01,
        3.58652353e-01,  9.18312663e-01,  8.08751751e-01,  1.55238882e+00,
        1.06376330e+00,  5.29322307e-01,  3.64940427e-01,  7.49865659e-01,
        1.22909232e+00,  1.00009776e+00,  9.58328097e-01, -2.10025369e-01,
        9.85635360e-01,  1.01523126e+00,  1.31700418e-03,  7.99344234e-01,
       -2.31391519e-02,  7.32802337e-01,  9.89831345e-01,  6.88668809e-01,
        7.86905703e-01,  9.25585646e-01,  1.12100828e+00,  9.80295881e-01,
        5.71280686e-01, -3.63506348e-02,  8.80916432e-01,  8.79012690e-01,
        5.79906209e-01,  5.07547151e-01,  6.57400582e-01,  8.38612707e-01,
        1.04890678e+00,  9.68798649e-01,  5.22792367e-01,  5.17833297e-01,
        1.00026604e+00,  8.70733460e-01,  9.72125659e-01,  9.82337309e-01,
       -1.14383432e-01,  2.39636712e-01,  7.65113013e-01,  1.15707296e-01,
        7.20561028e-01,  7.09612479e-01,  1.07825755e+00,  1.23607200e+00,
        8.26879681e-01,  4.18615776e-01,  5.16340145e-01,  9.46215714e-01,
        4.93008792e-01,  6.55359712e-01,  1.22660538e+00,  9.14913046e-01,
        1.14843987e-01,  1.22482701e+00,  7.93272297e-01,  1.21523260e+00,
        8.91901366e-01,  1.26881291e+00,  1.35172100e+00,  1.05242196e+00,
        4.79745846e-01,  6.79724572e-01,  9.48853647e-01,  6.18626189e-01,
        7.12333620e-01,  2.89735664e-02,  2.28496305e-01,  5.88764578e-01,
        2.80864125e-01,  9.80083915e-01,  1.10218417e-01, -6.29091644e-02,
        1.08311268e+00,  1.03076450e+00,  1.31233534e+00,  6.49054473e-01,
        9.03446521e-01,  1.04300717e+00,  1.24000447e+00,  1.82520221e-01,
        9.74958377e-01,  9.00591383e-01,  3.49016746e-01,  1.15987940e+00,
        1.02106007e+00,  8.00006393e-01,  1.28235301e+00,  1.19673045e+00,
        8.38321648e-01,  5.67959861e-01,  1.38202153e+00,  1.01909749e+00,
        1.29437629e+00,  3.19671866e-01,  4.84060292e-01,  1.02618364e+00,
        7.45152107e-01,  1.29765245e+00, -1.57065833e-01,  1.41864415e+00,
        4.90646062e-01,  1.03785552e+00,  6.90389349e-01,  1.02862596e+00,
        1.03197127e+00,  1.20061252e+00,  5.93327708e-01,  7.80188771e-01,
        1.26147806e+00,  3.77808577e-01,  2.17416318e-01,  1.00795625e+00,
        1.07247701e+00,  4.95441996e-01,  4.95926487e-01,  8.08113763e-01,
        8.40742181e-01,  3.61581807e-01, -1.08282219e-01,  7.47938329e-01,
        8.11834417e-01,  1.07642352e+00,  7.86454671e-01,  1.39428534e+00,
        1.50873276e+00,  1.27934420e+00,  1.04101009e+00,  1.27771394e+00,
        1.16576230e+00,  6.00369148e-01,  9.42202393e-01,  6.06677317e-01,
        1.15226005e+00,  1.17690880e+00,  9.43881965e-02,  1.02901198e+00,
        2.81085211e-01,  1.12118869e+00,  5.49070562e-01,  3.82940539e-01,
        1.16390530e+00,  9.70175517e-01,  2.45878302e-01,  9.11677502e-01,
        1.17500382e+00,  1.08333793e+00,  3.71956102e-01,  1.09848346e+00,
        1.66416390e-01,  1.14715435e+00,  7.24439155e-01,  1.17495218e+00,
        9.23648810e-01,  1.12272190e+00,  9.88134595e-01,  6.97668689e-01,
        1.15587758e+00,  9.85665941e-01,  9.35501689e-01,  7.63659323e-01,
        8.67894715e-01,  1.39448644e+00,  8.60595765e-01,  1.43494862e+00,
        1.35923704e+00,  1.11144321e+00,  4.58099813e-01,  1.19509738e+00,
        7.19509890e-01,  5.86842369e-02,  1.33333388e+00,  8.88120641e-01,
        7.52589833e-01,  2.90100636e-01,  7.83108602e-01,  9.44813732e-01,
        6.78664729e-01,  5.45126315e-01,  7.23328320e-01,  1.12254765e-01,
        1.19366369e+00,  5.97981721e-01,  7.37368010e-02,  7.42984108e-01,
        6.97494672e-01,  3.61987254e-01,  1.08614517e+00,  9.50982581e-01,
        9.50833635e-01,  1.01269753e+00,  1.12462964e+00,  1.03654061e+00,
        6.86043321e-01,  9.38910333e-01,  1.33033053e+00,  5.57236220e-01,
        8.78865122e-01,  1.27080649e+00,  8.96244274e-01,  5.51917812e-01,
        1.16493643e+00,  8.79114290e-01,  9.00299577e-01,  1.20144176e+00,
        5.93231578e-01,  8.99140229e-01,  1.03025545e+00,  1.18691484e+00,
        1.43785856e+00,  6.17955214e-01,  2.71206431e-01,  9.98749108e-01,
        9.07254981e-01,  1.27739697e+00,  3.56874298e-01, -1.04758350e-01,
        3.16466552e-02,  5.28357321e-01, -1.06087487e-01,  1.96695847e-01,
        8.80893056e-01,  1.07356714e+00,  6.36593638e-01,  9.49953463e-01,
        7.06237211e-01,  2.00073690e-01,  8.52925974e-01,  7.57689210e-01,
        4.51547302e-01,  2.02411171e-01,  7.29503263e-01,  7.88875191e-01,
        1.12098979e+00,  6.53860266e-01,  5.06924211e-01,  6.62849381e-01,
        1.13581368e+00,  1.11819239e+00,  1.28315697e+00,  1.21930195e+00,
        7.34264322e-01,  5.29995546e-01,  6.47432489e-01,  6.12001255e-01,
        1.00798111e+00,  1.00871162e+00,  1.17847297e+00,  2.86503466e-01,
        1.37912311e+00,  1.07320827e+00,  1.32833717e+00,  1.20954345e+00,
        7.37584294e-01,  7.72402339e-01,  6.61860474e-01,  6.16803934e-01,
        1.08219589e+00,  1.21387899e+00,  7.39743226e-01,  2.66235979e-01,
        6.68667297e-01,  1.29616071e+00,  1.21038541e+00,  4.84362650e-01,
        1.40333388e+00,  1.24788607e+00,  7.00839408e-01,  8.97977064e-01,
        9.48337070e-01,  1.23419569e+00,  1.10174821e+00,  1.02376502e+00,
        8.88734642e-01,  1.35216931e+00,  8.89975927e-01, -9.62115264e-02,
        8.95744893e-01, -2.96067912e-01,  6.85011834e-01,  1.09658230e+00,
        8.04615528e-01,  1.13772883e+00,  1.11785799e+00,  8.49248157e-01,
        1.00106194e+00,  9.12597996e-01,  9.30697198e-01,  7.29878856e-01,
        9.40288211e-01, -6.47590662e-02,  1.37116570e+00,  1.07449335e+00,
        2.43607294e-01,  1.19618532e+00,  1.11560971e+00,  7.87775192e-01,
        7.60723048e-01,  7.06702080e-01,  6.88189022e-01,  5.42476174e-01,
        7.62759892e-01,  1.34943470e+00,  9.85544955e-01,  1.16144867e-01,
        8.91279898e-01,  1.25413976e+00,  1.02955374e+00,  9.66926976e-01,
        1.15216171e-01,  1.14159149e+00,  7.88196016e-01,  5.20630946e-01,
        8.08583021e-01,  1.34757397e+00,  3.81434408e-01,  9.90356437e-01,
        1.17612753e+00,  6.88105091e-01,  8.70942080e-01,  9.10767378e-01,
        1.27005414e+00,  1.31486227e+00,  9.79014834e-01,  5.67531203e-01,
        8.29702988e-01,  3.89929511e-01,  3.66486361e-01,  6.22645892e-01,
        1.22499715e+00,  1.38541940e+00,  1.16493839e+00,  5.51645054e-01,
        6.15631479e-01,  1.41859477e+00]), 'lt_0 - intercept': array([-4.79810372e-03,  1.90420403e-01, -1.05894588e-01, -3.40676807e-01,
       -3.51572048e-01, -2.42600698e-01,  8.04666424e-01,  3.05845134e-01,
       -2.30295134e-01,  1.51525623e-01,  1.28313891e-01,  6.15051001e-02,
        6.18220138e-02,  4.44320690e-02, -2.46282088e-01, -5.43274599e-02,
        1.82394076e-01,  4.49648978e-01,  1.15761520e-01,  5.69775207e-01,
        9.58268605e-02, -2.26467585e-01,  2.14824985e-01,  1.76511845e-01,
       -1.46264086e-01, -5.90385542e-02,  5.02531848e-01,  2.04254113e-01,
        2.61568519e-01, -3.92791291e-01,  5.71267286e-01, -3.85180609e-01,
       -2.03479555e-01,  2.63689375e-01, -3.22344110e-01,  2.91232057e-01,
       -3.90290123e-01,  9.23501672e-01, -2.84995118e-01,  1.74242191e-02,
        4.87200880e-01, -3.79805901e-01,  6.47195129e-02,  1.97068117e-01,
       -1.52629505e-01,  1.42505231e-01,  1.61993536e-01,  2.45441048e-01,
       -6.75709669e-02,  5.33207008e-02,  1.48280945e-01, -3.89042923e-01,
        2.34156276e-02,  1.86705066e-02,  2.60388735e-01,  2.17913993e-01,
        6.69397831e-02,  6.55654534e-01,  9.52938535e-03,  5.58307665e-02,
        5.74309749e-02,  6.70658449e-01, -1.91353752e-01, -1.61866056e-01,
        3.73962475e-01, -7.51010533e-01,  2.80316607e-01,  2.35676078e-01,
       -2.85095485e-01, -2.24910770e-01,  3.67221370e-01, -2.92985668e-01,
        4.69446683e-01,  7.97798931e-02,  5.80656336e-01,  3.58455640e-01,
       -2.03642414e-01,  7.72912828e-01,  7.01403951e-01,  3.32656377e-01,
        3.22761136e-01,  1.02260569e+00, -2.10221918e-01,  2.30679870e-01,
       -4.44382243e-01, -1.20996954e-01,  3.39175718e-01,  3.20696901e-01,
       -2.73054847e-01, -5.05056508e-01,  7.73236359e-01, -2.22479924e-01,
        8.43473451e-02, -1.85873418e-02,  2.11136090e-01,  5.69372771e-01,
       -3.84548186e-01,  8.50560576e-01, -4.97829746e-01,  4.34618128e-01,
       -1.14957494e-01,  8.09373626e-01, -3.29943186e-01, -2.04859707e-01,
       -2.76514486e-02,  4.55938528e-01,  8.96780660e-01,  3.55186184e-01,
        3.74904919e-01, -9.90882824e-02,  7.98039042e-01,  1.41053460e-01,
        5.65383125e-01,  3.63548235e-02,  1.43814945e-01, -6.09650674e-01,
       -1.28899632e-01,  2.89845604e-01,  6.01926040e-01,  1.67630408e-01,
       -2.77922412e-01, -5.21634077e-02, -6.09949339e-02,  1.15447020e+00,
       -3.47004434e-02, -6.20504331e-02,  9.51814959e-01,  4.84186000e-02,
        9.52904200e-01,  1.34175234e-01, -5.60824222e-02,  1.63473085e-01,
        1.82493928e-01,  2.94557244e-02, -1.73870966e-01, -2.77113718e-02,
        4.00389174e-01,  9.70864149e-01,  6.73392586e-02,  3.77829136e-02,
        3.77615768e-01,  4.35108088e-01,  2.88998607e-01,  1.14963380e-01,
       -1.27722764e-01, -1.66363181e-04,  2.09696973e-01,  4.56937634e-01,
       -1.03589267e-01,  7.52459256e-02, -7.47108605e-03, -4.10133449e-02,
        1.05194146e+00,  6.83829888e-01,  1.58662859e-01,  8.34787891e-01,
        1.71076116e-01,  2.42594773e-01, -1.43058445e-01, -2.94366662e-01,
        1.12553696e-01,  4.99531571e-01,  4.32939300e-01, -2.99877343e-03,
        4.25644203e-01,  2.60043023e-01, -2.85490747e-01,  2.75058441e-02,
        8.32788824e-01, -2.77194943e-01,  1.73389728e-01, -2.89213970e-01,
        5.14343454e-02, -3.34209351e-01, -4.22754601e-01, -1.05440167e-01,
        4.67006126e-01,  1.56483732e-01, -1.14170053e-02,  3.46728567e-01,
        2.32240446e-01,  9.26032922e-01,  6.72081277e-01,  3.59458584e-01,
        6.70754381e-01, -1.92919481e-02,  8.05723042e-01,  1.00538048e+00,
       -1.34111993e-01, -9.44156266e-02, -3.89195347e-01,  3.16682511e-01,
       -8.67900967e-03, -1.13464178e-01, -3.24904811e-01,  7.69279970e-01,
       -6.97082329e-02,  1.77085420e-02,  5.77741132e-01, -2.09686830e-01,
       -8.01071962e-02,  5.71609578e-02, -3.59983614e-01, -2.52266556e-01,
        3.19703454e-02,  3.40114370e-01, -4.43461646e-01, -7.39322648e-02,
       -3.73394481e-01,  6.24693496e-01,  4.68034323e-01, -1.26691786e-01,
        1.87764633e-01, -3.56131792e-01,  1.10566639e+00, -4.97301141e-01,
        4.11089452e-01, -9.23657734e-02,  2.60783461e-01, -7.72676023e-02,
       -6.84743693e-02, -2.47579606e-01,  3.54505706e-01,  1.80444499e-01,
       -3.32511906e-01,  5.41711966e-01,  7.22328669e-01, -4.30611625e-02,
       -1.34972754e-01,  4.49683349e-01,  4.52183163e-01,  5.61941327e-02,
        5.39317974e-02,  6.08579545e-01,  1.03493468e+00,  2.25584357e-01,
        8.87929156e-02, -1.27167119e-01,  1.66070142e-01, -4.45032455e-01,
       -5.83187925e-01, -3.41347574e-01, -1.10453704e-01, -3.37390188e-01,
       -2.30984499e-01,  3.26634196e-01,  1.68546590e-02,  3.52179374e-01,
       -2.35413131e-01, -2.53555820e-01,  8.03296555e-01, -1.30952056e-01,
        6.58013146e-01, -2.10638708e-01,  4.16860816e-01,  5.53086230e-01,
       -2.21503724e-01, -6.68975891e-02,  6.94570658e-01, -3.89248434e-02,
       -2.24107765e-01, -1.34285363e-01,  5.86195076e-01, -1.37878427e-01,
        7.48655346e-01, -2.01494029e-01,  2.22278972e-01, -2.38803504e-01,
        2.77340308e-02, -2.22956452e-01, -4.57092717e-02,  2.73251170e-01,
       -1.92812338e-01, -2.54534206e-02,  1.75971722e-02,  1.64149049e-01,
        1.36101025e-02, -4.71115053e-01,  2.31035169e-02, -5.18475834e-01,
       -4.34697416e-01, -2.11716928e-01,  5.10404339e-01, -2.62909171e-01,
        1.01970180e-01,  8.37533429e-01, -3.95421723e-01,  6.92858468e-02,
        1.14444283e-01,  6.29543173e-01,  1.59222856e-01, -1.45729386e-02,
        2.92918333e-01,  3.61954978e-01,  2.15908968e-01,  6.96055750e-01,
       -2.51039501e-01,  1.44529629e-01,  8.49217990e-01,  1.58167039e-01,
        1.25842515e-01,  5.74570203e-01, -1.78858636e-01, -6.49426705e-02,
       -7.09861572e-02, -8.33016812e-02, -2.14671508e-01, -1.18225481e-01,
        2.77850226e-01,  2.79595307e-02, -3.83525174e-01,  4.07600760e-01,
        2.05661950e-04, -3.26303563e-01,  2.18657111e-02,  4.05761484e-01,
       -2.05176829e-01,  7.14956313e-02,  1.90538599e-02, -2.38075384e-01,
        3.66421351e-01,  2.10963134e-02, -1.24019101e-01, -2.68690198e-01,
       -5.05701369e-01,  3.41484401e-01,  6.66860734e-01, -7.32057313e-02,
        3.59724480e-02, -3.40573234e-01,  6.02206771e-01,  1.04292844e+00,
        8.62904295e-01,  4.09994667e-01,  1.04505636e+00,  7.53731739e-01,
        1.88896410e-02, -1.47070015e-01,  2.96350402e-01, -4.83331355e-02,
        1.69604863e-01,  7.27450200e-01,  9.44059037e-02,  1.27820668e-01,
        4.74825276e-01,  7.24742989e-01,  2.08201978e-01,  9.83176163e-02,
       -2.11045347e-01,  3.16499006e-01,  4.51736225e-01,  2.98713119e-01,
       -2.47590712e-01, -1.60666599e-01, -3.34437191e-01, -2.87953144e-01,
        2.23078809e-01,  3.87787755e-01,  3.05245969e-01,  3.30910317e-01,
       -6.40329182e-02, -5.96003294e-02, -2.73857847e-01,  6.71566138e-01,
       -4.57212812e-01, -1.17962817e-01, -3.91853571e-01, -2.78599841e-01,
        2.18775862e-01,  1.70928841e-01,  2.09561444e-01,  2.17975491e-01,
       -1.17629205e-01, -2.70126245e-01,  1.53042470e-01,  6.09061666e-01,
        2.71248920e-01, -3.38246549e-01, -2.60944644e-01,  4.78708372e-01,
       -4.63997399e-01, -3.04484472e-01,  2.41434959e-01,  4.78905642e-02,
        3.92177389e-03, -2.76894960e-01, -1.70051269e-01, -8.68086548e-02,
        6.77188475e-02, -4.23660488e-01,  4.03623783e-02,  1.03184066e+00,
        7.56754733e-02,  1.23807849e+00,  2.49556281e-01, -1.92972232e-01,
        1.59537108e-01, -2.03827144e-01, -2.05712430e-01,  8.98014519e-02,
       -5.37862594e-02, -7.87077599e-03, -1.66528732e-02,  1.97294147e-01,
        1.61701323e-02,  1.01207190e+00, -4.62101123e-01, -1.03671745e-01,
        6.64872710e-01, -2.59483672e-01, -1.52792637e-01,  9.98530579e-02,
        1.98476873e-01,  2.57438337e-01,  2.73737001e-01,  3.93429769e-01,
        1.82083190e-01, -4.16226880e-01, -3.52790949e-02,  8.38622917e-01,
        9.05307951e-03, -3.17967381e-01, -1.05258224e-01, -1.63780863e-02,
        8.09348772e-01, -2.35336558e-01,  1.70877291e-01,  3.56845784e-01,
        1.48558154e-01, -4.03480873e-01,  5.65090749e-01, -6.42875054e-02,
       -2.26805582e-01,  1.28455643e-01,  9.71517727e-02,  5.35157330e-02,
       -3.23886652e-01, -3.89384172e-01, -3.52642162e-02,  3.69489504e-01,
        1.16620418e-01,  5.57475663e-01,  5.92947131e-01,  3.25994887e-01,
       -3.13507541e-01, -4.34241864e-01, -2.30287393e-01,  2.48467551e-01,
        3.03859846e-01, -4.82476496e-01]), 'fs_0 - beta(p=7,n=3)': array([[ 1.62568038e-04,  1.33937744e-03, -5.86924375e-04,
         3.02332692e-04, -2.66916389e-04, -2.80779367e-04],
       [-1.80053715e-03,  1.21358228e-03, -7.66061249e-04,
        -1.51510236e-03,  4.87714934e-04, -5.03934875e-04],
       [ 2.32610277e-03, -1.71586466e-03,  7.56434423e-04,
         7.39600317e-04, -5.49128001e-04, -5.06914200e-04],
       ...,
       [-7.25267144e-03, -9.99994601e-05, -3.07020952e-03,
        -4.86123751e-03,  2.74197266e-04, -3.31676881e-03],
       [ 7.53245913e-04,  2.74297758e-03, -5.07127614e-04,
         1.65040951e-03, -3.18223669e-04,  8.55234950e-04],
       [ 1.74281976e-03,  3.57535256e-03, -1.11222138e-03,
         1.64663333e-03, -8.35101136e-04, -3.18326397e-04]]), 'fs_1 - beta(p=365.25,n=10)': array([[ 0.0018074 , -0.00275633,  0.00379917, ...,  0.00195256,
         0.00355087, -0.00427724],
       [ 0.00582386, -0.00483661,  0.00063619, ...,  0.00238023,
         0.00313295, -0.00262529],
       [ 0.00081161, -0.00361572,  0.00613573, ..., -0.00268281,
         0.00115778,  0.00366097],
       ...,
       [ 0.00849661, -0.0053216 , -0.00156553, ..., -0.00021052,
         0.00338129, -0.00108713],
       [ 0.00664924, -0.0035897 , -0.0019053 , ...,  0.00135208,
         0.00315268, -0.0012857 ],
       [-0.00290602, -0.00180038,  0.00979261, ...,  0.00107742,
         0.00735235, -0.00476831]]), 'sigma_log__': array([-4.41221141, -2.7425092 , -4.44078446, -3.80311774, -4.43788114,
       -2.91525787, -4.46023762, -4.66664374, -3.54595507, -4.50004915,
       -4.380529  , -3.43478439, -4.65896445, -4.80044383, -4.14300488,
       -4.78332474, -3.738881  , -4.43880201, -4.67515405, -3.68875383,
       -4.11020416, -2.91320357, -3.40816391, -5.11507752, -4.6043531 ,
       -3.13632672, -4.55592078, -2.18417871, -4.53767383, -3.68646838,
       -3.76669535, -4.76538657, -4.72108707, -3.25432629, -4.49919448,
       -4.58883859, -3.83148984, -3.73709655, -4.71404586, -5.00392646,
       -3.81916201, -3.52213686, -4.60993981, -4.7472112 , -3.57025278,
       -4.42009414, -4.22099327, -4.50630069, -4.94211136, -4.51591238,
       -3.31179448, -4.34898441, -3.39031486, -4.82395015, -3.65521704,
       -2.59737982, -4.58773275, -4.11470246, -3.63590725, -3.43536556,
       -4.28481175, -2.90145892, -4.71734257, -4.66246951, -3.38879323,
       -5.02117919, -3.703203  , -5.19951949, -4.75693968, -3.31151631,
       -4.96808978, -4.74705758, -3.3361873 , -4.72488477, -4.00371965,
       -4.37822746, -4.61974986, -3.87019754, -2.8332181 , -2.95544749,
       -5.03637   , -4.68784418, -3.39013134, -3.91202226, -4.67554565,
       -5.14485347, -5.30514397, -3.52332663, -4.84677775, -5.06791724,
       -3.69647434, -3.86743051, -4.71977756, -3.63588361, -4.67919204,
       -3.75883997, -4.22290556, -4.04596358, -4.84145395, -4.57942283,
       -4.51212265, -4.64712772, -4.67031083, -4.10157943, -3.09675207,
       -3.12410251, -4.26775106, -4.80421808, -4.9714491 , -4.65686283,
       -3.20914638, -4.51761778, -3.83374934, -4.36742399, -4.84137211,
       -4.88512737, -4.36650768, -1.69137201, -4.6613607 , -3.92656115,
       -4.93276464, -3.82351607, -2.96841382, -4.46674243, -4.61727087,
       -4.71044314, -3.62695945, -3.12138175, -4.31572192, -2.57820192,
       -4.36896876, -2.49813305, -4.90183519, -4.57374296, -4.68930431,
       -4.71979056, -4.70717236, -3.77396815, -4.22061918, -3.53375549,
       -5.00689056, -4.43173813, -4.590036  , -4.35827424, -3.61524316,
       -4.69903369, -2.13185101, -4.86841256, -3.12401581, -4.64822868,
       -4.83878468, -4.09589247, -4.2658259 , -3.86114025, -4.09193435,
       -4.52501079, -3.1026509 , -4.21228294, -3.60681895, -4.4000125 ,
       -3.72766845, -3.78618828, -4.07138344, -4.49337851, -3.71067899,
       -3.84395057, -4.68067871, -4.49243041, -4.53416214, -3.78657816,
       -4.73543115, -3.97015089, -3.77391835, -4.80137265, -4.90220498,
       -4.40957743, -4.27129877, -2.51632251, -3.94753165, -4.46333135,
       -4.13078066, -4.4017992 , -3.27259414, -4.14115536, -4.48485726,
       -5.17517584, -3.75800838, -3.83176206, -4.12448538, -3.42505796,
       -3.76423648, -4.73343312, -2.99485015, -3.3841583 , -4.24698615,
       -4.2578477 , -3.09750926, -2.94900194, -3.35170357, -4.64766432,
       -4.67928091, -2.81856609, -4.22013328, -4.68325085, -2.88181587,
       -3.49789474, -4.3062313 , -4.61723414, -4.07086828, -4.38400684,
       -4.46907415, -2.89014449, -3.8942027 , -4.73378251, -4.56330865,
       -3.66623813, -3.05294455, -4.20351196, -4.53522466, -4.45863144,
       -4.76295684, -4.8585156 , -4.2620589 , -4.38505543, -4.34817608,
       -3.63032527, -4.38970654, -4.59147572, -4.30341633, -4.15300277,
       -4.90649571, -2.91229411, -2.89412406, -4.95884867, -4.40357765,
       -4.8117091 , -3.78970621, -4.65035967, -4.37534395, -4.98308239,
       -4.55816753, -4.67396425, -3.92876235, -4.47000084, -4.85200328,
       -3.09349825, -4.51056374, -4.52888619, -3.35400738, -3.89242444,
       -3.24910513, -3.02016249, -4.01647762, -3.41247859, -4.78583117,
       -4.29855834, -3.96023024, -2.95999401, -4.35825891, -3.04198878,
       -4.56001795, -4.20372863, -4.37823423, -4.52346959, -3.51884771,
       -4.84351873, -3.98588932, -4.33853146, -5.00575834, -3.05546347,
       -4.74044482, -4.84480067, -5.01399007, -4.69481987, -5.21258693,
       -3.55238051, -3.02360741, -4.56267733, -3.08266339, -3.44137245,
       -3.60578654, -3.80780945, -4.28953675, -4.22356941, -2.83268033,
       -3.20899654, -4.48804947, -4.8038182 , -2.66171178, -3.54116889,
       -4.6052595 , -4.33260964, -5.11673525, -3.65469102, -3.9407258 ,
       -2.80631053, -4.20646978, -2.6584677 , -4.06937105, -3.51892055,
       -2.60119381, -4.77732157, -3.41795607, -3.00076394, -3.03895196,
       -3.42606631, -3.14128872, -4.12401571, -4.59008312, -4.71536926,
       -4.59800746, -4.8727804 , -2.88612418, -4.16603137, -3.49897804,
       -4.74878347, -5.11049326, -4.961818  , -3.28607862, -5.16006002,
       -4.69327682, -3.51480735, -3.18921961, -3.31482887, -4.11564353,
       -4.83844916, -4.3463922 , -3.65976348, -4.5636207 , -4.18818012,
       -4.40832412, -4.58638393, -3.88733924, -3.92475492, -4.25353479,
       -4.71130553, -3.60033747, -3.78585766, -4.13837028, -2.99369963,
       -3.29805905, -3.66979367, -4.25428714, -3.01944942, -3.31094299,
       -3.72391879, -3.46376955, -3.19526938, -3.00040502, -4.30287899,
       -4.62604863, -4.76667745, -3.04131232, -4.95418256, -4.77225029,
       -3.44544428, -4.75941937, -3.11807957, -4.37203688, -4.46092307,
       -3.17688116, -4.4672602 , -2.91176913, -4.77041267, -4.67823414,
       -4.68152254, -4.76943908, -3.89789168, -4.81543574, -4.38268123,
       -2.76651983, -2.25397681, -4.43021458, -4.23257323, -3.50309443,
       -3.04263451, -4.69548969, -5.15000035, -4.92606698, -4.33194689,
       -4.74221928, -4.31871518, -4.00363174, -4.14473225, -4.40688209,
       -4.31740849, -4.31525967, -4.55176583, -4.82430518, -4.41571294,
       -4.05765966, -4.41551132, -4.73069171, -4.59379229, -3.73529542,
       -2.73840257, -4.20805131, -4.20628381, -3.0746387 , -3.95106603,
       -4.14560718, -3.587824  , -3.40484866, -3.24060773, -4.51102348,
       -4.19134187, -3.66888714, -4.98567165, -3.40623655, -3.85180729,
       -4.99296801, -2.98342002, -4.57318936, -4.96464297, -4.23023864,
       -3.83930068, -4.53619275, -4.66008631, -4.74790912, -3.87317644,
       -3.13385511, -4.20075317, -3.72422816, -5.15571757, -3.98655407,
       -3.04428331, -4.38640464, -3.34513998, -4.79594946, -4.46044137,
       -4.72515288, -3.9075335 , -4.91523455, -2.70700835, -5.57209427,
       -4.81769059, -4.38531524, -4.42941767, -4.29575713, -3.69011637,
       -4.70271445, -4.68552898, -4.4859827 , -4.4623419 , -4.13555102,
       -4.66873522, -4.41947609, -2.62232432, -3.17618418, -4.89213696]), 'sigma': array([0.01212833, 0.06440853, 0.01178669, 0.02230113, 0.01182096,
       0.05419006, 0.01155962, 0.00940378, 0.02884106, 0.01110845,
       0.01251873, 0.03223236, 0.00947627, 0.0082261 , 0.01587508,
       0.00836813, 0.0237807 , 0.01181008, 0.00932409, 0.02500314,
       0.01640443, 0.05430149, 0.03310192, 0.00600551, 0.01000817,
       0.04344208, 0.01050482, 0.11257015, 0.01069826, 0.02506035,
       0.02312837, 0.00851959, 0.00890549, 0.03860682, 0.01111795,
       0.01016466, 0.0216773 , 0.02382317, 0.00896842, 0.00671154,
       0.02194618, 0.02953625, 0.00995242, 0.00867586, 0.02814874,
       0.0120331 , 0.01468405, 0.01103922, 0.00713951, 0.01093362,
       0.0364507 , 0.01291993, 0.03369807, 0.00803498, 0.02585589,
       0.07446844, 0.0101759 , 0.0163308 , 0.02636001, 0.03221363,
       0.01377621, 0.054943  , 0.0089389 , 0.00944311, 0.03374938,
       0.00659674, 0.02464446, 0.00551922, 0.00859186, 0.03646085,
       0.00695642, 0.00867719, 0.03557233, 0.00887174, 0.01824764,
       0.01254758, 0.00985526, 0.02085425, 0.05882325, 0.05205536,
       0.00649729, 0.00920651, 0.03370425, 0.02000002, 0.00932044,
       0.00582933, 0.00496598, 0.02950113, 0.00785364, 0.00629552,
       0.02481085, 0.02091203, 0.00891716, 0.02636063, 0.00928651,
       0.02331077, 0.014656  , 0.01749284, 0.00789557, 0.01026082,
       0.01097514, 0.00958911, 0.00936936, 0.01654652, 0.04519576,
       0.04397638, 0.01401326, 0.00819511, 0.00693309, 0.00949621,
       0.04039108, 0.01091499, 0.02162837, 0.01268387, 0.00789621,
       0.00755816, 0.0126955 , 0.18426653, 0.00945359, 0.01971134,
       0.00720655, 0.02185084, 0.05138475, 0.01148467, 0.00987972,
       0.00900079, 0.02659693, 0.0440962 , 0.0133569 , 0.07591037,
       0.01266429, 0.08223839, 0.00743293, 0.01031926, 0.00919308,
       0.00891705, 0.00903028, 0.02296077, 0.01468955, 0.02919507,
       0.00669168, 0.0118938 , 0.01015249, 0.01280046, 0.02691038,
       0.00910407, 0.11861753, 0.00768556, 0.0439802 , 0.00957855,
       0.00791667, 0.01664089, 0.01404027, 0.02104399, 0.01670689,
       0.0108346 , 0.04492994, 0.01481251, 0.02713804, 0.01227719,
       0.02404884, 0.02268189, 0.01705378, 0.0111828 , 0.02446091,
       0.02140886, 0.00927272, 0.01119341, 0.0107359 , 0.02267305,
       0.00877866, 0.01887059, 0.02296191, 0.00821846, 0.00743018,
       0.01216032, 0.01396364, 0.08075604, 0.01930229, 0.01152391,
       0.01607033, 0.01225527, 0.03790796, 0.01590447, 0.0112785 ,
       0.00565522, 0.02333016, 0.0216714 , 0.01617181, 0.03254739,
       0.02318531, 0.00879622, 0.05004413, 0.03390617, 0.01430729,
       0.01415273, 0.04516155, 0.05239197, 0.03502464, 0.00958396,
       0.00928569, 0.05969147, 0.01469669, 0.0092489 , 0.05603292,
       0.03026102, 0.01348427, 0.00988009, 0.01706257, 0.01247527,
       0.01145792, 0.05556818, 0.0203596 , 0.00879315, 0.0104275 ,
       0.02557249, 0.04721968, 0.01494301, 0.0107245 , 0.0115782 ,
       0.00854032, 0.007762  , 0.01409326, 0.0124622 , 0.01293038,
       0.02650756, 0.01240437, 0.01013789, 0.01352228, 0.01571715,
       0.00739837, 0.0543509 , 0.05534748, 0.00702101, 0.01223349,
       0.00813395, 0.02260224, 0.00955816, 0.01258381, 0.00685291,
       0.01048125, 0.00933519, 0.019668  , 0.01144731, 0.00781271,
       0.04534306, 0.01099226, 0.01079269, 0.03494404, 0.02039584,
       0.03880892, 0.04879329, 0.01801631, 0.03295941, 0.00834718,
       0.01358813, 0.01905873, 0.05181923, 0.01280066, 0.04773985,
       0.01046187, 0.01493977, 0.0125475 , 0.01085131, 0.02963356,
       0.00787928, 0.01857592, 0.01305569, 0.00669926, 0.04710089,
       0.00873476, 0.00786919, 0.00664434, 0.00914251, 0.00544756,
       0.02865634, 0.04862549, 0.01043409, 0.04583701, 0.03202071,
       0.02716607, 0.02219675, 0.01371128, 0.01464627, 0.05885489,
       0.04039713, 0.01124255, 0.00819838, 0.06982859, 0.02897943,
       0.00999911, 0.01313323, 0.00599557, 0.02586949, 0.0194341 ,
       0.06042753, 0.01489887, 0.07005549, 0.01708813, 0.0296314 ,
       0.07418496, 0.00841852, 0.03277937, 0.04974905, 0.04788505,
       0.03251459, 0.04322705, 0.01617941, 0.01015201, 0.00895656,
       0.01007188, 0.00765206, 0.05579203, 0.01551371, 0.03022826,
       0.00866223, 0.00603311, 0.00700019, 0.03740022, 0.00574136,
       0.00915663, 0.02975353, 0.04120401, 0.03634027, 0.01631544,
       0.00791933, 0.01295346, 0.0257386 , 0.01042425, 0.01517387,
       0.01217557, 0.01018964, 0.02049982, 0.01974698, 0.0142139 ,
       0.00899303, 0.0273145 , 0.02268939, 0.01594882, 0.05010174,
       0.03695483, 0.02548173, 0.01420321, 0.04882809, 0.03648176,
       0.02413919, 0.03131151, 0.04095549, 0.04976691, 0.01352955,
       0.00979338, 0.0085086 , 0.04777216, 0.00705384, 0.00846132,
       0.03189059, 0.00857058, 0.04424205, 0.0126255 , 0.0115517 ,
       0.04171556, 0.01147872, 0.05437944, 0.00847688, 0.00929541,
       0.0092649 , 0.00848514, 0.02028463, 0.00810369, 0.01249182,
       0.06288046, 0.1049809 , 0.01191193, 0.01451499, 0.03010408,
       0.04770903, 0.00913639, 0.0057994 , 0.00725498, 0.01314194,
       0.00871927, 0.01331698, 0.01824924, 0.01584768, 0.01219314,
       0.0133344 , 0.01336308, 0.01054856, 0.00803213, 0.01208593,
       0.01728944, 0.01208837, 0.00882037, 0.01011443, 0.02386612,
       0.06467358, 0.01487533, 0.01490164, 0.04620632, 0.01923419,
       0.01583382, 0.02765845, 0.03321185, 0.0391401 , 0.01098721,
       0.01512597, 0.02550484, 0.00683519, 0.03316578, 0.02124131,
       0.0067855 , 0.05061942, 0.01032498, 0.00698044, 0.01454892,
       0.02150864, 0.01071412, 0.00946565, 0.0086698 , 0.02079222,
       0.04354958, 0.01498429, 0.02413172, 0.00576634, 0.01856357,
       0.04763044, 0.01244539, 0.03525528, 0.00826315, 0.01155726,
       0.00886936, 0.02008999, 0.007334  , 0.06673616, 0.00380251,
       0.00808544, 0.01245896, 0.01192143, 0.01362625, 0.0249691 ,
       0.00907062, 0.00922785, 0.01126581, 0.01153532, 0.01599385,
       0.00938413, 0.01204054, 0.07263384, 0.04174464, 0.00750537])}"
