,0
0,"{'lt_0 - slope': array([1.46816499, 1.83288616, 1.95713836, 1.64737711, 1.25287447,
       1.3704455 , 1.86109822, 1.85767604, 1.79350439, 1.56254226,
       1.92739433, 1.63345072, 1.87179443, 1.71359253, 1.36724671,
       1.66747481, 1.54730707, 1.95901187, 1.41619597, 1.55360428,
       1.67210899, 1.7895536 , 1.69727448, 1.48069321, 1.67534549,
       1.53062139, 1.34649248, 1.81242193, 1.70315712, 1.49400993,
       1.45701146, 1.74163834, 1.9015141 , 1.34510591, 1.65188503,
       1.41512415, 1.78037676, 1.66518922, 1.57188508, 1.51300564,
       1.86147179, 1.57427578, 2.00840537, 1.7732167 , 1.67212603,
       1.73418306, 2.00742654, 1.55633025, 1.94089228, 1.72015742,
       1.47866516, 1.46116406, 1.87843829, 1.43180342, 1.41018144,
       1.47059193, 1.43083634, 1.57000944, 1.91456948, 1.6011273 ,
       1.72074311, 1.70414443, 1.95656637, 1.68090744, 1.52112148,
       1.6959676 , 1.43483917, 1.44582482, 1.46668469, 1.44847606,
       1.85099998, 2.02313729, 1.52902623, 1.78374155, 1.69880664,
       1.80636922, 2.0635172 , 1.81019769, 1.44723736, 1.41705766,
       1.65872357, 1.77495676, 1.65366535, 1.44393095, 1.92558448,
       1.7620612 , 2.01109655, 1.4445102 , 1.71591101, 1.53825124,
       1.42957833, 1.31441408, 1.81567434, 1.34145819, 1.53948019,
       1.55406995, 1.27467333, 1.87987129, 1.92274197, 1.87405294,
       1.59828061, 1.88615418, 1.78291725, 1.49633938, 1.92526108,
       1.79130903, 1.47281916, 1.80462127, 1.58875092, 1.90339535,
       1.87480872, 1.3924485 , 1.72938328, 1.22793009, 1.32222239,
       1.72779476, 1.69419674, 1.61803772, 1.97628546, 1.2355029 ,
       1.61719135, 1.49261051, 1.331855  , 1.71744951, 1.51618167,
       1.49403675, 1.51322306, 1.70773652, 1.55275563, 1.74943644,
       1.5505185 , 1.83394895, 1.82635702, 1.81586441, 1.80495485,
       1.61612316, 1.51104825, 1.47504654, 1.86193721, 1.87743346,
       1.85936079, 1.75577114, 1.71990582, 1.39185876, 1.54196466,
       1.38294421, 1.83161916, 1.72163633, 1.39666954, 1.85760069,
       1.80697017, 1.97489579, 1.72801071, 1.82231202, 1.49063967,
       1.77851748, 1.50570182, 1.29858051, 1.41519298, 1.87328222,
       1.39884932, 1.49741988, 1.35310676, 1.84400133, 1.68428353,
       1.37805271, 1.61730592, 1.94489236, 1.44930683, 1.67378258,
       1.43033261, 1.63418928, 1.90577302, 1.87673918, 1.85057422,
       1.71155742, 2.0111746 , 1.41668586, 1.44497989, 1.4598882 ,
       1.58322588, 1.60066918, 1.50269251, 1.51748618, 1.33276138,
       1.84093754, 1.68965055, 1.6314149 , 1.46270282, 1.54753513,
       1.41932538, 1.5756966 , 1.56847274, 2.10684138, 1.70399007,
       1.39208765, 1.78109781, 1.53939986, 1.39041577, 1.93325532,
       1.62103075, 1.74890389, 1.64957019, 1.16221387, 1.7328284 ,
       2.08060235, 1.55414325, 1.48284406, 1.82130867, 1.40285319,
       1.35485808, 1.85479595, 1.40833638, 1.60194303, 1.70009384,
       1.39492788, 1.48243786, 1.41864934, 1.54009222, 1.96062113,
       1.67239603, 1.93307746, 1.51779195, 1.94249837, 1.40621943,
       1.82051407, 1.59923959, 1.86519215, 1.96770359, 1.87384239,
       1.40578495, 1.40382076, 1.91073961, 1.6624697 , 1.51719685,
       1.94824284, 1.43934668, 1.57423675, 1.43848892, 1.49947943,
       1.58084092, 1.38974936, 1.59318814, 1.87918077, 1.49387847,
       1.51693896, 1.88733434, 1.66585533, 1.61506042, 2.03533601,
       1.55090324, 1.7744584 , 1.73784841, 1.72927249, 1.88560647,
       1.82404085, 1.78377724, 1.99408064, 1.97270067, 1.28540136,
       1.32865165, 1.77263114, 1.51042833, 1.44926329, 1.83797876,
       1.70761036, 1.55296459, 1.78309887, 1.63718569, 1.52100428,
       1.49984487, 1.84117804, 1.45383234, 1.98609422, 1.39095226,
       1.54320659, 1.42016498, 1.36881063, 1.4561509 , 1.93978657,
       2.07523267, 1.49275476, 1.43886198, 1.6259691 , 1.71384023,
       2.03265039, 1.47949457, 1.86755951, 1.48239779, 1.97935857,
       1.97389056, 1.85238751, 1.50209408, 1.70188766, 1.19330742,
       1.59714429, 1.87584539, 1.40771297, 1.54848341, 2.16887281,
       1.97433664, 1.63995354, 1.73602129, 1.66086087, 1.72429419,
       1.28943997, 1.64564143, 1.7480585 , 1.54639165, 1.93039586,
       1.78373856, 1.8077769 , 1.99484257, 1.30325497, 1.72405789,
       1.87175064, 1.56457475, 1.40769104, 1.75581713, 1.93641699,
       1.43934705, 1.44463512, 1.53644055, 1.84502341, 1.8209065 ,
       1.43217944, 1.48938617, 1.72886945, 2.06702363, 1.59045861,
       1.84317021, 1.29769603, 1.49511707, 2.03224023, 1.81638887,
       1.27007813, 1.47249778, 1.47200523, 1.52616579, 1.34740421,
       1.89279674, 1.86577758, 1.56475767, 1.45080817, 1.45120415,
       1.47579981, 1.57023705, 1.69696858, 1.42616542, 1.43325182,
       1.87409604, 1.48409846, 1.82497744, 1.63829641, 1.5353228 ,
       1.85759009, 1.44662461, 1.470674  , 1.44314331, 1.89981756,
       1.52705689, 1.7335164 , 1.59616164, 1.59145542, 1.72958847,
       1.89106882, 1.41743646, 1.60615212, 1.72100306, 1.39430943,
       1.38419611, 1.99637757, 1.66040831, 1.39960597, 1.40915751,
       1.4347637 , 1.97288007, 1.61373138, 2.03384628, 1.46471568,
       1.34714979, 1.80008833, 1.7038157 , 1.47415975, 1.47841685,
       1.49002186, 1.80323306, 1.43146086, 1.6302949 , 1.65459758,
       1.54801621, 1.83335835, 1.60128089, 1.39391559, 1.89280742,
       1.48337274, 1.78786276, 1.9667455 , 1.50149151, 2.10876255,
       1.66589669, 1.67789195, 1.85089819, 1.32279373, 1.73095878,
       1.62912632, 1.48175751, 1.69253596, 1.78619627, 1.8009259 ,
       1.46192711, 1.7537272 , 1.37507779, 1.60811182, 1.64967127,
       1.72592921, 1.7540596 , 1.99659043, 1.43606352, 1.36573972,
       1.33034456, 1.59301595, 1.33316637, 1.52148325, 1.4904495 ,
       1.44143138, 1.87723689, 1.63335256, 1.48106559, 1.35419189,
       1.90669249, 1.34139105, 1.40990932, 1.67141227, 1.49260646,
       1.59375015, 1.51209191, 1.40978777, 1.80567835, 1.81692038,
       1.75239121, 1.4474419 , 1.87320549, 1.41191258, 1.39383351,
       1.36380768, 1.4578238 , 1.3810075 ]), 'lt_0 - intercept': array([-0.49053128, -0.84763744, -0.97603831, -0.64503575, -0.27032371,
       -0.38867744, -0.87360507, -0.86346771, -0.81100678, -0.57205629,
       -0.94300179, -0.64404036, -0.88310339, -0.72555147, -0.38035393,
       -0.67650428, -0.56029011, -0.97239591, -0.43987813, -0.54612462,
       -0.68171679, -0.81364018, -0.69314329, -0.51440224, -0.68908337,
       -0.54532197, -0.37246044, -0.82924861, -0.72603608, -0.5080572 ,
       -0.47946033, -0.75719633, -0.91731599, -0.36700477, -0.66952705,
       -0.44291893, -0.78319533, -0.67092354, -0.58053216, -0.53388164,
       -0.87406309, -0.58997975, -1.02525103, -0.78855994, -0.67205457,
       -0.75171323, -1.03417029, -0.5842672 , -0.95528988, -0.72891648,
       -0.49837395, -0.48377593, -0.87933136, -0.45167722, -0.43421244,
       -0.48474374, -0.45681903, -0.59666193, -0.93230033, -0.60009926,
       -0.73852672, -0.72031307, -0.9695213 , -0.69166519, -0.53335438,
       -0.69422643, -0.45854185, -0.46709472, -0.48043095, -0.45409694,
       -0.87368741, -1.03174484, -0.54958381, -0.79579789, -0.6991872 ,
       -0.80864007, -1.07691344, -0.82299302, -0.46417866, -0.44839836,
       -0.68483595, -0.78684203, -0.65588159, -0.46286244, -0.94905901,
       -0.76407528, -1.02986362, -0.47112426, -0.71974265, -0.54879416,
       -0.43103784, -0.32675484, -0.82995926, -0.36111044, -0.56568006,
       -0.5673542 , -0.29479122, -0.89005889, -0.92786168, -0.87196643,
       -0.60621952, -0.89623292, -0.79522005, -0.51515721, -0.93883497,
       -0.80509864, -0.49159352, -0.81252799, -0.61216578, -0.91075888,
       -0.88702025, -0.42100335, -0.7404441 , -0.24743825, -0.34124231,
       -0.74243404, -0.7040251 , -0.63507511, -1.00194574, -0.25830277,
       -0.62609425, -0.50300999, -0.35049012, -0.72892995, -0.53526049,
       -0.51222076, -0.5338982 , -0.72425732, -0.56419821, -0.7599101 ,
       -0.55961379, -0.84737242, -0.83300472, -0.82936254, -0.82290817,
       -0.6376769 , -0.52126163, -0.49239533, -0.87844711, -0.89281595,
       -0.87648944, -0.76517251, -0.73520968, -0.4107343 , -0.55123741,
       -0.41312692, -0.84884699, -0.72437273, -0.42388784, -0.87426863,
       -0.81164789, -0.99216386, -0.73199914, -0.83703118, -0.50242673,
       -0.79167583, -0.52568931, -0.33361564, -0.43333806, -0.88544236,
       -0.42848833, -0.51153652, -0.370735  , -0.85426981, -0.68134736,
       -0.38585776, -0.62826808, -0.95710783, -0.4656187 , -0.66947109,
       -0.45719249, -0.64467867, -0.91912363, -0.89711895, -0.8694643 ,
       -0.72442999, -1.03379528, -0.43218841, -0.46249882, -0.46644638,
       -0.58880154, -0.60319151, -0.52283007, -0.53237093, -0.34213173,
       -0.84257428, -0.69856923, -0.64332022, -0.48097797, -0.55250719,
       -0.44046476, -0.58451609, -0.57900382, -1.13390773, -0.71299004,
       -0.4099337 , -0.78935286, -0.53977598, -0.41482727, -0.96825421,
       -0.63054934, -0.76489954, -0.65509943, -0.17422029, -0.74925585,
       -1.09685042, -0.57395159, -0.49498962, -0.83859645, -0.42484753,
       -0.36440874, -0.86457642, -0.41653009, -0.62156437, -0.71906477,
       -0.42065669, -0.50623661, -0.44495061, -0.55043101, -0.97855369,
       -0.68139481, -0.95716069, -0.52889127, -0.96185376, -0.43067718,
       -0.83564119, -0.60692464, -0.87910491, -0.99844279, -0.89164218,
       -0.41974138, -0.42601187, -0.92400237, -0.65499868, -0.54195175,
       -0.98833411, -0.45861962, -0.59194057, -0.44985777, -0.51709953,
       -0.59141721, -0.40784513, -0.61098261, -0.88837308, -0.51393886,
       -0.52887137, -0.90297641, -0.67304577, -0.61894728, -1.06426074,
       -0.56309579, -0.78225021, -0.74974349, -0.72967608, -0.89599634,
       -0.8372096 , -0.80492121, -1.0138319 , -0.99101978, -0.31281041,
       -0.35778162, -0.78954524, -0.51959502, -0.47394909, -0.84211205,
       -0.71953096, -0.55840008, -0.7895671 , -0.64757754, -0.53688512,
       -0.51857025, -0.85844942, -0.47737004, -1.00111455, -0.40809544,
       -0.57430377, -0.43950883, -0.39475483, -0.48072906, -0.96253289,
       -1.07790098, -0.51181826, -0.46150746, -0.63774047, -0.71172489,
       -1.05919727, -0.49571192, -0.89106963, -0.50755804, -0.99601355,
       -0.98201124, -0.87469626, -0.51470204, -0.7150307 , -0.2120253 ,
       -0.60803008, -0.89982695, -0.43933034, -0.56204389, -1.18909583,
       -0.9946208 , -0.63953915, -0.74777294, -0.67276369, -0.73270093,
       -0.31600787, -0.65918625, -0.76307481, -0.55773963, -0.95785608,
       -0.79590969, -0.81678567, -1.00925197, -0.32562791, -0.73939485,
       -0.88000707, -0.57661381, -0.43712621, -0.76323442, -0.95187226,
       -0.45196249, -0.46305255, -0.54755038, -0.85658506, -0.84098298,
       -0.45995012, -0.51011906, -0.73623643, -1.0896887 , -0.59871536,
       -0.85715005, -0.31161761, -0.52039736, -1.05535942, -0.82263444,
       -0.27590996, -0.4813122 , -0.48958989, -0.54393065, -0.36582522,
       -0.90344539, -0.88041212, -0.5738068 , -0.47919832, -0.48587122,
       -0.49837898, -0.59016818, -0.70942609, -0.44541745, -0.45989879,
       -0.89718701, -0.52035927, -0.83694108, -0.64490552, -0.55360604,
       -0.85674158, -0.47155813, -0.48663824, -0.45804355, -0.90652164,
       -0.54082171, -0.73952462, -0.60973944, -0.61218987, -0.74049576,
       -0.90968332, -0.43103421, -0.61684997, -0.73446377, -0.42257762,
       -0.38789198, -1.0057196 , -0.67070457, -0.41701959, -0.43368632,
       -0.45453919, -0.9773703 , -0.62512766, -1.04786021, -0.49124407,
       -0.36090781, -0.80262888, -0.70928573, -0.49975514, -0.50198009,
       -0.50630864, -0.83622908, -0.45524407, -0.64609922, -0.67122692,
       -0.56210149, -0.85865441, -0.61305068, -0.40512956, -0.9126887 ,
       -0.50000286, -0.79543918, -0.99172472, -0.51749775, -1.12468256,
       -0.66222122, -0.6836178 , -0.86293783, -0.32922158, -0.72328875,
       -0.62837525, -0.50235844, -0.69910344, -0.80559142, -0.81246526,
       -0.48854707, -0.75873303, -0.38704756, -0.63143206, -0.66451103,
       -0.73589134, -0.76868145, -1.01684837, -0.44485794, -0.40256819,
       -0.34905416, -0.59809716, -0.34505443, -0.54292299, -0.50728841,
       -0.44611785, -0.88895996, -0.63926094, -0.50085626, -0.37365956,
       -0.93244147, -0.35862295, -0.42768448, -0.69290439, -0.51028031,
       -0.60844894, -0.53220012, -0.43067615, -0.8198308 , -0.82411671,
       -0.77373493, -0.46621676, -0.88465964, -0.41985988, -0.40579714,
       -0.39807763, -0.48075592, -0.39575372]), 'fs_0 - beta(p=7,n=3)': array([[-1.25367406e-04,  1.86434324e-04, -1.62724258e-04,
         4.50207077e-04, -1.89099845e-04,  1.58860620e-04],
       [-5.81577326e-04,  1.18278636e-03, -1.92452761e-04,
         2.32665374e-04,  2.10044821e-04,  6.56133726e-04],
       [ 7.04838626e-04,  2.15544713e-03, -5.05417635e-04,
         9.24357611e-04, -2.61227456e-04,  2.37230248e-04],
       ...,
       [ 1.14575201e-03, -1.46873915e-03,  2.86826789e-04,
         1.02412034e-03, -6.96346916e-04, -2.54234615e-04],
       [-4.42295518e-04,  1.20663617e-03, -6.48061699e-04,
         8.50760783e-04, -3.64338682e-04,  2.70691942e-04],
       [ 1.03307756e-03,  1.34689404e-04,  3.86519337e-04,
         3.74643651e-04,  2.25623650e-05,  2.24658217e-04]]), 'fs_1 - beta(p=365.25,n=10)': array([[ 3.10618727e-02, -4.09962877e-03, -6.38039230e-03, ...,
         2.14248677e-03, -1.77193572e-03,  5.91278693e-03],
       [ 2.80828954e-02,  6.04263593e-03, -1.22842374e-02, ...,
        -3.07736647e-03,  8.45574724e-03,  1.51827272e-02],
       [ 2.78307573e-02,  9.91515183e-03, -1.60414307e-02, ...,
         2.29024925e-03,  5.94575918e-03,  1.35252780e-03],
       ...,
       [ 3.13406030e-02, -7.24014120e-03, -3.69068370e-03, ...,
         4.39480902e-03, -4.45825803e-03,  5.76924893e-04],
       [ 3.08386188e-02, -4.57955889e-03, -5.58691930e-03, ...,
         2.14563689e-03, -3.46333501e-03,  5.51117950e-03],
       [ 3.06584457e-02, -7.37427174e-03, -2.60229940e-03, ...,
         3.17568221e-03,  3.34940216e-05,  8.23393551e-03]]), 'sigma_log__': array([-4.85287061, -4.59838731, -4.18417024, -4.5144309 , -4.94701792,
       -5.01254472, -4.72563368, -4.46092681, -4.58451522, -4.64551355,
       -4.88206446, -4.66486664, -5.24856079, -4.717362  , -4.93374463,
       -4.49175795, -4.42580602, -4.44993753, -4.92236374, -4.27626702,
       -4.6675048 , -4.91327387, -4.24915152, -4.59812543, -4.52669655,
       -4.53436962, -4.27934034, -4.60170128, -4.07853617, -4.90686196,
       -4.75932022, -4.56552809, -4.89632521, -4.67886217, -4.35114046,
       -4.79877654, -4.76848576, -4.33440249, -4.5248028 , -4.38643972,
       -4.4453419 , -4.34127326, -5.27325199, -4.98309909, -4.39026584,
       -4.30937907, -5.16804548, -4.03226303, -4.52327805, -4.36341508,
       -4.55556259, -5.02844249, -4.65720776, -4.84484174, -4.9832201 ,
       -4.75729492, -4.60519392, -4.61906023, -4.60401086, -4.18605899,
       -4.72496584, -4.46886913, -4.68245317, -4.39952895, -4.66549183,
       -4.3445915 , -4.73332292, -4.63146369, -4.23903466, -4.48445606,
       -4.93283377, -4.71793915, -4.72139671, -4.41613149, -4.5369536 ,
       -4.36273921, -5.0013026 , -4.49773697, -4.87138045, -4.54493948,
       -4.31011281, -4.57317478, -4.08166289, -4.1749102 , -5.01522856,
       -4.74963162, -4.76461416, -4.44832079, -4.53194519, -4.19592487,
       -4.54684409, -4.67833753, -5.10666316, -4.83048439, -4.44913436,
       -4.28199629, -4.84419228, -4.60744515, -4.94664927, -4.46152339,
       -4.36214096, -4.64362919, -4.54015192, -4.44212198, -4.84461162,
       -4.13772268, -4.67870394, -4.54125931, -4.72021033, -4.84401116,
       -4.72386684, -4.79741837, -4.26413812, -4.93081969, -4.83593152,
       -3.93681579, -4.47064167, -4.85975185, -5.12085553, -4.83582661,
       -3.90561781, -4.37371084, -4.84614364, -4.93600827, -4.90064972,
       -4.88989031, -4.65860836, -4.28468542, -4.5125842 , -4.65105709,
       -4.11871413, -4.60535269, -4.95767296, -4.45250457, -4.89612963,
       -4.86484004, -4.61831513, -4.52896289, -4.29578582, -4.93565731,
       -4.88646635, -5.13470568, -4.77657964, -4.4527861 , -4.64014302,
       -4.41724501, -5.03990817, -4.31335775, -4.57301276, -4.40114891,
       -4.32438998, -4.77491009, -4.62397665, -4.14835352, -4.49340381,
       -4.51152866, -4.68660994, -4.95238858, -4.64225728, -4.15035672,
       -4.4510355 , -4.05321699, -5.18580902, -4.85279426, -4.07965898,
       -4.60291824, -4.40496332, -4.98688492, -4.48125561, -4.43563587,
       -4.58509274, -4.15964097, -4.77369591, -4.54352719, -4.55180562,
       -4.38411833, -4.81478359, -4.74395707, -4.81124137, -4.10438274,
       -4.1390701 , -4.31123597, -4.30287131, -4.28331122, -4.77456431,
       -4.59564186, -4.29239886, -4.16652001, -4.0315899 , -4.46158439,
       -4.30993336, -4.16616877, -4.71895122, -4.9351402 , -4.63384143,
       -4.65853193, -4.50154443, -4.09483788, -4.64350407, -4.66120364,
       -4.38095741, -4.25504429, -4.97135386, -5.19484783, -4.0574761 ,
       -5.05037701, -4.40707667, -4.7634423 , -4.80129899, -4.61915042,
       -4.46489815, -4.90854248, -4.71786025, -4.43914438, -4.18077352,
       -4.77115913, -4.3642823 , -4.77163442, -4.60566557, -4.91204299,
       -4.59807722, -4.79812299, -4.51146031, -4.57506913, -4.45441389,
       -4.16313262, -4.62354785, -5.08345028, -4.63644687, -5.07117331,
       -4.35977038, -4.4490461 , -4.88575423, -4.47961064, -4.45088928,
       -4.66734457, -4.64368185, -4.20546787, -4.57400654, -4.77648728,
       -4.51320138, -4.44464197, -4.21974942, -4.52673459, -4.59060285,
       -4.86315592, -4.19712208, -4.36725181, -4.52471214, -4.87959368,
       -5.01529755, -4.62231258, -4.28437768, -4.54182255, -4.78494452,
       -4.34444953, -4.31039277, -4.9500733 , -4.71486607, -4.69797266,
       -4.63356085, -4.5731563 , -4.52826953, -4.68614076, -4.82520977,
       -4.17927667, -4.42420611, -4.35584529, -4.09041799, -4.00681646,
       -4.58737575, -4.6700532 , -4.4381428 , -5.18335795, -5.18393599,
       -4.25505622, -4.61613452, -4.76844451, -4.85699673, -4.76767839,
       -4.52005588, -4.39010076, -4.78478127, -4.49606043, -4.67887049,
       -4.7747096 , -4.9280547 , -4.31750358, -4.03513486, -5.05058923,
       -4.95398341, -4.76470624, -4.25853327, -4.54012299, -4.92898196,
       -4.10642194, -4.62472608, -4.52342871, -4.72043536, -5.04820413,
       -4.5343912 , -4.36589945, -4.37733726, -4.41876093, -5.02864205,
       -4.72000011, -4.14514706, -4.67471573, -4.20580187, -4.69690077,
       -4.19560287, -4.25521714, -4.88243056, -4.7362302 , -4.84523917,
       -4.74968358, -4.45349055, -4.79888341, -4.74109234, -4.93098421,
       -4.25065403, -4.26228495, -4.53819419, -4.90439117, -5.19977525,
       -4.35700421, -4.61355843, -5.19693231, -4.97013298, -4.88535934,
       -5.26979369, -4.70350106, -4.71082391, -5.06969293, -4.18084465,
       -4.97618968, -4.32122515, -4.70730923, -5.03538436, -4.39555053,
       -4.60132092, -4.81811779, -4.60581849, -4.59283119, -4.57907755,
       -4.74967221, -4.67617294, -4.68445875, -4.60234918, -4.45898742,
       -4.64593055, -4.49666889, -4.55222321, -4.3490128 , -4.79106171,
       -4.80516041, -4.98588987, -4.78865797, -4.72776676, -4.4005726 ,
       -4.48381283, -4.85723916, -4.38368281, -4.45393659, -4.87853405,
       -5.06775682, -4.82107318, -5.10086771, -4.43384164, -4.79772818,
       -4.2992455 , -4.48026431, -4.06483283, -4.48570078, -4.47329527,
       -4.14665343, -4.73072642, -4.51101607, -4.71215192, -4.29845703,
       -5.22085891, -4.32596861, -4.19348791, -4.62243504, -4.22797069,
       -4.40838586, -4.1832276 , -4.63934033, -4.17356291, -4.26430187,
       -4.45510623, -4.97239055, -4.1039294 , -4.24631106, -4.5177402 ,
       -4.48437188, -4.77298432, -4.76795251, -4.17257609, -4.93724455,
       -4.30498139, -4.13361224, -4.74307817, -4.62906368, -4.4416022 ,
       -4.18635005, -4.43780702, -4.38929776, -4.59262345, -4.17872034,
       -4.38401866, -4.74956814, -4.39629465, -4.19853256, -3.94389893,
       -4.91503582, -4.18416843, -4.82681348, -4.51662477, -4.71254434,
       -4.86329087, -4.46686486, -4.45199389, -4.79233849, -4.59332165,
       -4.29441176, -5.06113428, -4.65451556, -4.47642239, -4.56260422,
       -4.52551773, -4.49365142, -4.79630924, -4.32217553, -4.52398783,
       -4.49868612, -4.55403787, -5.11969383, -5.17879876, -4.61124719,
       -4.69695281, -4.42533907, -4.7393981 , -4.47057241, -4.39921129,
       -4.85325101, -4.42688418, -4.62141624]), 'sigma': array([0.00780594, 0.01006806, 0.01523484, 0.01094983, 0.00710456,
       0.00665395, 0.00886509, 0.01155165, 0.0102087 , 0.0096046 ,
       0.00758135, 0.0094205 , 0.00525508, 0.00893873, 0.00719949,
       0.01120094, 0.01196456, 0.0116793 , 0.0072819 , 0.01389443,
       0.00939568, 0.00734839, 0.01427634, 0.0100707 , 0.01081635,
       0.01073367, 0.0138518 , 0.01003475, 0.01693223, 0.00739566,
       0.00857143, 0.01040438, 0.007474  , 0.00928958, 0.0128921 ,
       0.00823982, 0.00849323, 0.0131097 , 0.01083685, 0.01244496,
       0.01173309, 0.01301994, 0.00512691, 0.00685279, 0.01239743,
       0.01344189, 0.00569569, 0.01773415, 0.01085339, 0.01273482,
       0.01050859, 0.006549  , 0.00949293, 0.00786886, 0.00685196,
       0.00858881, 0.00999976, 0.00986206, 0.0100116 , 0.01520609,
       0.00887102, 0.01146027, 0.00925628, 0.01228312, 0.00941462,
       0.01297681, 0.00879719, 0.00974049, 0.01442151, 0.01128302,
       0.00720605, 0.00893357, 0.00890274, 0.01208088, 0.01070597,
       0.01274343, 0.00672918, 0.01113416, 0.00766278, 0.01062082,
       0.01343203, 0.01032513, 0.01687937, 0.01537657, 0.00663612,
       0.00865488, 0.00852618, 0.01169819, 0.01075973, 0.01505681,
       0.01060061, 0.00929445, 0.00605626, 0.00798265, 0.01168868,
       0.01381506, 0.00787397, 0.00997728, 0.00710718, 0.01154476,
       0.01275106, 0.00962271, 0.01067179, 0.01177093, 0.00787067,
       0.01595915, 0.00929105, 0.01065997, 0.0089133 , 0.0078754 ,
       0.00888077, 0.00825102, 0.01406398, 0.00722058, 0.00793929,
       0.01951024, 0.01143997, 0.00775241, 0.00597091, 0.00794012,
       0.02012852, 0.01260438, 0.00785862, 0.00718321, 0.00744175,
       0.00752225, 0.00947965, 0.01377796, 0.01097007, 0.0095515 ,
       0.01626542, 0.00999818, 0.00702927, 0.01164935, 0.00747546,
       0.00771306, 0.00986941, 0.01079186, 0.01362586, 0.00718574,
       0.00754805, 0.00588878, 0.00842477, 0.01164607, 0.00965632,
       0.01206743, 0.00647434, 0.01338852, 0.0103268 , 0.01226324,
       0.01324163, 0.00843884, 0.00981369, 0.01579039, 0.01118252,
       0.01098166, 0.00921788, 0.00706651, 0.00963592, 0.01575879,
       0.01166648, 0.01736642, 0.00559541, 0.00780653, 0.01691323,
       0.01002254, 0.01221655, 0.0068269 , 0.01131919, 0.01184753,
       0.0102028 , 0.01561316, 0.0084491 , 0.01063583, 0.01054814,
       0.01247388, 0.00810898, 0.00870414, 0.00813775, 0.0165002 ,
       0.01593767, 0.01341696, 0.01352966, 0.0137969 , 0.00844176,
       0.01009574, 0.01367209, 0.01550613, 0.01774609, 0.01154406,
       0.01343444, 0.01551157, 0.00892453, 0.00718945, 0.00971736,
       0.00948037, 0.01109185, 0.01665845, 0.00962392, 0.00945508,
       0.01251337, 0.01419246, 0.00693375, 0.00554506, 0.01729261,
       0.00640692, 0.01219076, 0.00853617, 0.00821906, 0.00986117,
       0.01150587, 0.00738324, 0.00893428, 0.01180604, 0.01528668,
       0.00847056, 0.01272378, 0.00846653, 0.00999505, 0.00735744,
       0.01007118, 0.00824521, 0.01098241, 0.01030559, 0.01162713,
       0.01555874, 0.0098179 , 0.00619849, 0.00969207, 0.00627505,
       0.01278132, 0.01168971, 0.00755342, 0.01133783, 0.01166819,
       0.00939719, 0.0096222 , 0.01491381, 0.01031654, 0.00842554,
       0.01096331, 0.01174131, 0.01470233, 0.01081594, 0.01014674,
       0.00772606, 0.0150388 , 0.01268606, 0.01083783, 0.0076001 ,
       0.00663566, 0.00983004, 0.0137822 , 0.01065397, 0.00835459,
       0.01297865, 0.01342827, 0.00708289, 0.00896107, 0.00911374,
       0.00972009, 0.01032532, 0.01079935, 0.00922221, 0.00802487,
       0.01530958, 0.01198372, 0.01283159, 0.01673224, 0.01819122,
       0.01017954, 0.00937177, 0.01181787, 0.00560914, 0.0056059 ,
       0.01419229, 0.00989096, 0.00849358, 0.0077738 , 0.00850009,
       0.01088842, 0.01239948, 0.00835595, 0.01115285, 0.0092895 ,
       0.00844053, 0.00724057, 0.01333313, 0.0176833 , 0.00640556,
       0.00705525, 0.00852539, 0.01414303, 0.01067209, 0.00723386,
       0.01646659, 0.00980634, 0.01085175, 0.0089113 , 0.00642085,
       0.01073344, 0.01270322, 0.01255875, 0.01204915, 0.0065477 ,
       0.00891518, 0.01584111, 0.00932818, 0.01490883, 0.00912351,
       0.01506166, 0.01419001, 0.00757857, 0.00877165, 0.00786574,
       0.00865443, 0.01163787, 0.00823894, 0.00872911, 0.00721939,
       0.01425491, 0.01409007, 0.0106927 , 0.00741396, 0.0055178 ,
       0.01281673, 0.00991647, 0.00553351, 0.00694222, 0.00755641,
       0.00514467, 0.00906349, 0.00899736, 0.00628435, 0.01528559,
       0.0069003 , 0.0132836 , 0.00902904, 0.0065037 , 0.01233209,
       0.01003857, 0.00808198, 0.00999352, 0.01012415, 0.01026436,
       0.00865453, 0.00931459, 0.00923773, 0.01002825, 0.01157408,
       0.00960059, 0.01114606, 0.01054374, 0.01291956, 0.00830364,
       0.00818739, 0.00683369, 0.00832362, 0.0088462 , 0.01227031,
       0.01129028, 0.00777191, 0.01247931, 0.01163268, 0.00760816,
       0.00629653, 0.00805813, 0.00609146, 0.01186881, 0.00824846,
       0.0135788 , 0.01133042, 0.01716586, 0.01126899, 0.01140966,
       0.01581726, 0.00882006, 0.01098729, 0.00898542, 0.01358951,
       0.00540269, 0.01322074, 0.01509355, 0.00982883, 0.01458195,
       0.01217481, 0.01524921, 0.00966407, 0.0153973 , 0.01406168,
       0.01161909, 0.00692657, 0.01650768, 0.01431695, 0.01091366,
       0.01128397, 0.00845511, 0.00849776, 0.0154125 , 0.00717434,
       0.01350114, 0.01602489, 0.00871179, 0.0097639 , 0.01177705,
       0.01520167, 0.01182184, 0.01240944, 0.01012626, 0.0153181 ,
       0.01247512, 0.00865543, 0.01232292, 0.0150176 , 0.01937254,
       0.00733546, 0.01523487, 0.00801201, 0.01092584, 0.0089819 ,
       0.00772502, 0.01148326, 0.0116553 , 0.00829304, 0.01011919,
       0.0136446 , 0.00633837, 0.00951852, 0.01137403, 0.01043485,
       0.01082911, 0.01117975, 0.00826018, 0.01327098, 0.01084569,
       0.0111236 , 0.01052462, 0.00597785, 0.00563477, 0.00993941,
       0.00912303, 0.01197015, 0.00874391, 0.01144077, 0.01228703,
       0.00780297, 0.01195167, 0.00983885])}"
