,0
0,"{'lt_0 - slope_shared': array(0.98399989), 'lt_0 - slope_sigma_log__': array(-1.51887407), 'lt_0 - slope_z_offset': array([-2.32653093e-02, -6.00753200e-02, -1.81459311e-02, -3.55212212e-02,
       -1.46289033e-02, -2.81272416e-02, -3.56675575e-03, -3.82441903e-03,
       -1.12263995e-02, -1.53104675e-02, -8.31172936e-03, -1.12410615e-02,
       -1.57883821e-02, -8.53162091e-03, -9.55405274e-03, -6.60198534e-03,
       -6.98067800e-03, -1.28856555e-02, -8.62065874e-03, -3.10020856e-02,
       -3.62148881e-02, -8.49380756e-03, -3.68835756e-02, -6.47277286e-03,
       -8.03193129e-03, -1.37791668e-02, -9.10404544e-03, -3.55927159e-02,
       -2.18669074e-02, -1.45447933e-02, -1.29957755e-02, -2.74942752e-03,
       -2.97072310e-02, -2.21520413e-02, -1.28113823e-02, -3.79193765e-03,
       -5.70891839e-03, -1.75706785e-02, -8.27698429e-03, -1.12384849e-02,
       -1.92150541e-02, -5.94090971e-03, -5.76141711e-03, -8.97933162e-03,
       -1.77562314e-02, -8.65547324e-03, -1.21090771e-02, -1.16345995e-02,
       -1.13144243e-02, -6.69801757e-03, -1.90351989e-02, -1.46072285e-02,
       -1.62497006e-02, -1.27930131e-02, -2.54055432e-02, -1.83153826e-02,
       -6.49463994e-03, -1.52129787e-02, -1.28289741e-02, -2.29734988e-02,
       -1.08579707e-02, -1.07989073e-02, -1.29049595e-02, -2.34005038e-02,
       -2.92380807e-02, -6.50782233e-03, -1.80336933e-02, -7.92696141e-03,
       -2.60665668e-02, -1.69945266e-02, -1.10809128e-02, -1.15873469e-02,
       -1.34289388e-02, -9.21433491e-03, -1.76194512e-02, -4.52961179e-03,
       -1.16194746e-02, -5.60580748e-03, -5.40168262e-02, -1.81132140e-02,
       -1.30849926e-02, -1.03471832e-02, -2.39040986e-02, -2.37001759e-02,
       -8.22052233e-03, -6.07775626e-03, -1.36002359e-02, -2.39144543e-02,
       -5.16334114e-03, -1.13738653e-02, -5.91120994e-02, -8.05376244e-03,
       -1.01231688e-02, -2.81158076e-02, -1.11550982e-02, -1.96601758e-02,
       -6.35869026e-03, -2.59789300e-02, -1.81817550e-02, -1.46090317e-02,
       -6.11717609e-03, -5.16144020e-03, -1.26200954e-02, -1.86444956e-02,
       -4.55128765e-03, -1.24994732e-02, -9.76084794e-03, -7.90677834e-03,
       -1.34885010e-02, -4.22533054e-02, -1.05740268e-02, -1.28734217e-02,
       -1.42488019e-02, -1.12923677e-02, -6.08320808e-03, -1.44469649e-02,
       -6.83976186e-03, -1.36803814e-02, -2.15949681e-02, -1.09505069e-02,
       -1.15997149e-02, -2.81768935e-02, -1.57893623e-02, -6.67129011e-03,
       -5.76807476e-03, -7.10375712e-03, -3.38371123e-02, -4.65175017e-03,
       -2.59374284e-02, -4.07477122e-02, -1.81212572e-02, -6.03380558e-03,
       -9.21830759e-03, -1.09421823e-02, -6.32447025e-03, -8.46018130e-03,
       -9.29523063e-03, -1.12696230e-02, -2.00694357e-02, -1.22535929e-02,
       -1.74445834e-02, -1.04703019e-02, -1.00465014e-02, -4.88898087e-03,
       -1.19044042e-02, -2.13652863e-02, -8.84437077e-03, -1.52921864e-02,
       -5.23269439e-03, -1.00886877e-02, -1.68380524e-02, -1.08106662e-02,
       -1.59570636e-02, -1.29673402e-02, -1.88772623e-02, -5.49366710e-02,
       -5.07282522e-03, -1.58722859e-02, -1.19660122e-02, -2.51070763e-02,
       -1.69468960e-02, -2.03632110e-02, -2.74235983e-02, -9.35480838e-03,
       -2.01236226e-02, -1.68197254e-02, -1.52203864e-02, -1.34608944e-02,
       -3.57818941e-02, -1.00505229e-02, -1.09348679e-02, -2.12955025e-02,
       -1.79208289e-02, -1.81454080e-02, -1.92097469e-02, -6.58586275e-03,
       -1.72252218e-02, -1.98804874e-02, -1.36447252e-02, -7.45911120e-03,
       -1.92111522e-02, -1.05521118e-02, -9.90740611e-03, -2.07363289e-02,
       -8.04938197e-03, -4.74897871e-03, -2.29928917e-02, -1.09149376e-02,
       -1.85862200e-02, -9.44180224e-03, -2.62881578e-02, -4.74830374e-03,
       -2.24659771e-02, -1.73577263e-02, -3.60737137e-02, -5.58070676e-03,
       -1.68420670e-02, -9.25181072e-03, -2.29958834e-02, -5.68521312e-03,
       -1.93941895e-02, -1.59506094e-02, -8.96374200e-03, -1.51608178e-02,
       -5.71630657e-02, -3.14421194e-02, -1.51136516e-02, -6.78978112e-03,
       -1.19675085e-02, -6.32233299e-03, -3.62015381e-02, -1.40978787e-02,
       -1.67991429e-02, -9.88009456e-03, -2.12035232e-02, -4.00012674e-03,
       -1.95161749e-02, -2.86628546e-02, -1.65304330e-02, -1.85043987e-02,
       -1.00009689e-02, -6.58703258e-03, -3.74045001e-02, -1.18439492e-02,
       -5.94840491e-03, -1.88083117e-02, -1.71908191e-02, -2.02023209e-02,
       -1.26992374e-02, -9.75153356e-03, -1.88087740e-02, -2.43816458e-02,
       -1.97798050e-02, -9.45469341e-03, -4.17104862e-02, -6.49554410e-03,
       -9.04776062e-03, -6.69092465e-03, -1.59539040e-02, -9.91023485e-03,
       -1.37017915e-02, -1.04102315e-02, -1.13117469e-02, -9.39608123e-03,
       -1.40570576e-02, -1.64906481e-02, -9.03574577e-03, -8.09541305e-03,
       -1.60473233e-02, -2.49544570e-02, -2.33887374e-02, -4.18998065e-02,
       -2.30296641e-02, -1.40832812e-02, -5.12492885e-03, -1.01397937e-02,
       -2.21346988e-02, -7.85949347e-03, -6.65411965e-03, -8.06924652e-03,
       -1.66697953e-02, -1.31998760e-02, -1.21143528e-02, -1.06839856e-02,
       -1.46759158e-02, -1.25117511e-02, -1.29870821e-02, -4.09222496e-03,
       -1.32880179e-02, -1.40462294e-02, -2.32150135e-02, -7.07677414e-03,
       -3.48050492e-03, -2.91197868e-02, -1.04499880e-02, -3.86816305e-02,
       -2.93589805e-02, -1.04379801e-02, -1.58545323e-02, -9.36386024e-03,
       -2.50129646e-02, -9.71669916e-03, -1.27736845e-02, -7.21985472e-03,
       -4.52128660e-02, -2.83317034e-02, -1.64654298e-02, -7.99603777e-03,
       -3.09395943e-02, -4.80834486e-02, -1.19234373e-02, -3.18137767e-02,
       -1.44061977e-02, -3.88673289e-02, -2.87368849e-02, -2.37366949e-02,
       -2.02759606e-02, -3.29735589e-02, -1.36572594e-02, -9.51745840e-03,
       -4.50594069e-02, -1.74283226e-02, -1.61867463e-02, -1.03542335e-02,
       -1.03737946e-02, -1.12315894e-02, -2.32610892e-02, -4.34828051e-02,
       -3.21021748e-03, -8.22757862e-03, -1.12951997e-02, -1.29382061e-02,
       -1.87901710e-02, -9.85820835e-03, -2.09170696e-02, -6.61410899e-03,
       -7.70900480e-03, -8.49530571e-03, -1.38036319e-02, -7.35446323e-03,
       -1.77021568e-02, -7.72822911e-03, -1.39517802e-02, -6.61576151e-03,
       -1.14058453e-02, -6.96813810e-03, -1.26022266e-02, -1.83549134e-02,
       -6.58555953e-03, -7.05324933e-03, -1.38993293e-02, -8.20481815e-03,
       -8.14505655e-02, -1.35698367e-02, -1.57124318e-02, -2.54961934e-02,
       -1.84181179e-02, -9.20710135e-03, -1.41502288e-02, -1.00101487e-02,
       -2.80890633e-02, -2.35996195e-02, -1.43674276e-02, -3.01244472e-02,
       -2.02198260e-02, -3.65791210e-02, -2.12639929e-02, -2.30410499e-02,
       -1.82603578e-02, -7.42759715e-03, -2.14834095e-02, -8.89038435e-03,
       -1.34772828e-02, -1.03888203e-02, -1.03144588e-02, -8.74212315e-03,
       -1.94653421e-02, -1.61873290e-02, -2.34679891e-02, -6.51130950e-03,
       -8.52488903e-03, -2.12716114e-02, -1.03119806e-02, -6.62372336e-03,
       -4.46663874e-03, -8.59850375e-03, -1.31476935e-02, -1.30186905e-02,
       -3.98930869e-03, -6.90614145e-03, -1.73347322e-02, -1.15680370e-01,
       -1.13704390e-02, -7.16901711e-03, -3.49978698e-02, -1.42723973e-02,
       -4.50181712e-03, -1.50296383e-02, -5.19278931e-03, -7.57404500e-03,
       -2.36827778e-02, -1.17080874e-02, -1.81171020e-02, -2.99660275e-02,
       -1.75206489e-02, -4.95762254e-03, -1.57663651e-02, -9.37563063e-03,
       -6.85588142e-03, -8.61477128e-03, -1.69540631e-02, -1.20036212e-02,
       -1.42853441e-02, -8.78720390e-03, -3.21792901e-02, -1.09399577e-02,
       -6.22320686e-03, -2.00925849e-02, -8.59887429e-03, -1.29954890e-02,
       -1.88061924e-02, -4.11027405e-02, -6.39656798e-02, -1.45452749e-02,
       -1.07256462e-02, -2.98490883e-03, -7.08155291e-03, -1.40082475e-02,
       -1.95829897e-02, -7.04896888e-03, -2.10744085e-02, -1.40603676e-02,
       -1.25095153e-02, -1.71206763e-02, -3.58940906e-02, -1.45971860e-02,
       -6.40872995e-03, -7.03689149e-03, -9.94919383e-03, -2.95994269e-02,
       -1.17953045e-02, -3.67597844e-02, -1.44096826e-02, -1.62990282e-02,
       -8.75790131e-03, -2.14573387e-02, -6.13347601e-02, -8.30228088e-03,
       -1.66637753e-02, -1.20054823e-02, -1.83468531e-02, -1.30630721e-02,
       -3.86353045e-02, -9.18065476e-03, -5.04457064e-03, -3.77620047e-03,
       -1.28913497e-02, -3.17699389e-03, -1.92255512e-02, -8.78684861e-03,
       -1.12816289e-02, -1.17449103e-02, -3.52263169e-02, -9.25211549e-03,
       -3.93258176e-03, -9.93692070e-03, -4.00970633e-02, -1.56771261e-02,
       -1.14640742e-02,  7.45237227e+00]), 'lt_0 - delta': array([ -0.03884324,  -0.02000483,  -0.20040636,  -0.017445  ,
        -0.2307604 ,  -0.17819302,   0.45261342,  -0.08697283,
        -0.17892207,  -0.52019185,   0.61738833,   0.24462446,
         0.40510393,  -3.36820398,   1.93150236,  -3.34620863,
        -0.81758303,   5.58345533,   3.20491959,   1.36170254,
       -10.91461783,   5.03614148,  -0.28321408,   8.0409037 ,
        -9.24708669]), 'lt_0 - intercept': array([-8.03866561e-02, -7.33868204e-02, -3.15297697e-02, -6.35803569e-02,
       -6.55496835e-02, -6.25815885e-02, -4.17308738e-02, -3.46260002e-02,
       -2.65048523e-02, -5.55574458e-02, -1.31476736e-02, -5.34815416e-02,
       -3.16640997e-02, -1.58387042e-02, -4.03743191e-02, -4.96646010e-02,
       -2.99660365e-02, -7.46140334e-02, -5.79214423e-02, -3.13179042e-02,
       -1.52865224e-01, -4.96505159e-02, -5.08504668e-02, -1.03886749e-02,
       -2.24598095e-02, -4.11037391e-02, -9.32624059e-02, -2.25834816e-01,
       -4.61250808e-02, -4.79327886e-02, -5.39236554e-02, -4.22604303e-02,
       -1.31126085e-01, -5.24635159e-02, -2.19077365e-02, -2.50983423e-02,
       -3.36474011e-02, -1.17478188e-01, -3.59061954e-02, -2.57240800e-02,
       -5.36025236e-02, -6.27280527e-02, -1.20841552e-02, -2.49933688e-02,
       -4.91637816e-02, -4.80387007e-02, -5.06510658e-02, -6.29518144e-02,
       -8.87833810e-03, -3.75597984e-02, -7.19639915e-02, -7.26468920e-02,
       -2.89716961e-02, -5.77991515e-02, -5.58302963e-02, -4.47195157e-02,
       -2.22670370e-02, -5.88727569e-02, -1.72029244e-02, -5.53844967e-02,
       -5.22545613e-02, -5.79821853e-02, -4.62361344e-02, -1.25090817e-01,
       -6.97854931e-02, -4.37311989e-02, -6.87172566e-02, -2.87690423e-02,
       -4.02419959e-02, -5.60455395e-02, -2.67975284e-02, -1.23960700e-02,
       -5.86439307e-02, -2.08777669e-02, -4.58955183e-02, -2.40387870e-02,
       -2.56920480e-02, -5.21776222e-02, -8.25661774e-02, -6.71313139e-02,
       -3.46333807e-02, -1.66339183e-02, -9.83003074e-02, -2.82514799e-02,
       -2.26553566e-02, -2.10685430e-02, -2.40118382e-02, -1.12309084e-01,
       -1.64751964e-02, -1.14363406e-02, -8.29292915e-02, -5.49622838e-02,
       -1.80779155e-02, -6.75577884e-02, -5.74133422e-02, -5.20036337e-02,
       -2.78855584e-02, -1.22923869e-01, -2.18253214e-02, -3.03375803e-02,
       -4.13548464e-02, -3.89742674e-02, -2.13965721e-02, -4.79608342e-02,
       -1.48201298e-02, -3.54084357e-02, -2.70264511e-02, -5.54325783e-02,
       -2.13825356e-02, -4.95695617e-02, -3.52490822e-02, -2.60251350e-02,
       -7.83239032e-02, -4.05572540e-02, -4.40688371e-02, -5.60389680e-02,
       -3.20699391e-02, -4.14452500e-02, -8.23823784e-02, -1.10463600e-02,
       -3.44214470e-02, -4.92674086e-02, -1.92280072e-02, -1.73518695e-02,
       -1.44010062e-02, -4.33854670e-02, -2.13353245e-01, -4.95810776e-02,
       -4.95471243e-02, -1.15486146e-01, -3.17448147e-02, -3.61917676e-02,
       -1.80818714e-02, -6.19469196e-02, -2.08649108e-02, -1.29524167e-02,
       -5.40665341e-02, -3.97713230e-02, -8.56946594e-02, -5.36974024e-02,
       -3.53543114e-02, -1.74123353e-02, -3.18789228e-02, -2.33656368e-02,
       -2.35850179e-02, -4.67324319e-02, -5.98088238e-02, -1.00600224e-01,
       -2.15368593e-02, -2.13150118e-02, -4.06467291e-02, -3.38356170e-02,
       -4.31314427e-02, -7.69880196e-02, -3.29899453e-02, -2.27919633e-01,
       -5.26656751e-02, -1.93281211e-02, -3.45699299e-02, -1.04622136e-01,
       -6.78612806e-02, -6.26643186e-02, -1.16072072e-01, -2.13327189e-02,
       -8.09649758e-02, -8.18949028e-02, -4.43368932e-02, -2.44137563e-02,
       -7.97626230e-02, -3.04905641e-02, -4.76342693e-02, -4.48182679e-02,
       -4.49441917e-02, -3.10340834e-02, -3.13220160e-02, -1.50978174e-02,
       -1.06267563e-01, -4.97831492e-02, -4.22152241e-02, -2.22780646e-02,
       -1.01846454e-01, -5.66196625e-02, -4.46088074e-02, -2.89030551e-02,
       -4.81238811e-02, -2.34944471e-02, -1.31360648e-01, -2.29577320e-02,
       -7.74126304e-02, -3.06280669e-02, -5.01804553e-02, -2.17058857e-02,
       -8.18841199e-02, -6.30911520e-02, -3.28686354e-02, -4.19561800e-03,
       -3.00241048e-02, -8.38572791e-03, -2.73809603e-02, -2.96040607e-02,
       -5.48363702e-02, -7.80823107e-02, -3.41116745e-02, -7.64308719e-02,
       -1.03922132e-01, -7.69869733e-02, -2.50339821e-02, -1.55412713e-02,
       -6.61004237e-02, -4.01216615e-02, -8.48243734e-02, -3.99994120e-02,
       -1.05686733e-01, -5.13387758e-02, -8.00743112e-02, -2.52418800e-02,
       -6.16472938e-02, -1.17287968e-01, -4.69385897e-02, -6.60105200e-02,
       -1.02655771e-02, -2.59079623e-02, -4.72825752e-02, -4.18077473e-02,
       -5.91485371e-03, -6.91369560e-02, -3.42596526e-02, -6.72243437e-02,
       -3.98236292e-02, -1.94862867e-02, -2.08723689e-02, -3.41042559e-02,
       -6.34761519e-02, -1.76496897e-02, -5.89933457e-02, -2.46866382e-02,
       -4.93107154e-02, -2.93567084e-02, -3.92076214e-02, -5.50391308e-02,
       -1.49623174e-02, -4.20778895e-02, -6.62248864e-02, -2.57898438e-02,
       -5.53494389e-02, -7.38274805e-02, -2.37083537e-02, -3.69586994e-02,
       -4.91507579e-02, -3.52079276e-02, -6.04337840e-02, -6.96900177e-02,
       -5.54006739e-02, -3.42038748e-02, -3.30913857e-02, -3.69056121e-02,
       -3.94310087e-02, -4.03910998e-02, -3.32848512e-02, -2.93019293e-02,
       -5.95411541e-02, -3.79046022e-02, -4.28636142e-02, -3.25059511e-02,
       -5.17881785e-02, -4.61758812e-02, -6.38392666e-02, -3.24547905e-02,
       -2.85982090e-02, -4.48756174e-02, -1.17674646e-01, -3.94832015e-02,
       -1.37059432e-02, -9.41375534e-02, -2.13900330e-02, -7.48468700e-02,
       -8.60616178e-02, -3.87929738e-02, -4.83876038e-02, -3.25350304e-02,
       -4.04823693e-02, -2.05053564e-02, -4.41776601e-02, -4.43036060e-02,
       -7.15020544e-02, -6.38585244e-02, -1.96858454e-02, -1.50290200e-02,
       -1.55715318e-01, -9.63816116e-02, -3.68770128e-02, -4.89814655e-02,
       -5.84691606e-02, -1.02240729e-01, -1.27873296e-01, -1.34665539e-01,
       -8.97803403e-02, -3.99253995e-02, -6.50784003e-02, -6.58305323e-02,
       -1.59027093e-01, -3.69564316e-02, -8.92502943e-02, -3.92785748e-02,
       -4.68501016e-02, -3.09367256e-02, -3.85880997e-02, -2.42918064e-01,
       -2.09452585e-02, -2.60508236e-02, -1.13256862e-02, -5.21046605e-02,
       -1.09650459e-01, -8.74963765e-03, -6.93737784e-02, -1.97442560e-02,
       -2.01227902e-02, -4.98836737e-02, -5.96446261e-02,  3.75433034e-04,
       -3.10304982e-02, -3.33353989e-02, -3.78943853e-02, -9.83020108e-02,
       -7.40814305e-02, -2.95951670e-02, -2.52621664e-02, -9.11007616e-02,
       -2.08056438e-02, -3.80922214e-02, -5.55068009e-02, -2.76497838e-02,
       -1.01407436e-01, -6.12705816e-02, -3.30023653e-02, -4.08132324e-02,
       -7.06126810e-02, -5.28526416e-02, -3.38529367e-02, -1.04695855e-02,
       -5.61832532e-02, -6.27847240e-02, -4.25793064e-02, -5.84433198e-02,
       -9.38736835e-02, -7.51851599e-02, -8.87180699e-02, -3.09148114e-02,
       -2.75642585e-02, -3.06152625e-02, -2.99569218e-02, -1.52221612e-02,
       -1.48612655e-02, -1.80384822e-02, -3.97557041e-02, -3.44999977e-02,
       -2.30578410e-02, -5.74241497e-02, -6.72153681e-02, -3.23648126e-02,
       -6.88816639e-03, -5.30791671e-02, -6.45832154e-02, -2.90089194e-02,
       -1.77039423e-02, -1.18824872e-02, -3.57463192e-02, -6.92591161e-02,
       -1.76723293e-02, -3.46370438e-02, -5.57996321e-02, -1.51286847e-01,
       -5.75259512e-02, -6.06095284e-02, -6.34458295e-02, -5.04427745e-02,
       -3.01316125e-02, -5.74300985e-02, -1.52313155e-02, -4.29262043e-02,
       -7.69200614e-02, -4.82881498e-02, -3.58506448e-02, -5.36182056e-02,
       -4.07657254e-02, -3.99148732e-02, -2.33777072e-02, -1.36850844e-02,
       -3.59879775e-02, -3.41239528e-02, -4.11031950e-02, -4.15766199e-02,
       -2.36372245e-02, -3.67536953e-02, -1.23164595e-01, -1.94794791e-02,
       -5.79503729e-02, -3.60998489e-02, -3.18817799e-02, -6.56266080e-02,
       -9.59336146e-02, -8.74525469e-02, -8.25719423e-02, -3.25764787e-02,
       -7.63230513e-02, -7.11075880e-02, -3.21578089e-02, -7.16053052e-02,
       -5.72278327e-02, -1.70276152e-02, -9.08163128e-02, -4.16704696e-02,
       -4.57222502e-02, -1.96273709e-02, -4.93390593e-02, -6.84946893e-02,
       -3.19465749e-02, -2.30169317e-02, -1.03546755e-02, -4.83760257e-02,
       -6.96257069e-02, -4.47136525e-02, -1.79298094e-02, -6.48194954e-02,
       -3.44513770e-02, -3.82610979e-02, -8.54784800e-02, -1.60643164e-02,
       -7.26580391e-02, -1.77619324e-02, -7.65431168e-02, -3.64014858e-02,
       -1.52167834e-01, -1.33779808e-02, -2.03100133e-02, -4.78502196e-02,
       -3.77382661e-02, -6.06758147e-02, -7.42267337e-02, -1.36088114e-02,
       -4.09621325e-02, -2.14188113e-02, -6.63955302e-02, -5.18618084e-02,
       -2.89769541e-02, -7.46271762e-02, -4.44094337e-02, -8.06098005e-02,
       -6.51035416e-02, -1.64605653e+00]), 'fs_0 - beta_shared': array([-0.0004009 , -0.00034701, -0.00036221, -0.00021412, -0.00026517,
       -0.00060022]), 'fs_0 - beta_sigma(p=7,n=3)_log__': array([-5.97045717, -5.97791298, -5.9612201 , -5.90243425, -5.9014713 ,
       -5.95378491]), 'fs_0 - beta_z_offset(p=7,n=3)': array([[-1.18672459e-03, -8.55907612e-04, -5.03093363e-04,
        -9.27510607e-04, -1.76685698e-04, -9.44295857e-04],
       [ 8.66792256e-04,  1.59968438e-03,  6.94008649e-04,
         3.37956434e-03, -2.96659241e-05,  3.10372539e-03],
       [-3.40470330e-04,  1.25513468e-03, -2.43600599e-04,
         1.54578900e-04,  1.93850348e-04,  4.55272570e-04],
       ...,
       [-9.07778486e-04, -1.44625687e-03, -8.57179709e-04,
        -6.58384043e-04, -8.21578615e-04, -1.76427342e-03],
       [-3.72910639e-04, -6.23717631e-04, -2.36041516e-04,
        -6.83155691e-04, -1.23621069e-04, -7.84544584e-04],
       [ 1.54071072e-02,  1.63477469e-02,  1.11636880e-02,
         8.13397789e-03,  8.93329636e-03,  1.89136037e-02]]), 'fs_1 - beta_shared': array([ 0.00080426, -0.00430811, -0.00683682, -0.00108994, -0.00282004,
        0.00677755,  0.00455518,  0.00323115,  0.00298072, -0.00130214,
        0.00172323, -0.00172517, -0.00012098, -0.00291526, -0.00254409,
       -0.00155451, -0.00238759,  0.00069629, -0.00126486,  0.00221694]), 'fs_1 - beta_sigma(p=365.25,n=10)_log__': array([-5.78928312, -5.83396445, -5.8234776 , -5.88806309, -5.85236594,
       -5.72790611, -5.82192506, -5.86143103, -5.88235082, -5.88002982,
       -5.91273798, -5.88321367, -5.90796621, -5.84620315, -5.8876551 ,
       -5.92915845, -5.94024066, -5.9062606 , -5.93414721, -5.90616405]), 'fs_1 - beta_z_offset(p=365.25,n=10)': array([[-4.38080648e-03, -7.01868981e-03, -1.06146434e-02, ...,
        -1.91899627e-03, -4.14006209e-03, -5.15508638e-03],
       [ 8.25439201e-03,  6.65952104e-02,  1.03827251e-01, ...,
        -2.60550241e-02,  1.79330165e-03,  3.13640848e-02],
       [ 4.11554058e-03,  1.31052372e-02,  2.00743072e-02, ...,
         4.49807772e-05,  6.04513964e-03,  9.41457245e-03],
       ...,
       [-3.83768561e-03, -1.93608961e-02, -3.02148163e-02, ...,
         2.66683286e-02,  1.75699920e-02,  1.83943153e-02],
       [-4.94234182e-03, -1.71906174e-02, -3.08266102e-02, ...,
        -1.04499416e-02, -2.76935350e-03, -1.44638042e-02],
       [ 4.19022441e-01,  1.59079689e-02,  5.64932434e-02, ...,
         5.81902446e-03,  9.83278542e-02, -8.87886504e-02]]), 'sigma_log__': array(-3.22086021), 'lt_0 - slope_sigma': array(0.21895828), 'fs_0 - beta_sigma(p=7,n=3)': array([0.00255307, 0.00253411, 0.00257677, 0.00273278, 0.00273542,
       0.002596  ]), 'fs_1 - beta_sigma(p=365.25,n=10)': array([0.00306018, 0.00292645, 0.0029573 , 0.00277234, 0.00287309,
       0.00325388, 0.0029619 , 0.00284717, 0.00278822, 0.0027947 ,
       0.00270477, 0.00278582, 0.00271771, 0.00289085, 0.00277347,
       0.00266072, 0.0026314 , 0.00272235, 0.00264748, 0.00272261]), 'sigma': array(0.0399207), 'lt_0 - slope': array([0.97890576, 0.9708459 , 0.98002669, 0.97622222, 0.98079677,
       0.9778412 , 0.98321892, 0.9831625 , 0.98154177, 0.98064753,
       0.98217997, 0.98153856, 0.98054289, 0.98213182, 0.98190795,
       0.98255433, 0.98247141, 0.98117847, 0.98211232, 0.97721172,
       0.97607034, 0.9821401 , 0.97592392, 0.98258262, 0.98224123,
       0.98098282, 0.98200648, 0.97620657, 0.97921195, 0.98081518,
       0.98115435, 0.98339788, 0.97749524, 0.97914951, 0.98119473,
       0.98316961, 0.98274987, 0.98015264, 0.98218757, 0.98153913,
       0.97979259, 0.98269908, 0.98273838, 0.98203379, 0.98011201,
       0.9821047 , 0.9813485 , 0.9814524 , 0.9815225 , 0.9825333 ,
       0.97983197, 0.98080151, 0.98044188, 0.98119875, 0.97843713,
       0.97998958, 0.98257783, 0.98066888, 0.98119088, 0.97896965,
       0.98162245, 0.98163538, 0.98117424, 0.97887615, 0.97759797,
       0.98257495, 0.98005126, 0.98226421, 0.9782924 , 0.9802788 ,
       0.98157363, 0.98146274, 0.98105951, 0.98198233, 0.98014196,
       0.98300809, 0.98145571, 0.98277245, 0.97217246, 0.98003385,
       0.98113482, 0.98173429, 0.97876589, 0.97881054, 0.98219994,
       0.98266911, 0.981022  , 0.97876362, 0.98286933, 0.98150949,
       0.9710568 , 0.98223645, 0.98178334, 0.9778437 , 0.98155739,
       0.97969513, 0.9826076 , 0.97831159, 0.98001884, 0.98080112,
       0.98266048, 0.98286975, 0.98123661, 0.97991752, 0.98300335,
       0.98126302, 0.98186267, 0.98226863, 0.98104647, 0.97474818,
       0.98168462, 0.98118115, 0.98087999, 0.98152733, 0.98266792,
       0.98083661, 0.98250227, 0.98100445, 0.97927149, 0.98160218,
       0.98146003, 0.97783032, 0.98054268, 0.98253915, 0.98273692,
       0.98244446, 0.97659097, 0.98298135, 0.97832067, 0.97507784,
       0.98003209, 0.98267874, 0.98198146, 0.98160401, 0.98261509,
       0.98214746, 0.98196462, 0.98153231, 0.97960552, 0.98131686,
       0.98018025, 0.98170733, 0.98180012, 0.9829294 , 0.98139332,
       0.97932178, 0.98206334, 0.98065154, 0.98285415, 0.98179089,
       0.98031306, 0.9816328 , 0.98050596, 0.98116058, 0.97986655,
       0.97197105, 0.98288915, 0.98052452, 0.98137983, 0.97850249,
       0.98028922, 0.97954119, 0.97799526, 0.98195157, 0.97959365,
       0.98031707, 0.98066726, 0.98105251, 0.97616515, 0.98179924,
       0.98160561, 0.97933706, 0.98007597, 0.9800268 , 0.97979375,
       0.98255786, 0.98022828, 0.97964689, 0.98101226, 0.98236665,
       0.97979345, 0.98168942, 0.98183058, 0.9794595 , 0.98223741,
       0.98296006, 0.9789654 , 0.98160997, 0.97993028, 0.98193253,
       0.97824388, 0.98296021, 0.97908078, 0.98019927, 0.97610125,
       0.98277795, 0.98031218, 0.98197413, 0.97896475, 0.98275506,
       0.97975337, 0.98050737, 0.9820372 , 0.9806803 , 0.97148356,
       0.97711538, 0.98069063, 0.98251321, 0.9813795 , 0.98261556,
       0.97607326, 0.98091304, 0.98032158, 0.98183656, 0.9793572 ,
       0.98312403, 0.97972666, 0.97772392, 0.98038041, 0.9799482 ,
       0.98181009, 0.9825576 , 0.97580986, 0.98140656, 0.98269744,
       0.97988165, 0.98023582, 0.97957642, 0.98121928, 0.98186471,
       0.97988155, 0.97866132, 0.97966894, 0.9819297 , 0.97486703,
       0.98257763, 0.98201881, 0.98253485, 0.98050665, 0.98182996,
       0.98099977, 0.98172048, 0.98152309, 0.98194254, 0.98092198,
       0.98038912, 0.98202144, 0.98222733, 0.98048619, 0.9785359 ,
       0.97887873, 0.97482558, 0.97895735, 0.98091624, 0.98287774,
       0.9817797 , 0.97915331, 0.98227899, 0.98254291, 0.98223306,
       0.9803499 , 0.98110967, 0.98134735, 0.98166054, 0.98078647,
       0.98126034, 0.98115626, 0.98310386, 0.98109037, 0.98092435,
       0.97891677, 0.98245037, 0.9832378 , 0.97762387, 0.98171178,
       0.97553022, 0.9775715 , 0.98171441, 0.98052841, 0.98194959,
       0.97852309, 0.98187234, 0.98120298, 0.98241904, 0.97410016,
       0.97779643, 0.98039465, 0.98224909, 0.97722541, 0.97347162,
       0.98138915, 0.977034  , 0.98084553, 0.97548956, 0.97770771,
       0.97880254, 0.9795603 , 0.97678005, 0.98100952, 0.98191596,
       0.97413376, 0.98018381, 0.98045567, 0.98173274, 0.98172846,
       0.98154064, 0.97890668, 0.97447897, 0.98329698, 0.98219839,
       0.98152671, 0.98116696, 0.97988562, 0.98184135, 0.97941992,
       0.98255167, 0.98231194, 0.98213977, 0.98097747, 0.98238957,
       0.98012385, 0.98230773, 0.98094503, 0.98255131, 0.98150248,
       0.98247416, 0.98124053, 0.97998093, 0.98255792, 0.98245552,
       0.98095651, 0.98220337, 0.96616561, 0.98102866, 0.98055952,
       0.97841728, 0.97996709, 0.98198392, 0.98090158, 0.98180808,
       0.97784955, 0.97883256, 0.98085402, 0.97740389, 0.97957259,
       0.97599059, 0.97934396, 0.97895486, 0.98000163, 0.98237355,
       0.97929592, 0.98205326, 0.98104892, 0.98172517, 0.98174145,
       0.98208573, 0.97973779, 0.98045554, 0.97886138, 0.98257418,
       0.98213329, 0.97934229, 0.98174199, 0.98254957, 0.98302188,
       0.98211717, 0.98112109, 0.98114934, 0.9831264 , 0.98248773,
       0.9802043 , 0.95867071, 0.98151024, 0.98243017, 0.97633681,
       0.98087483, 0.98301418, 0.98070902, 0.98286288, 0.98234149,
       0.97881435, 0.9814363 , 0.980033  , 0.97743858, 0.9801636 ,
       0.98291438, 0.98054771, 0.98194702, 0.98249874, 0.98211361,
       0.98028766, 0.9813716 , 0.98087199, 0.98207586, 0.97695397,
       0.98160449, 0.98263726, 0.97960045, 0.98211709, 0.98115442,
       0.97988212, 0.9750001 , 0.96999407, 0.98081508, 0.98165142,
       0.98334632, 0.98244932, 0.98093267, 0.97971203, 0.98245646,
       0.97938547, 0.98092125, 0.98126083, 0.98025117, 0.97614058,
       0.98080371, 0.98259664, 0.9824591 , 0.98182143, 0.97751885,
       0.98141721, 0.97595103, 0.98084477, 0.98043108, 0.98208227,
       0.97930163, 0.97057013, 0.98218203, 0.98035122, 0.98137119,
       0.97998269, 0.98113962, 0.97554037, 0.98198971, 0.98289534,
       0.98317306, 0.98117722, 0.98330426, 0.97979029, 0.98207593,
       0.98152968, 0.98142824, 0.97628679, 0.98197406, 0.98313882,
       0.98182412, 0.9752203 , 0.98056725, 0.98148973, 2.6157585 ]), 'fs_0 - beta(p=7,n=3)': array([[-0.00040393, -0.00034918, -0.00036351, -0.00021665, -0.00026565,
        -0.00060267],
       [-0.00039869, -0.00034296, -0.00036043, -0.00020488, -0.00026525,
        -0.00059216],
       [-0.00040177, -0.00034383, -0.00036284, -0.0002137 , -0.00026464,
        -0.00059904],
       ...,
       [-0.00040322, -0.00035068, -0.00036442, -0.00021592, -0.00026742,
        -0.0006048 ],
       [-0.00040185, -0.00034859, -0.00036282, -0.00021598, -0.00026551,
        -0.00060225],
       [-0.00036156, -0.00030559, -0.00033345, -0.00019189, -0.00024074,
        -0.00055112]]), 'fs_1 - beta(p=365.25,n=10)': array([[ 0.00079085, -0.00432865, -0.00686821, ...,  0.00069107,
        -0.00127582,  0.0022029 ],
       [ 0.00082952, -0.00411322, -0.00652977, ...,  0.00062536,
        -0.00126011,  0.00230233],
       [ 0.00081685, -0.00426976, -0.00677745, ...,  0.00069641,
        -0.00124885,  0.00224257],
       ...,
       [ 0.00079251, -0.00436477, -0.00692617, ...,  0.00076889,
        -0.00121834,  0.00226702],
       [ 0.00078913, -0.00435841, -0.00692798, ...,  0.00066784,
        -0.00127219,  0.00217756],
       [ 0.00208654, -0.00426155, -0.00666975, ...,  0.00071213,
        -0.00100454,  0.0019752 ]])}"
