,0
0,"{'lt_0 - slope': array([0.74846017, 0.84720022, 0.96201396, 0.89374613, 0.77934277,
       0.64975375, 0.94190047, 0.78382793, 0.99566886, 0.91598549,
       1.01405864, 0.80650722, 1.15242344, 1.15374852, 1.13827532,
       1.03193523, 0.4549888 , 0.72187546, 1.02124857, 0.96392517,
       1.02016283, 0.98653231, 0.90908632, 1.09090009, 0.83703511,
       1.00059481, 1.02743733, 0.84243595, 0.6604823 , 0.62648802,
       0.60948398, 0.89010038, 0.63527762, 0.57449079, 0.7215692 ,
       1.13926522, 0.89614344, 0.98118373, 1.05335728, 1.04960666,
       0.66028614, 0.82192728, 1.18391963, 0.86313672, 0.96048758,
       1.17481631, 1.16624977, 0.63049989, 1.02744023, 0.6820622 ,
       0.57352109, 1.05465668, 1.01903073, 0.83867739, 0.98246679,
       0.49976795, 0.87290155, 0.69794715, 0.94423694, 0.8557341 ,
       0.91517578, 0.68555282, 1.05238662, 0.781879  , 0.70043022,
       0.76818814, 0.59015569, 1.0139471 , 0.66659891, 1.08124869,
       0.99948874, 0.85720202, 0.55632395, 0.88748943, 0.65637444,
       1.09990197, 0.8223622 , 0.81608044, 0.68206045, 0.57227538,
       1.12515192, 1.2310327 , 0.99385316, 0.72805056, 1.16134393,
       1.03703119, 0.8299199 , 0.75617341, 1.0709007 , 1.04786916,
       0.9047054 , 1.17904058, 1.20429325, 0.68484653, 1.14304045,
       0.8756919 , 1.09930887, 0.68371707, 0.70165273, 1.16025202,
       1.05598905, 0.71578424, 0.98611783, 0.93392871, 0.82033588,
       0.78253417, 0.95595976, 0.97887125, 1.09941397, 0.83352878,
       0.95063821, 1.03416527, 0.67399005, 1.0682286 , 0.84467393,
       0.75599496, 0.94523901, 0.70868687, 1.09182068, 0.86394553,
       0.99673577, 1.14200541, 0.96214406, 1.1142737 , 1.15608082,
       0.94221754, 0.62930731, 0.8094266 , 0.53104697, 0.72770847,
       0.5868528 , 0.78157756, 1.17494365, 0.85590892, 1.21536774,
       1.09073905, 1.00118576, 1.08972947, 0.94899611, 0.90607002,
       0.85795246, 1.17298259, 0.69018295, 1.14285677, 1.17773532,
       0.94726435, 1.06390022, 1.0798514 , 1.21861301, 1.046332  ,
       0.69760894, 0.80294237, 0.88616651, 1.03752766, 1.14620166,
       1.09592023, 0.98858414, 1.20604809, 0.96662766, 0.9523666 ,
       0.633693  , 0.96919201, 0.99886748, 1.00310476, 0.76160535,
       0.75428822, 0.82431336, 0.93597272, 0.6292969 , 1.0872564 ,
       0.71728997, 1.06176682, 0.73512479, 0.77367717, 0.78077905,
       1.11616876, 0.7750471 , 1.02800819, 0.56538785, 1.12183652,
       0.96064477, 1.13658209, 0.66649817, 0.757303  , 1.05639116,
       0.85849067, 0.94913907, 1.02141053, 1.10598142, 0.96955937,
       0.59820884, 1.07190442, 1.00304661, 0.92254856, 1.13424307,
       1.07015381, 1.00134383, 1.0305659 , 0.99404995, 1.0209593 ,
       0.63519966, 1.02286399, 1.03799258, 0.66373831, 0.5670836 ,
       0.4672038 , 0.72582621, 1.02566898, 1.02556018, 0.68754291,
       0.98089324, 0.73702392, 1.14906843, 0.96882972, 0.70668019,
       1.04471593, 0.69986434, 0.91074606, 1.06665172, 1.1042466 ,
       1.0295239 , 1.06784954, 0.7152795 , 0.68289598, 1.06489066,
       0.57538993, 0.83318685, 0.98668954, 1.00945591, 0.96682383,
       1.09094692, 1.03127463, 0.79018319, 1.07084023, 0.67315156,
       0.91169128, 0.58353423, 1.11545471, 0.81891136, 0.67749067,
       0.58104021, 1.12539856, 0.95897175, 0.38544707, 0.94712924,
       0.57980979, 1.22101651, 0.80379338, 0.92519947, 1.18767665,
       0.90206324, 1.07683698, 0.87074143, 0.67785695, 0.72972011,
       0.9885572 , 0.99651284, 1.00121563, 0.96100387, 0.93567717,
       0.52093172, 0.77723375, 0.66562583, 0.80217023, 0.68571074,
       0.96565774, 0.72257045, 0.88594517, 1.12505191, 1.06681859,
       1.09214124, 1.08145477, 1.10791363, 0.59044356, 1.10749558,
       0.94624701, 0.49852054, 0.89607263, 0.55174788, 0.88287555,
       0.81869641, 1.01698252, 0.69963263, 0.90887868, 0.55830631,
       0.69453622, 1.1328314 , 1.16615662, 1.18614416, 0.64375373,
       1.22558538, 0.83153354, 0.95891179, 0.78762977, 0.48335691,
       1.01822079, 0.87133005, 0.96748412, 0.70400507, 1.11404411,
       0.92791533, 0.98934495, 0.85970398, 0.69050749, 0.67867185,
       1.16910885, 1.16720013, 0.99895903, 1.04216442, 1.06292723,
       1.03391259, 0.95792381, 0.74009654, 0.99620054, 1.12682161,
       1.22811423, 0.96710339, 0.59982309, 0.67041318, 1.04872135,
       1.14528878, 1.10450678, 0.96359801, 0.71578378, 0.88028333,
       1.15787927, 0.59374654, 1.00285716, 1.16168171, 0.98639896,
       1.05334532, 1.10851931, 0.49978595, 0.67976688, 0.95717868,
       1.01234814, 1.16396243, 1.08200345, 1.01989935, 0.94268893,
       0.89802327, 0.49487622, 1.09260942, 0.36853336, 0.6027164 ,
       0.69284844, 0.54475717, 0.63316718, 0.93853649, 1.04602472,
       0.96259646, 0.75047789, 1.04741432, 1.15748898, 1.01142309,
       0.71559815, 0.81567433, 0.64161975, 1.05747624, 1.10296127,
       1.05547125, 1.00034481, 0.54590571, 0.67172244, 0.99849202,
       1.12741739, 1.0065636 , 0.90416205, 1.03401114, 0.64433708,
       0.65480607, 0.86033083, 0.82911685, 0.81207575, 0.86035383,
       0.71432271, 1.1130449 , 1.17750361, 1.27269884, 0.8746745 ,
       0.74361154, 0.90607341, 0.78051888, 0.85310214, 0.6649313 ,
       1.17474028, 1.13859274, 1.09252003, 0.82160622, 0.70897018,
       1.11054409, 0.9728473 , 0.97732281, 0.9803112 , 0.75737711,
       1.23206375, 1.06337045, 0.95147319, 0.96370823, 0.54956305,
       0.3674213 , 0.92125821, 0.96536971, 0.82140416, 0.85646136,
       0.83036621, 1.04418179, 0.79557538, 0.96410026, 1.11214297,
       0.68735014, 0.75704194, 0.7504454 , 0.98445189, 0.66717542,
       1.12839041, 0.67674019, 0.90606408, 0.97448662, 0.38095563,
       0.94985593, 0.56854005, 1.18636532, 1.05047766, 0.76649544,
       0.77918254, 0.61261287, 1.18163795, 0.81235756, 0.65546836,
       1.10016532, 1.19577447, 0.62383868, 1.07670023, 0.89638463,
       1.0480155 , 1.05064213, 0.89444444, 1.07378435, 1.21356562,
       1.10697671, 0.90305969, 0.93665254, 1.07560101, 1.03789849,
       0.84612705, 0.90813591, 0.7413512 , 0.55285013]), 'lt_0 - intercept': array([ 2.05289905e-01,  1.14573697e-01, -7.84158930e-03,  5.07918391e-02,
        1.74810556e-01,  2.94215505e-01,  7.68201687e-03,  1.80763525e-01,
       -4.29368504e-02,  4.24903090e-02, -5.55556426e-02,  1.52060855e-01,
       -2.01847547e-01, -2.04627070e-01, -1.89052732e-01, -7.86101866e-02,
        4.80599976e-01,  2.52109545e-01, -7.30848617e-02,  7.96422312e-03,
       -6.64182115e-02, -3.34852065e-02,  5.49143751e-02, -1.33269343e-01,
        1.31174362e-01, -4.61906251e-02, -9.44683920e-02,  1.07543400e-01,
        2.80677538e-01,  3.11859296e-01,  3.41680605e-01,  6.79496139e-02,
        3.15011853e-01,  3.70528042e-01,  2.20307745e-01, -1.86732335e-01,
        6.75978634e-02, -2.85687406e-02, -1.00251067e-01, -9.00706310e-02,
        2.88408213e-01,  1.37217249e-01, -2.28636616e-01,  9.43589020e-02,
       -4.30128035e-03, -2.25920486e-01, -2.10464737e-01,  3.12986615e-01,
       -6.62810554e-02,  2.69118215e-01,  3.72583945e-01, -9.71178015e-02,
       -6.35587711e-02,  1.29125462e-01, -2.67906175e-02,  4.36054506e-01,
        8.40375221e-02,  2.52904700e-01,  2.08150428e-02,  1.02450754e-01,
        4.25607474e-02,  2.57415939e-01, -9.85100394e-02,  1.77684565e-01,
        2.42091016e-01,  1.90590882e-01,  3.54349843e-01, -5.76072493e-02,
        2.79867442e-01, -1.28549234e-01, -4.56835175e-02,  1.08665459e-01,
        3.89473614e-01,  8.75236169e-02,  3.01163377e-01, -1.48558771e-01,
        1.47078748e-01,  1.44003216e-01,  2.61507143e-01,  3.69991385e-01,
       -1.55477390e-01, -2.78135176e-01, -4.28939182e-02,  2.32553273e-01,
       -2.01733904e-01, -8.23803896e-02,  1.08469668e-01,  1.98470012e-01,
       -1.15748634e-01, -8.70988926e-02,  5.23974674e-02, -2.28323399e-01,
       -2.50099090e-01,  2.71588302e-01, -1.93578394e-01,  8.37549957e-02,
       -1.46365248e-01,  2.63950160e-01,  2.46452752e-01, -2.02096741e-01,
       -1.03154344e-01,  2.49864803e-01, -2.70617095e-02,  1.62065682e-02,
        1.27139332e-01,  1.80049435e-01,  4.29957394e-03, -2.84207426e-02,
       -1.54833826e-01,  1.32824630e-01,  1.58585787e-02, -8.36909314e-02,
        2.76758703e-01, -1.25543545e-01,  1.21060452e-01,  1.99244260e-01,
        7.13416085e-03,  2.44750809e-01, -1.42399353e-01,  9.73791596e-02,
       -3.54683618e-02, -1.88205068e-01,  4.64325512e-04, -1.65337393e-01,
       -2.07126228e-01,  1.45433185e-02,  3.18018558e-01,  1.50380108e-01,
        4.20731301e-01,  2.34617106e-01,  3.59580634e-01,  1.65362570e-01,
       -2.22211735e-01,  1.10923268e-01, -2.67671554e-01, -1.31778573e-01,
       -4.93509469e-02, -1.37564071e-01,  1.19364545e-02,  5.71308752e-02,
        1.02563873e-01, -2.25035080e-01,  2.73114516e-01, -1.92662866e-01,
       -2.29068805e-01,  1.07111512e-02, -1.22504119e-01, -1.19370299e-01,
       -2.67794476e-01, -8.50384507e-02,  2.52744957e-01,  1.57105329e-01,
        7.33548405e-02, -7.13880349e-02, -1.88768739e-01, -1.47153698e-01,
       -4.28721315e-02, -2.56173939e-01, -1.10606918e-02,  3.58220712e-03,
        3.11633787e-01, -1.30895597e-02, -4.36249344e-02, -6.72002028e-02,
        1.86855215e-01,  2.04393821e-01,  1.40515422e-01,  1.73992428e-02,
        3.13332699e-01, -1.41046200e-01,  2.38959694e-01, -1.10379475e-01,
        2.14558608e-01,  1.71860653e-01,  1.65641934e-01, -1.60344691e-01,
        1.88542758e-01, -6.65681880e-02,  3.75103849e-01, -1.63508064e-01,
       -4.06240172e-03, -1.74023722e-01,  2.78122293e-01,  2.16497239e-01,
       -1.05066801e-01,  1.05372511e-01,  4.67825979e-03, -6.63350550e-02,
       -1.55677392e-01, -1.27851115e-02,  3.43959197e-01, -1.17050104e-01,
       -5.50803599e-02,  3.49953436e-02, -1.73399506e-01, -1.13144072e-01,
       -4.01812560e-02, -6.61132469e-02, -3.19310885e-02, -6.88052015e-02,
        3.01993785e-01, -6.40485445e-02, -8.92764352e-02,  2.94999506e-01,
        3.78969186e-01,  4.67039850e-01,  2.21201759e-01, -7.24521989e-02,
       -7.58438335e-02,  2.65504505e-01, -3.59566618e-02,  2.24310628e-01,
       -1.99984857e-01, -1.35821945e-02,  2.40075227e-01, -8.44094553e-02,
        2.53907467e-01,  4.35042523e-02, -1.12279015e-01, -1.37442657e-01,
       -7.51374228e-02, -1.04990174e-01,  2.46679038e-01,  2.64841661e-01,
       -1.11673055e-01,  3.67713028e-01,  1.29799999e-01, -2.76782789e-02,
       -5.53975643e-02, -1.68564435e-02, -1.37411708e-01, -6.43813633e-02,
        1.57208124e-01, -1.27223624e-01,  2.67569478e-01,  4.25173803e-02,
        3.66165214e-01, -1.57398624e-01,  1.37814527e-01,  2.75399898e-01,
        3.76131936e-01, -1.81133986e-01,  3.31794387e-03,  5.56590982e-01,
        9.24356135e-03,  3.66409279e-01, -2.72970223e-01,  1.60721679e-01,
        2.64346001e-02, -2.27322900e-01,  6.14344590e-02, -1.22294480e-01,
        8.73600794e-02,  2.78776143e-01,  2.22882883e-01, -3.89658888e-02,
       -4.46620890e-02, -4.42534745e-02, -1.65452145e-02,  2.63527530e-02,
        4.07989844e-01,  1.82486051e-01,  2.87483852e-01,  1.57295379e-01,
        2.72530692e-01, -6.30237569e-03,  2.35941574e-01,  7.93944407e-02,
       -1.71975839e-01, -1.11964806e-01, -1.35305409e-01, -1.26384474e-01,
       -1.45260427e-01,  3.65679999e-01, -1.49865241e-01,  2.80437811e-03,
        4.43571818e-01,  6.26795339e-02,  3.92143764e-01,  8.18191034e-02,
        1.38342395e-01, -6.17327185e-02,  2.42130760e-01,  4.70771208e-02,
        3.74367661e-01,  2.60007538e-01, -1.81950813e-01, -2.10059017e-01,
       -2.28754804e-01,  3.07355890e-01, -2.74978797e-01,  1.25157976e-01,
       -3.23130134e-03,  1.73209636e-01,  4.61359781e-01, -7.06452846e-02,
        8.61565041e-02, -5.98494992e-03,  2.47938381e-01, -1.65403574e-01,
        3.01807528e-02, -4.30945807e-02,  9.73240064e-02,  2.64837509e-01,
        2.77702837e-01, -2.14639403e-01, -2.05850568e-01, -5.26019883e-02,
       -8.77402841e-02, -1.18826134e-01, -7.29223285e-02,  8.89325441e-03,
        2.23615594e-01, -3.65867548e-02, -1.72216726e-01, -2.79781517e-01,
       -6.03326571e-03,  3.46383317e-01,  2.74516511e-01, -7.49619145e-02,
       -1.94717766e-01, -1.46656071e-01, -2.79278216e-03,  2.37139428e-01,
        7.85940189e-02, -2.14492801e-01,  3.51695464e-01, -5.00190821e-02,
       -2.17001663e-01, -3.52595283e-02, -1.08154541e-01, -1.57129978e-01,
        4.48645730e-01,  2.75653519e-01, -6.57372518e-03, -6.20264411e-02,
       -2.20314272e-01, -1.26289154e-01, -6.66958116e-02,  2.09200898e-02,
        6.58135016e-02,  4.42955891e-01, -1.42033452e-01,  5.64137342e-01,
        3.39683426e-01,  2.66816741e-01,  3.93922269e-01,  3.19244426e-01,
        2.28851527e-02, -9.19089818e-02, -3.85419093e-03,  1.99831172e-01,
       -9.55105700e-02, -2.09094857e-01, -5.62690184e-02,  2.39767185e-01,
        1.51488989e-01,  3.06523567e-01, -1.00186044e-01, -1.50354570e-01,
       -8.71321457e-02, -2.94367382e-02,  4.03453460e-01,  2.83982433e-01,
       -4.38968000e-02, -1.81478385e-01, -5.39430691e-02,  5.47703345e-02,
       -7.93708549e-02,  3.04680903e-01,  2.85924250e-01,  9.93926049e-02,
        1.24885842e-01,  1.41916230e-01,  1.03814303e-01,  2.50362678e-01,
       -1.54556890e-01, -2.25341912e-01, -3.19729164e-01,  7.89652336e-02,
        2.35362781e-01,  5.73863598e-02,  1.75485126e-01,  1.03540689e-01,
        2.79044279e-01, -2.29825801e-01, -1.86033152e-01, -1.40978062e-01,
        1.46102067e-01,  2.53648420e-01, -1.52126326e-01, -1.61691249e-02,
       -2.66351029e-02, -2.15025146e-02,  2.05970349e-01, -2.72233837e-01,
       -1.15365532e-01,  4.30733646e-04, -5.21650264e-03,  3.90693697e-01,
        5.69906205e-01,  5.09515088e-02, -6.14001101e-03,  1.34496624e-01,
        9.27098304e-02,  1.29200376e-01, -9.49523428e-02,  1.68936477e-01,
       -9.65984253e-03, -1.58853450e-01,  2.61805103e-01,  1.92721726e-01,
        2.05201099e-01, -1.87663377e-02,  2.95819239e-01, -1.65761306e-01,
        2.79004074e-01,  5.78365839e-02, -8.97918360e-03,  5.49623423e-01,
        6.01143592e-03,  3.88885265e-01, -2.26327544e-01, -1.01031952e-01,
        1.92189825e-01,  1.83706955e-01,  3.29782667e-01, -2.25116578e-01,
        1.60909459e-01,  2.91663560e-01, -1.52523716e-01, -2.49716410e-01,
        3.20494115e-01, -1.17743069e-01,  5.79946147e-02, -1.01838348e-01,
       -9.07363786e-02,  6.39417439e-02, -1.16753958e-01, -2.60963245e-01,
       -1.46839986e-01,  4.78757026e-02,  2.14366173e-02, -1.19092594e-01,
       -8.68646898e-02,  1.15197698e-01,  5.21118021e-02,  2.08218135e-01,
        3.92231564e-01]), 'fs_0 - beta(p=7,n=3)': array([[ 1.20820673e-03, -7.79323137e-04,  4.59628885e-04,
        -3.76226604e-05, -5.83533867e-05, -3.17024393e-04],
       [ 7.20689838e-04, -1.22069176e-04, -1.05750318e-04,
         4.01911584e-04, -3.97440080e-04, -4.03703553e-04],
       [-2.00004709e-03, -7.49070313e-04, -3.28918349e-04,
        -1.72610658e-03,  4.51757483e-04, -6.03064431e-04],
       ...,
       [-5.43396110e-04,  7.63189454e-04, -7.48623648e-04,
         7.63229960e-04, -5.23991104e-04, -5.84992731e-05],
       [ 1.17398507e-03, -1.61651246e-03,  6.68737856e-04,
        -1.75747691e-04, -8.12438478e-05, -4.44107588e-04],
       [ 3.54801722e-05, -4.59096734e-04, -3.76659829e-05,
        -3.36687841e-04, -5.22563190e-05, -4.21171951e-04]]), 'fs_1 - beta(p=365.25,n=10)': array([[ 6.14555813e-03, -8.33826709e-03, -1.05212893e-02, ...,
         1.47132081e-03, -6.42535598e-03, -1.67741672e-03],
       [ 8.32749387e-03, -9.26449085e-03, -7.67548304e-03, ...,
        -8.17429503e-04, -5.67362054e-04, -3.33955370e-03],
       [ 9.90862535e-03, -1.17271482e-02, -8.62230469e-03, ...,
         2.61716085e-04, -6.06833186e-03, -2.35868414e-03],
       ...,
       [ 9.40831134e-03, -1.06573342e-02, -7.71647746e-03, ...,
         3.42146484e-03,  9.08415948e-05, -1.09645126e-03],
       [ 5.92435241e-03, -8.47532505e-03, -1.10601999e-02, ...,
         4.93761008e-03, -4.90027127e-03,  5.14632385e-03],
       [ 2.90551605e-03, -4.56021371e-03, -1.03566491e-02, ...,
         4.85701486e-04, -5.92956589e-03, -3.34894969e-03]]), 'sigma_log__': array([-4.72703242, -4.62431175, -4.57677911, -4.58956145, -3.95808667,
       -4.85824803, -4.79882349, -4.3783409 , -4.61529595, -4.54794331,
       -4.82020647, -5.01958199, -4.76813104, -4.74411044, -5.19601058,
       -4.98550604, -5.11412341, -4.42259673, -5.57157617, -4.62915038,
       -5.08971036, -4.28348948, -4.63012895, -5.20781876, -4.58124801,
       -4.65775205, -4.25688395, -4.64941138, -4.91672846, -4.2533275 ,
       -5.13108447, -4.77641645, -4.77112277, -4.77282509, -4.30540551,
       -5.3832984 , -4.4793193 , -4.50169617, -4.89771904, -5.2046547 ,
       -5.04078335, -5.01985203, -5.29180714, -5.09909789, -4.7560972 ,
       -5.30719178, -5.04718314, -4.99642478, -4.28371723, -4.85042185,
       -5.16442244, -4.89803276, -4.84003691, -4.49179098, -4.87249874,
       -4.79918812, -4.60856442, -5.01049645, -4.55482737, -4.21356897,
       -4.60231685, -4.38719637, -4.97390494, -4.47567061, -5.25492084,
       -4.72921499, -5.02176607, -4.60674398, -4.57605935, -4.98790088,
       -4.63913508, -4.25833096, -5.10298039, -4.12280611, -4.69862277,
       -5.31698174, -4.64268998, -4.44464827, -4.7235709 , -5.12974765,
       -5.1711571 , -5.26910472, -4.79040231, -4.57698598, -5.52964743,
       -4.91745545, -3.8811372 , -4.89880441, -4.54808272, -5.08271133,
       -4.37366265, -5.18673188, -5.04360651, -4.46424169, -5.11670478,
       -4.59221031, -4.95889097, -4.62920475, -4.52781056, -5.37177687,
       -5.40186882, -4.90570326, -4.80426867, -4.83250451, -4.62594637,
       -4.25229817, -4.78254112, -4.74112123, -4.85793003, -4.37983231,
       -4.79774096, -4.7524959 , -4.96614418, -4.47745641, -4.82077144,
       -4.88962163, -4.90221695, -4.74701942, -4.72847925, -3.86777784,
       -4.74646496, -4.66233935, -4.64541414, -4.83832931, -4.80746442,
       -4.97108425, -4.77290763, -4.59411582, -4.61187529, -4.37977407,
       -4.51070412, -4.33266071, -5.26324303, -4.56875673, -5.05049173,
       -4.87803122, -5.05715068, -5.15339669, -4.53256438, -4.43265898,
       -5.10085747, -4.83973148, -5.24916895, -5.36188374, -5.18733372,
       -4.37681884, -4.80617265, -4.51180894, -4.91041179, -5.01023416,
       -4.52482   , -4.17672535, -4.46140233, -4.6717326 , -5.19372379,
       -5.09736697, -4.76134262, -4.99598837, -5.09733473, -4.51475306,
       -5.29838542, -5.0362473 , -4.64953043, -4.48283566, -4.46737439,
       -4.40195605, -4.11834595, -4.88533626, -4.76417777, -5.14803342,
       -4.59702107, -5.09462943, -4.73609382, -4.1260947 , -4.09998007,
       -5.48929416, -4.57727617, -4.48088481, -4.9668575 , -5.1848204 ,
       -4.6676899 , -4.6464809 , -5.13025623, -4.15281722, -4.64701002,
       -4.30208937, -4.79010245, -5.12346264, -4.87745732, -4.89137057,
       -4.59974032, -4.91512162, -4.95194817, -5.01601668, -4.76173346,
       -4.87294203, -4.93490842, -5.12829519, -4.89543894, -4.83818369,
       -3.99147605, -4.69266419, -5.24680598, -4.28098756, -4.64459835,
       -5.13079405, -4.77967863, -4.54510652, -4.92525049, -4.36062147,
       -4.83359907, -4.71492221, -5.40264855, -4.91033132, -4.37291022,
       -5.19352941, -4.72029234, -4.7148557 , -5.41816808, -4.9308018 ,
       -4.44131691, -4.75635702, -4.45871333, -4.78022453, -4.51693206,
       -5.01015161, -4.7873829 , -4.23867827, -4.72761903, -4.84253051,
       -4.82818993, -4.63163644, -4.53259121, -5.1043244 , -4.00240451,
       -4.39347483, -4.73136749, -5.26729343, -4.86973273, -4.67735459,
       -4.54218587, -4.93329971, -4.94990146, -4.83416102, -4.46952057,
       -5.05052987, -5.19817737, -4.42323036, -5.0287538 , -5.19542201,
       -4.8738068 , -4.85648207, -4.64365132, -4.89207932, -4.73215359,
       -4.49696051, -4.78565098, -4.99240279, -4.2591168 , -4.90957012,
       -4.52361808, -4.75909148, -4.39065724, -3.91823808, -4.61350866,
       -4.14269831, -4.58255591, -4.79344545, -5.0145334 , -4.49266064,
       -5.25959958, -5.61183874, -5.41664887, -4.62636252, -4.49979479,
       -4.62984551, -4.91855253, -4.64186777, -5.03856319, -4.36203353,
       -4.0144998 , -4.29488359, -4.72582339, -4.57733119, -4.71373644,
       -4.75831912, -4.85975614, -4.79030184, -5.02224577, -4.97194179,
       -5.24155971, -4.01429337, -4.44833675, -4.33172059, -4.90232078,
       -4.61619707, -4.97437426, -4.82934994, -5.04120897, -5.29134991,
       -4.57369562, -4.62306326, -4.61286854, -4.48046069, -4.39138012,
       -5.17743939, -5.55451765, -4.71521412, -5.15500999, -5.05233791,
       -4.32945881, -4.48166789, -4.82459207, -4.61075061, -5.06286552,
       -5.14409628, -4.64760968, -4.63520022, -4.81880042, -4.85594392,
       -5.2880682 , -5.27007775, -4.82969997, -5.02589822, -4.85657246,
       -5.06597455, -4.96756153, -4.60692384, -4.78111348, -4.48049829,
       -5.19004547, -4.90098127, -4.42015789, -4.95934217, -4.45458416,
       -4.7323347 , -5.20694107, -5.17437281, -4.52682717, -4.6596537 ,
       -4.61114069, -4.79211679, -4.87463294, -5.05452307, -4.84198589,
       -4.98071413, -5.38594932, -4.12424673, -4.35763014, -5.01190952,
       -4.66920257, -4.66676455, -4.52774984, -5.0811276 , -4.64081514,
       -4.24340361, -4.04456433, -5.34834508, -4.98094828, -5.03744844,
       -4.51759424, -4.61126281, -5.05218305, -4.55944407, -4.78666446,
       -4.69358102, -4.94993275, -5.00450977, -4.94170865, -4.97823834,
       -4.8388678 , -4.73629187, -4.07291149, -4.93460491, -4.43329609,
       -4.46747061, -5.41551767, -4.82944836, -5.66823488, -4.63176628,
       -4.24622392, -4.5517572 , -4.57097665, -4.71546879, -5.05423669,
       -5.1535632 , -4.87545432, -4.79991635, -4.6392707 , -4.1267878 ,
       -4.49355338, -4.5008228 , -4.97810037, -4.32510226, -5.0090316 ,
       -5.35728643, -5.16193784, -4.50409939, -4.80301326, -4.82141844,
       -4.80047602, -3.94260469, -4.79729349, -4.60100828, -4.57517268,
       -4.35053916, -4.95044882, -4.90573309, -4.88833241, -5.46428392,
       -4.92131145, -4.54052198, -4.35854702, -4.40147936, -4.54291869,
       -5.42401913, -4.96257028, -4.83725993, -5.02617139, -5.20564595,
       -4.70900348, -4.24897296, -5.26364742, -4.85334744, -4.77596171,
       -4.71133671, -4.67852334, -5.1119944 , -4.58287311, -4.67248851,
       -5.10131544, -5.42116566, -4.39718384, -4.33393205, -5.15445828,
       -5.53280204, -4.74173597, -5.18044876, -4.98056435, -5.11078614,
       -4.80233023, -4.37619874, -4.81148855, -5.45902726, -4.84162287,
       -4.82796267, -4.12517136, -4.97911081, -4.70652232]), 'sigma': array([0.0088527 , 0.0098104 , 0.01028798, 0.01015731, 0.01909962,
       0.00776407, 0.00823944, 0.01254616, 0.00989925, 0.01058896,
       0.00806512, 0.00660729, 0.00849624, 0.0087028 , 0.00553862,
       0.00683632, 0.00601124, 0.01200302, 0.00380448, 0.00976305,
       0.0061598 , 0.01379444, 0.0097535 , 0.0054736 , 0.01024211,
       0.00948777, 0.01416638, 0.00956723, 0.00732305, 0.01421685,
       0.00591015, 0.00842614, 0.00847086, 0.00845646, 0.01349541,
       0.00459265, 0.01134113, 0.01109017, 0.00746359, 0.00549095,
       0.00646868, 0.0066055 , 0.00503266, 0.00610225, 0.0085991 ,
       0.00495582, 0.00642741, 0.00676208, 0.0137913 , 0.00782508,
       0.00571636, 0.00746125, 0.00790676, 0.01120057, 0.00765422,
       0.00823643, 0.00996612, 0.00666759, 0.01051632, 0.01479348,
       0.01002857, 0.01243555, 0.00691609, 0.01138259, 0.00522176,
       0.0088334 , 0.00659287, 0.00998427, 0.01029539, 0.00681997,
       0.00966605, 0.01414589, 0.0060786 , 0.01619899, 0.00910781,
       0.00490754, 0.00963175, 0.01174124, 0.0088834 , 0.00591805,
       0.005678  , 0.00514822, 0.00830911, 0.01028585, 0.00396739,
       0.00731773, 0.02062735, 0.00745549, 0.01058748, 0.00620307,
       0.01260499, 0.00559025, 0.00645044, 0.01151342, 0.00599575,
       0.01013044, 0.00702071, 0.00976252, 0.01080431, 0.00464587,
       0.00450815, 0.00740423, 0.00819469, 0.00796654, 0.00979438,
       0.01423149, 0.00837469, 0.00872885, 0.00776654, 0.01252746,
       0.00824836, 0.00863013, 0.00696997, 0.01136228, 0.00806057,
       0.00752427, 0.00743009, 0.00867752, 0.0088399 , 0.02090477,
       0.00868233, 0.00944434, 0.00960555, 0.00792028, 0.00816855,
       0.00693562, 0.00845576, 0.01011116, 0.00993317, 0.01252819,
       0.01099072, 0.01313256, 0.00517848, 0.01037085, 0.00640618,
       0.00761199, 0.00636367, 0.00577974, 0.01075307, 0.01188285,
       0.00609152, 0.00790918, 0.00525188, 0.00469206, 0.00558688,
       0.01256527, 0.0081791 , 0.01097858, 0.00736945, 0.00666934,
       0.01083666, 0.01534869, 0.01154616, 0.00935605, 0.0055513 ,
       0.00611282, 0.00855412, 0.00676503, 0.00611302, 0.01094631,
       0.00499966, 0.00649809, 0.00956609, 0.01130132, 0.01147741,
       0.01225335, 0.01627141, 0.00755658, 0.0085299 , 0.00581082,
       0.01008182, 0.00612958, 0.00877285, 0.01614581, 0.01657301,
       0.00413076, 0.01028287, 0.01132339, 0.006965  , 0.00560094,
       0.00939395, 0.00959531, 0.00591504, 0.01572007, 0.00959023,
       0.01354024, 0.00831161, 0.00595537, 0.00761636, 0.00751112,
       0.01005445, 0.00733483, 0.00706962, 0.00663089, 0.00855077,
       0.00765082, 0.00719112, 0.00592666, 0.00748062, 0.00792143,
       0.01847243, 0.00916224, 0.00526431, 0.013829  , 0.00961339,
       0.00591186, 0.0083987 , 0.01061904, 0.00726091, 0.01277045,
       0.00795783, 0.00896056, 0.00450463, 0.00737005, 0.01261448,
       0.00555238, 0.00891257, 0.00896116, 0.00443526, 0.00722071,
       0.01178041, 0.00859687, 0.01157725, 0.00839411, 0.01092248,
       0.00666989, 0.00833424, 0.01442665, 0.00884751, 0.00788707,
       0.00800099, 0.00973881, 0.01075278, 0.00607044, 0.01827165,
       0.01235771, 0.00881441, 0.00515755, 0.00767542, 0.00930359,
       0.0106501 , 0.0072027 , 0.00708411, 0.00795336, 0.01145281,
       0.00640594, 0.00552663, 0.01199542, 0.00654696, 0.00554188,
       0.00764421, 0.0077778 , 0.0096225 , 0.0075058 , 0.00880748,
       0.01114281, 0.00834869, 0.00678933, 0.01413478, 0.00737566,
       0.0108497 , 0.00857339, 0.01239258, 0.01987608, 0.00991696,
       0.01587994, 0.01022872, 0.00828387, 0.00664073, 0.01119083,
       0.00519739, 0.00365434, 0.00444201, 0.00979031, 0.01111128,
       0.00975627, 0.0073097 , 0.00963968, 0.00648306, 0.01275243,
       0.01805198, 0.01363816, 0.00886341, 0.0102823 , 0.00897119,
       0.00858002, 0.00775237, 0.00830995, 0.00658971, 0.00692968,
       0.005292  , 0.01805571, 0.01169801, 0.01314491, 0.00742932,
       0.00989034, 0.00691284, 0.00799171, 0.00646593, 0.00503496,
       0.01031975, 0.00982266, 0.00992331, 0.01132819, 0.01238363,
       0.00564244, 0.00386993, 0.00895795, 0.00577042, 0.00639437,
       0.01317468, 0.01131453, 0.00802983, 0.00994435, 0.0063274 ,
       0.00583374, 0.00958448, 0.00970416, 0.00807647, 0.00778198,
       0.00505151, 0.00514321, 0.00798892, 0.00656569, 0.00777709,
       0.00630776, 0.0069601 , 0.00998248, 0.00838666, 0.01132777,
       0.00557175, 0.00743928, 0.01203233, 0.00701754, 0.01162515,
       0.00880589, 0.00547841, 0.00565977, 0.01081494, 0.00946974,
       0.00994047, 0.00829488, 0.0076379 , 0.00638041, 0.00789137,
       0.00686916, 0.00458049, 0.01617567, 0.01280871, 0.00665818,
       0.00937975, 0.00940264, 0.01080496, 0.0062129 , 0.00964983,
       0.01435864, 0.01751733, 0.00475602, 0.00686755, 0.00649029,
       0.01091525, 0.00993926, 0.00639536, 0.01046788, 0.00834023,
       0.00915385, 0.00708389, 0.00670763, 0.00714238, 0.00688618,
       0.00791601, 0.00877111, 0.01702774, 0.0071933 , 0.01187528,
       0.01147631, 0.00444704, 0.00799093, 0.00345396, 0.00973754,
       0.0143182 , 0.01054865, 0.01034785, 0.00895567, 0.00638224,
       0.00577878, 0.00763163, 0.00823044, 0.00966474, 0.01613462,
       0.01118084, 0.01109986, 0.00688713, 0.0132322 , 0.00667737,
       0.00471368, 0.00573058, 0.01106355, 0.00820499, 0.00805535,
       0.00822583, 0.01939762, 0.00825205, 0.01004171, 0.01030452,
       0.01289986, 0.00708023, 0.00740401, 0.00753398, 0.00423537,
       0.00728956, 0.01066784, 0.01279697, 0.01225919, 0.0106423 ,
       0.00440939, 0.00699493, 0.00792875, 0.00656389, 0.00548551,
       0.00901376, 0.01427889, 0.00517639, 0.00780222, 0.00842997,
       0.00899275, 0.00929273, 0.00602406, 0.01022548, 0.00934898,
       0.00608873, 0.00442199, 0.01231196, 0.01311587, 0.00577361,
       0.00395489, 0.00872349, 0.00562548, 0.00687018, 0.00603134,
       0.00821059, 0.01257306, 0.00813574, 0.0042577 , 0.00789423,
       0.00800281, 0.01616073, 0.00688018, 0.00903615])}"
