,0
0,"{'lt_0 - slope_shared': array(1.30479409), 'lt_0 - slope_sigma_log__': array(-7.69412007), 'lt_0 - slope_z_offset': array([-2.68666905e-04, -2.39867626e-04, -1.92849502e-04, -3.02070875e-04,
       -1.95334546e-04, -3.37294614e-04, -2.13632783e-04, -2.98161413e-04,
       -2.21884921e-04, -1.91542654e-04, -1.53805621e-04, -3.99662725e-04,
       -9.50829549e-05, -7.63476721e-05, -1.19951997e-04, -1.58839913e-04,
       -3.49914259e-04, -2.99325728e-04, -2.23111180e-04, -1.74378770e-04,
       -1.34485565e-04, -1.76819852e-04, -3.02477925e-04, -1.23492810e-04,
       -2.40657548e-04, -1.84395166e-04, -2.54908786e-04, -4.48771561e-04,
       -3.31162461e-04, -2.63174564e-04, -4.17041403e-04, -2.36181482e-04,
       -3.98236604e-04, -3.57008493e-04, -2.42183994e-04, -1.35530480e-04,
       -2.71017576e-04, -2.76132603e-04, -1.35486733e-04, -1.67031537e-04,
       -4.57945043e-04, -3.34622435e-04, -4.96653811e-05, -2.12678414e-04,
       -2.57654903e-04, -1.36083156e-04, -5.41191649e-05, -4.25672377e-04,
       -1.43896467e-04, -3.95192276e-04, -5.01727497e-04, -1.31761287e-04,
       -1.64075702e-04, -2.26362625e-04, -1.97591630e-04, -3.18294866e-04,
       -2.03439802e-04, -3.32447903e-04, -2.36832669e-04, -2.70920320e-04,
       -2.33513561e-04, -2.60508431e-04, -1.23772425e-04, -2.46238648e-04,
       -4.62012547e-04, -2.75711889e-04, -4.75111943e-04, -1.32121955e-04,
       -2.59660476e-04, -1.69368143e-04, -1.52781016e-04, -2.00793887e-04,
       -5.05132570e-04, -1.56623608e-04, -3.23012331e-04, -1.62558277e-04,
       -2.90752026e-04, -2.67267125e-04, -4.28092919e-04, -4.74477704e-04,
       -1.02375972e-04, -6.23323400e-05, -1.86335728e-04, -2.24431986e-04,
       -1.06358266e-04, -1.37190059e-04, -1.55959570e-04, -3.86219605e-04,
       -1.38519185e-04, -1.42739799e-04, -2.27578408e-04, -7.06069488e-05,
       -5.93298805e-05, -2.85015275e-04, -1.07989335e-04, -2.85362678e-04,
       -1.38219903e-04, -5.04989776e-04, -2.42843508e-04, -4.79034308e-05,
       -2.09893717e-04, -3.69924581e-04, -1.96791643e-04, -2.18546024e-04,
       -2.42230698e-04, -2.32603877e-04, -1.44158926e-04, -2.00960976e-04,
       -1.13269071e-04, -2.65824709e-04, -2.64485259e-04, -1.35966136e-04,
       -3.23353442e-04, -1.30258882e-04, -2.21268795e-04, -3.80171973e-04,
       -2.27619188e-04, -3.23415752e-04, -9.13477523e-05, -1.44922908e-04,
       -1.68980791e-04, -9.50750612e-05, -1.55283332e-04, -9.74344715e-05,
       -8.89805105e-05, -2.16090061e-04, -5.97573222e-04, -2.62482866e-04,
       -4.59960201e-04, -2.92373039e-04, -3.59565459e-04, -2.56294084e-04,
       -5.23352939e-05, -2.46565796e-04, -8.65970981e-05, -1.19243304e-04,
       -2.23534679e-04, -1.25577672e-04, -2.48775188e-04, -1.62979595e-04,
       -2.27945938e-04, -8.90634094e-05, -3.03035823e-04, -9.04658112e-05,
       -7.66042687e-05, -3.24669488e-04, -1.12740496e-04, -1.06490460e-04,
       -3.61020040e-05, -1.47117670e-04, -3.94314077e-04, -2.19489997e-04,
       -2.59509326e-04, -1.46083012e-04, -7.23123052e-05, -2.06727811e-04,
       -2.68441205e-04, -1.15506900e-04, -1.92834906e-04, -1.91168326e-04,
       -4.50882062e-04, -1.58108272e-04, -2.08332118e-04, -1.31784496e-04,
       -3.75351605e-04, -3.41597194e-04, -1.85534628e-04, -2.03203103e-04,
       -3.37519542e-04, -1.46982326e-04, -2.82107473e-04, -1.38144606e-04,
       -3.40359180e-04, -2.43142720e-04, -2.32849145e-04, -1.11603605e-04,
       -3.09285595e-04, -1.13156331e-04, -3.73586462e-04, -8.53130544e-05,
       -2.85430925e-04, -7.31931282e-05, -4.19550489e-04, -2.25301814e-04,
       -1.31181430e-04, -2.42050826e-04, -3.29186507e-04, -2.05660134e-04,
       -1.26631370e-04, -2.68660670e-04, -3.01731588e-04, -1.33994148e-04,
       -2.50695414e-04, -3.25109682e-04, -8.67375331e-05, -1.16479343e-04,
       -1.96670918e-04, -1.33422879e-04, -1.86138328e-04, -2.03098038e-04,
       -2.22964923e-04, -1.51570419e-04, -1.73348202e-04, -2.81762081e-04,
       -4.03402467e-04, -6.35881954e-04, -3.38110067e-04, -1.57023754e-04,
       -2.25342353e-04, -2.56803446e-04, -2.46606993e-04, -2.77111145e-04,
       -1.20633202e-04, -1.37466924e-04, -2.56404934e-04, -1.32286217e-04,
       -3.51041414e-04, -2.68152373e-04, -1.07001535e-04, -7.36884917e-05,
       -1.14464886e-04, -1.31859361e-04, -3.53079332e-04, -3.03395614e-04,
       -1.18007918e-04, -3.76798641e-04, -3.32691318e-04, -1.20752769e-04,
       -1.12141677e-04, -1.77979204e-04, -1.10670758e-04, -9.72524751e-05,
       -3.66547439e-04, -1.43049595e-04, -2.67155922e-04, -1.84822729e-04,
       -4.62206193e-04, -1.38248508e-04, -3.41260327e-04, -3.09047740e-04,
       -2.88204697e-04, -1.57678427e-04, -2.28042949e-04, -3.31100008e-04,
       -1.61597366e-04, -5.23901390e-04, -6.35350638e-05, -2.77582234e-04,
       -2.77338084e-04, -5.42740534e-05, -2.81484897e-04, -1.03380450e-04,
       -2.69415903e-04, -3.51774104e-04, -3.02310107e-04, -1.39986629e-04,
       -1.75350494e-04, -1.92215131e-04, -1.58463611e-04, -2.15956899e-04,
       -4.20275952e-04, -2.97328412e-04, -2.75092977e-04, -1.75126637e-04,
       -3.58959479e-04, -1.63395109e-04, -3.46467680e-04, -2.96769529e-04,
       -8.93338545e-05, -1.13471015e-04, -1.92190821e-04, -1.23879815e-04,
       -1.14332693e-04, -3.57188565e-04, -9.86469967e-05, -2.92989653e-04,
       -5.97278285e-04, -2.02210351e-04, -4.75156787e-04, -1.82351739e-04,
       -2.35803573e-04, -1.84645697e-04, -3.19326082e-04, -2.19920775e-04,
       -4.85706892e-04, -4.59840036e-04, -7.12421978e-05, -5.86222980e-05,
        6.30525438e-05, -4.57053916e-04, -5.19317868e-05, -2.41349018e-04,
       -1.49786474e-04, -3.21807642e-04, -6.47792905e-04, -1.78521709e-04,
       -3.44363589e-04, -3.28423639e-04, -3.64754110e-04, -1.60078379e-04,
       -2.59314959e-04, -1.80567346e-04, -3.56507225e-04, -3.72562021e-04,
       -3.93565100e-04, -2.67867871e-05, -1.12727957e-04, -1.45496232e-04,
       -1.38370984e-04, -1.65295167e-04, -1.38677363e-04, -1.36797277e-04,
       -4.54225474e-04, -1.98497877e-04, -8.11013961e-05, -6.30927107e-05,
       -1.56166371e-04, -2.49026987e-04, -3.90998293e-04, -1.10050665e-04,
       -1.16633791e-04, -1.13609980e-04, -2.03996549e-04, -4.60583384e-04,
       -2.58642714e-04, -1.21228301e-04, -3.01894429e-04, -2.18126849e-04,
       -8.11296232e-05, -1.65467151e-04, -1.86744308e-04, -1.00140915e-04,
       -2.93156752e-04, -3.93707830e-04, -1.54584224e-04, -1.84476565e-04,
       -1.38159069e-04, -2.15159026e-04, -1.46078973e-04, -1.57872754e-04,
       -4.23505354e-04, -5.02319721e-04, -9.83378722e-05, -5.26531963e-04,
       -4.03244480e-04, -3.49348699e-04, -4.82551756e-04, -3.96321718e-04,
       -9.41946595e-05, -1.57863440e-04, -1.23074058e-04, -2.85510809e-04,
       -1.32208944e-04, -1.20490112e-04, -1.91817451e-04, -2.92134193e-04,
       -1.98368617e-04, -4.74715242e-04, -1.44046301e-04, -1.55705255e-04,
       -1.12167269e-04, -1.22092790e-04, -4.28498009e-04, -3.33816840e-04,
       -1.88741472e-04, -1.00294502e-04, -1.58132484e-04, -2.51946430e-04,
       -1.22404931e-04, -3.20217786e-04, -3.73014309e-04, -2.76153446e-04,
       -1.79019585e-04, -3.02928732e-04, -3.87967097e-04, -2.91620425e-04,
       -8.72843690e-05, -9.29214375e-05, -6.62151629e-05, -2.43984619e-04,
       -2.25285671e-04, -2.21958151e-04, -2.93095726e-04, -2.67308611e-04,
       -3.20788489e-04, -1.10477631e-04, -1.39111019e-04, -1.27278680e-04,
       -2.21472372e-04, -2.10050851e-04, -4.59014673e-05, -1.79517933e-04,
       -1.97480836e-04, -1.71013786e-04, -4.47700087e-04, -2.97037987e-05,
       -1.77514198e-04, -1.71784864e-04, -2.20759572e-04, -4.36308871e-04,
       -5.24955306e-04, -1.77038389e-04, -2.53107638e-04, -2.20392008e-04,
       -2.45939878e-04, -3.16183100e-04, -1.48043341e-04, -3.55746393e-04,
       -1.41782719e-04, -1.51930102e-04, -5.29117190e-04, -2.51690888e-04,
       -2.49404355e-04, -1.62991521e-04, -3.39654124e-04, -1.53303920e-04,
       -3.16278944e-04, -2.37117965e-04, -2.41048259e-04, -5.44661555e-04,
       -1.78060285e-04, -3.39902036e-04, -5.62637726e-05, -2.03774751e-04,
       -2.59387573e-04, -2.44910762e-04, -5.03853009e-04, -5.33646829e-05,
       -2.34636012e-04, -2.96213814e-04, -1.70407207e-04, -1.19630088e-04,
       -6.23944099e-04, -7.41718949e-05, -2.17323527e-04, -1.84760856e-04,
       -1.60362928e-04, -3.81624512e-04, -8.05346730e-05, -6.73258786e-05,
       -1.04832874e-04, -1.87023869e-04, -2.47796451e-04, -1.30435961e-04,
       -1.70966745e-04, -2.18424560e-04, -3.00562805e-04, -4.16649708e-04,
       -3.21561348e-04,  1.04350050e-01]), 'lt_0 - delta_shared': array([ -0.19744725,  -0.17004164,  -0.12491098,  -0.12832144,
        -0.01254494,  -0.47336982,   0.82911581,  -0.43880268,
         0.13806132,   0.38981278,   0.44978189,  -1.89045913,
        -1.38543677,  -1.8225731 ,   6.10033406,  -1.51481583,
        -5.9682053 ,   3.63224664,   1.88560879,   8.19754019,
       -11.68764696,   5.21717316,  -4.40080902,   3.16673236,
        -1.29699072]), 'lt_0 - delta_sigma_log__': array([-11.13390844, -11.0723294 , -11.0479201 , -10.9898661 ,
       -10.8357448 , -10.85785447, -10.76380006, -10.66501335,
       -10.54292278, -10.5418501 , -10.39459823, -10.24770937,
       -10.2475538 , -10.02997829,  -9.9315208 ,  -9.81919796,
        -9.6771353 ,  -9.51828187,  -9.39216406,  -9.27050147,
        -9.07028478,  -8.83831602,  -8.90793648,  -9.47262377,
       -10.122295  ]), 'lt_0 - delta_z_offset': array([[-3.66253709e-07, -3.66253709e-07, -3.66253709e-07, ...,
        -3.66253709e-07, -3.66253709e-07, -3.66253709e-07],
       [-3.66253709e-07, -3.66253709e-07, -3.66253709e-07, ...,
        -3.66253709e-07, -3.66253709e-07, -3.66253709e-07],
       [-3.66253709e-07, -3.66253709e-07, -3.66253709e-07, ...,
        -3.66253709e-07, -3.66253709e-07, -3.66253709e-07],
       ...,
       [-3.66253709e-07, -3.66253709e-07, -3.66253709e-07, ...,
        -3.66253709e-07, -3.66253709e-07, -3.66253709e-07],
       [-3.66253709e-07, -3.66253709e-07, -3.66253709e-07, ...,
        -3.66253709e-07, -3.66253709e-07, -3.66253709e-07],
       [ 3.29797698e-05,  2.21896337e-04,  2.97202457e-04, ...,
         2.49948538e-05, -3.46442595e-04, -1.60251806e-05]]), 'lt_0 - intercept': array([-0.38120866, -0.37783269, -0.37076976, -0.42859335, -0.35548739,
       -0.40433952, -0.35884295, -0.3802114 , -0.36651763, -0.3805368 ,
       -0.34129152, -0.45512756, -0.37922422, -0.3717072 , -0.43376374,
       -0.34250788, -0.40132837, -0.38591817, -0.38653041, -0.39628477,
       -0.41321656, -0.39353465, -0.41844212, -0.35589344, -0.37772928,
       -0.38469345, -0.36190157, -0.54326309, -0.39891912, -0.3669774 ,
       -0.43752022, -0.36357431, -0.43929873, -0.45282825, -0.36850871,
       -0.37135529, -0.39695183, -0.48087452, -0.35422889, -0.39305895,
       -0.47465962, -0.40222447, -0.37902654, -0.35423608, -0.39106149,
       -0.3900206 , -0.38847261, -0.43392431, -0.35016007, -0.42876815,
       -0.47450808, -0.35979244, -0.43434721, -0.35964186, -0.38936731,
       -0.40564302, -0.36082118, -0.41832977, -0.40169434, -0.46379141,
       -0.38168249, -0.37472145, -0.36390205, -0.35786702, -0.49623844,
       -0.37481308, -0.46425537, -0.35201046, -0.38005666, -0.42116518,
       -0.33939696, -0.35058651, -0.48111234, -0.33432323, -0.40216318,
       -0.37662607, -0.3948447 , -0.37243295, -0.49422815, -0.45399142,
       -0.37020886, -0.39155243, -0.35024617, -0.3590061 , -0.37545351,
       -0.33272052, -0.32845403, -0.43513967, -0.34934959, -0.34548335,
       -0.44320423, -0.42264854, -0.3817491 , -0.39441797, -0.40211532,
       -0.41031025, -0.41638672, -0.50330981, -0.35478838, -0.41041858,
       -0.38832732, -0.41238496, -0.36992624, -0.37687027, -0.36733168,
       -0.36585964, -0.33939134, -0.36697981, -0.34794803, -0.38662292,
       -0.43406366, -0.39227645, -0.39409649, -0.35030912, -0.36197659,
       -0.43331832, -0.36001885, -0.42542617, -0.3826943 , -0.34695552,
       -0.37777345, -0.45422894, -0.37607253, -0.36506929, -0.37101895,
       -0.35293211, -0.56164532, -0.38653241, -0.45079559, -0.39570057,
       -0.40833864, -0.37197243, -0.37312112, -0.37148461, -0.40871471,
       -0.35298742, -0.37663014, -0.40025604, -0.41903858, -0.34722363,
       -0.3530305 , -0.37682404, -0.38194022, -0.40643283, -0.38366289,
       -0.4779014 , -0.36865255, -0.38684273, -0.44675823, -0.34503169,
       -0.44957312, -0.34718405, -0.39115829, -0.41730587, -0.41858642,
       -0.66693532, -0.40873811, -0.39593008, -0.35226795, -0.35124698,
       -0.45628526, -0.39574777, -0.39177879, -0.32529392, -0.45346053,
       -0.41450077, -0.34203906, -0.35389802, -0.3965113 , -0.35241099,
       -0.39031493, -0.36471242, -0.41684341, -0.36830935, -0.36454164,
       -0.39224698, -0.4432567 , -0.42092028, -0.42125843, -0.39709263,
       -0.44336195, -0.3973674 , -0.43941708, -0.36176026, -0.37378251,
       -0.36100542, -0.45050491, -0.3751395 , -0.34609478, -0.41554722,
       -0.39035217, -0.359128  , -0.41183152, -0.42494162, -0.38520643,
       -0.37548327, -0.40436307, -0.35199127, -0.36610465, -0.36686489,
       -0.3668398 , -0.38389505, -0.35285785, -0.36350364, -0.44053799,
       -0.55822719, -0.40354761, -0.33907924, -0.37336829, -0.36719495,
       -0.38164568, -0.38058145, -0.43567777, -0.34455245, -0.36641735,
       -0.36855592, -0.41620216, -0.3893876 , -0.38125829, -0.39112355,
       -0.35865808, -0.34815644, -0.4225945 , -0.39576657, -0.34040541,
       -0.4226649 , -0.41781117, -0.35861166, -0.3487031 , -0.3396423 ,
       -0.34073967, -0.46441594, -0.47137289, -0.33676767, -0.36805958,
       -0.35009719, -0.43222458, -0.40024123, -0.42352883, -0.38730771,
       -0.37615104, -0.36328934, -0.39959211, -0.38097374, -0.32376042,
       -0.49739406, -0.38491066, -0.37419113, -0.38975325, -0.47433698,
       -0.39665591, -0.46536137, -0.38596491, -0.40582447, -0.39301482,
       -0.34013707, -0.36420109, -0.37172966, -0.34533358, -0.37523848,
       -0.44450299, -0.39850613, -0.3852508 , -0.32739183, -0.41233019,
       -0.39668396, -0.41858935, -0.40819023, -0.37153433, -0.40769753,
       -0.42154184, -0.35068664, -0.36453351, -0.39621285, -0.35277952,
       -0.4384003 , -0.49906914, -0.34217916, -0.47736819, -0.34965358,
       -0.36013525, -0.40722248, -0.41082985, -0.3673014 , -0.47440846,
       -0.45337059, -0.38783202, -0.37331719, -0.517962  , -0.46381317,
       -0.39823993, -0.37628184, -0.3326914 , -0.41437281, -0.50158941,
       -0.50744649, -0.44341917, -0.48075044, -0.42060428, -0.41736797,
       -0.39421714, -0.33649432, -0.45416678, -0.40845589, -0.40562864,
       -0.39578123, -0.43650507, -0.46653115, -0.36012244, -0.3615127 ,
       -0.36763609, -0.3678737 , -0.46449122, -0.3653408 , -0.39980405,
       -0.40457997, -0.32679844, -0.35447272, -0.45332154, -0.34479767,
       -0.37594254, -0.397733  , -0.36644367, -0.44768078, -0.37435602,
       -0.36537894, -0.38682974, -0.39607282, -0.37389858, -0.34890421,
       -0.36348767, -0.353505  , -0.35995885, -0.43861913, -0.32905429,
       -0.37632461, -0.43417091, -0.42130613, -0.40009384, -0.39739511,
       -0.51242312, -0.47913144, -0.36002352, -0.47533755, -0.4406691 ,
       -0.40232791, -0.46537943, -0.42227436, -0.36051351, -0.38283179,
       -0.38370668, -0.38817732, -0.35870342, -0.35652318, -0.37813164,
       -0.38372429, -0.34654177, -0.46928987, -0.3765483 , -0.37184143,
       -0.33804776, -0.3771289 , -0.42346838, -0.39208135, -0.35718458,
       -0.34300458, -0.35164247, -0.3983464 , -0.34479311, -0.40693618,
       -0.43870945, -0.41872582, -0.36861488, -0.39188491, -0.48287773,
       -0.38273017, -0.37547476, -0.37105484, -0.37286852, -0.35641692,
       -0.34739785, -0.36598547, -0.3967769 , -0.385665  , -0.40357915,
       -0.38915988, -0.4040359 , -0.36056016, -0.3616616 , -0.35821028,
       -0.42277125, -0.35064092, -0.35163857, -0.34020579, -0.4651374 ,
       -0.4439839 , -0.38280886, -0.37280931, -0.37818595, -0.43778314,
       -0.4556877 , -0.38397153, -0.40689364, -0.3512696 , -0.36410216,
       -0.36839415, -0.34727175, -0.4455599 , -0.3563791 , -0.3542695 ,
       -0.52021267, -0.37579249, -0.36710547, -0.38246083, -0.38745122,
       -0.3983409 , -0.39087252, -0.36489958, -0.40067139, -0.50148492,
       -0.35590224, -0.38637209, -0.38542282, -0.40743661, -0.37382107,
       -0.36781461, -0.48773719, -0.37612799, -0.37265667, -0.39309061,
       -0.41076224, -0.37296929, -0.62948813, -0.36338185, -0.3685212 ,
       -0.38399555, -0.37660738, -0.43074073, -0.51721459, -0.37813208,
       -0.36106452, -0.34826927, -0.39715459, -0.35772963, -0.38241231,
       -0.34570624, -0.45928532, -0.44857398, -0.38803893, -0.45671707]), 'fs_0 - beta_shared': array([-7.67836519e-05,  1.45419803e-03, -1.53430992e-04, -6.04432212e-05,
        2.92974484e-04,  3.62114978e-04]), 'fs_0 - beta_sigma(p=7,n=3)_log__': array([-12.91905822, -12.96370191, -12.94274615, -12.94384263,
       -12.98828675, -12.91353445]), 'fs_0 - beta_z_offset(p=7,n=3)': array([[ 4.96740449e-06,  1.66687245e-06,  2.09322893e-06,
         4.26825124e-06,  1.10784754e-08,  3.63778702e-06],
       [ 1.25827737e-06,  6.85812547e-06, -1.74542243e-06,
         6.44350388e-06, -1.56095572e-06,  3.36920732e-06],
       [-1.78157383e-05,  3.86179948e-07, -4.73111931e-06,
        -6.98485264e-06,  1.75168746e-06, -9.34890152e-07],
       ...,
       [ 1.35843575e-05,  7.77343744e-07,  6.91916153e-06,
         4.91197986e-06,  1.80015298e-06,  6.14748581e-06],
       [ 5.76094603e-06,  3.65333824e-07,  4.07980110e-06,
         2.11756953e-06,  1.70918602e-06,  4.44399817e-06],
       [ 1.58077588e-05, -1.66374418e-04,  1.67391326e-05,
         3.63674928e-06, -3.41821069e-05, -5.15822674e-05]]), 'fs_1 - beta_shared': array([ 0.00345475, -0.0033988 , -0.01294415,  0.00717887, -0.01483638,
        0.00490927, -0.01058219,  0.00337706, -0.00828873,  0.00509583,
       -0.00088751,  0.00685798,  0.00104677,  0.00425585,  0.00173276,
       -0.00145823, -0.00266655, -0.000827  , -0.01138754,  0.00705416]), 'fs_1 - beta_sigma(p=365.25,n=10)_log__': array([-12.88654179, -12.84039801, -12.93571291, -12.92339596,
       -12.88204746, -12.94167111, -12.9141016 , -12.89140084,
       -12.90388654, -12.98345675, -12.86192993, -12.8587032 ,
       -12.95619664, -12.92524182, -12.93618771, -12.92490982,
       -12.93403486, -12.88727153, -12.95020815, -12.94641403]), 'fs_1 - beta_z_offset(p=365.25,n=10)': array([[-5.38587790e-05,  1.99740370e-05, -6.55744320e-05, ...,
         1.75135573e-05, -5.12941158e-06,  1.05262229e-05],
       [-2.57338672e-05,  2.85575917e-06, -4.07357930e-05, ...,
        -5.53327103e-05,  1.09847070e-06, -6.25736683e-05],
       [ 3.03408377e-05, -1.75352974e-06,  5.24538993e-05, ...,
        -2.97758242e-05, -1.12742969e-05, -9.93762486e-06],
       ...,
       [-1.80506759e-04,  4.47797119e-05, -2.51419543e-04, ...,
         4.04484355e-05, -2.99203399e-05,  4.37046525e-05],
       [-1.03825202e-04,  5.39937939e-05, -1.06297236e-04, ...,
         4.22952611e-05,  3.28496893e-05, -1.18037052e-07],
       [ 8.07480805e-04,  5.93257792e-04,  1.40382865e-03, ...,
         1.41517560e-04,  1.64643255e-03, -9.64829115e-04]]), 'sigma_log__': array(-2.86613329), 'lt_0 - slope_sigma': array(0.0004555), 'lt_0 - delta_sigma': array([1.46084791e-05, 1.55363301e-05, 1.59202273e-05, 1.68718147e-05,
       1.96832056e-05, 1.92527921e-05, 2.11514931e-05, 2.33476704e-05,
       2.63795154e-05, 2.64078274e-05, 3.05973171e-05, 3.54385848e-05,
       3.54440983e-05, 4.40591157e-05, 4.86178018e-05, 5.43971955e-05,
       6.27008661e-05, 7.34958316e-05, 8.33748328e-05, 9.41612825e-05,
       1.15033774e-04, 1.45066830e-04, 1.35310762e-04, 7.69292976e-05,
       4.01738208e-05]), 'fs_0 - beta_sigma(p=7,n=3)': array([2.45089274e-06, 2.34388228e-06, 2.39351838e-06, 2.39089537e-06,
       2.28696087e-06, 2.46446837e-06]), 'fs_1 - beta_sigma(p=365.25,n=10)': array([2.53189686e-06, 2.65146560e-06, 2.41041190e-06, 2.44028442e-06,
       2.54330164e-06, 2.39609289e-06, 2.46307104e-06, 2.51962407e-06,
       2.48836038e-06, 2.29803361e-06, 2.59498472e-06, 2.60337157e-06,
       2.36153992e-06, 2.43578416e-06, 2.40926772e-06, 2.43659296e-06,
       2.41446010e-06, 2.53004990e-06, 2.37572442e-06, 2.38475533e-06]), 'sigma': array(0.05691859), 'lt_0 - slope': array([1.30479397, 1.30479398, 1.304794  , 1.30479395, 1.304794  ,
       1.30479394, 1.30479399, 1.30479396, 1.30479399, 1.304794  ,
       1.30479402, 1.30479391, 1.30479405, 1.30479406, 1.30479404,
       1.30479402, 1.30479393, 1.30479396, 1.30479399, 1.30479401,
       1.30479403, 1.30479401, 1.30479395, 1.30479404, 1.30479398,
       1.30479401, 1.30479398, 1.30479389, 1.30479394, 1.30479397,
       1.3047939 , 1.30479398, 1.30479391, 1.30479393, 1.30479398,
       1.30479403, 1.30479397, 1.30479397, 1.30479403, 1.30479402,
       1.30479388, 1.30479394, 1.30479407, 1.304794  , 1.30479397,
       1.30479403, 1.30479407, 1.3047939 , 1.30479403, 1.30479391,
       1.30479386, 1.30479403, 1.30479402, 1.30479399, 1.304794  ,
       1.30479395, 1.304794  , 1.30479394, 1.30479398, 1.30479397,
       1.30479399, 1.30479397, 1.30479404, 1.30479398, 1.30479388,
       1.30479397, 1.30479388, 1.30479403, 1.30479397, 1.30479401,
       1.30479402, 1.304794  , 1.30479386, 1.30479402, 1.30479394,
       1.30479402, 1.30479396, 1.30479397, 1.3047939 , 1.30479388,
       1.30479405, 1.30479406, 1.30479401, 1.30479399, 1.30479404,
       1.30479403, 1.30479402, 1.30479392, 1.30479403, 1.30479403,
       1.30479399, 1.30479406, 1.30479407, 1.30479396, 1.30479404,
       1.30479396, 1.30479403, 1.30479386, 1.30479398, 1.30479407,
       1.304794  , 1.30479392, 1.304794  , 1.30479399, 1.30479398,
       1.30479399, 1.30479403, 1.304794  , 1.30479404, 1.30479397,
       1.30479397, 1.30479403, 1.30479394, 1.30479403, 1.30479399,
       1.30479392, 1.30479399, 1.30479394, 1.30479405, 1.30479403,
       1.30479402, 1.30479405, 1.30479402, 1.30479405, 1.30479405,
       1.30479399, 1.30479382, 1.30479397, 1.30479388, 1.30479396,
       1.30479393, 1.30479398, 1.30479407, 1.30479398, 1.30479405,
       1.30479404, 1.30479399, 1.30479403, 1.30479398, 1.30479402,
       1.30479399, 1.30479405, 1.30479395, 1.30479405, 1.30479406,
       1.30479394, 1.30479404, 1.30479404, 1.30479408, 1.30479403,
       1.30479391, 1.30479399, 1.30479397, 1.30479403, 1.30479406,
       1.304794  , 1.30479397, 1.30479404, 1.304794  , 1.30479401,
       1.30479389, 1.30479402, 1.304794  , 1.30479403, 1.30479392,
       1.30479394, 1.30479401, 1.304794  , 1.30479394, 1.30479403,
       1.30479396, 1.30479403, 1.30479394, 1.30479398, 1.30479399,
       1.30479404, 1.30479395, 1.30479404, 1.30479392, 1.30479405,
       1.30479396, 1.30479406, 1.3047939 , 1.30479399, 1.30479403,
       1.30479398, 1.30479394, 1.304794  , 1.30479403, 1.30479397,
       1.30479395, 1.30479403, 1.30479398, 1.30479394, 1.30479405,
       1.30479404, 1.304794  , 1.30479403, 1.30479401, 1.304794  ,
       1.30479399, 1.30479402, 1.30479401, 1.30479396, 1.30479391,
       1.3047938 , 1.30479394, 1.30479402, 1.30479399, 1.30479398,
       1.30479398, 1.30479397, 1.30479404, 1.30479403, 1.30479398,
       1.30479403, 1.30479393, 1.30479397, 1.30479404, 1.30479406,
       1.30479404, 1.30479403, 1.30479393, 1.30479395, 1.30479404,
       1.30479392, 1.30479394, 1.30479404, 1.30479404, 1.30479401,
       1.30479404, 1.30479405, 1.30479393, 1.30479403, 1.30479397,
       1.30479401, 1.30479388, 1.30479403, 1.30479394, 1.30479395,
       1.30479396, 1.30479402, 1.30479399, 1.30479394, 1.30479402,
       1.30479385, 1.30479406, 1.30479397, 1.30479397, 1.30479407,
       1.30479396, 1.30479404, 1.30479397, 1.30479393, 1.30479395,
       1.30479403, 1.30479401, 1.304794  , 1.30479402, 1.30479399,
       1.3047939 , 1.30479396, 1.30479397, 1.30479401, 1.30479393,
       1.30479402, 1.30479393, 1.30479396, 1.30479405, 1.30479404,
       1.304794  , 1.30479404, 1.30479404, 1.30479393, 1.30479405,
       1.30479396, 1.30479382, 1.304794  , 1.30479388, 1.30479401,
       1.30479398, 1.30479401, 1.30479395, 1.30479399, 1.30479387,
       1.30479388, 1.30479406, 1.30479407, 1.30479412, 1.30479388,
       1.30479407, 1.30479398, 1.30479402, 1.30479395, 1.3047938 ,
       1.30479401, 1.30479394, 1.30479394, 1.30479393, 1.30479402,
       1.30479397, 1.30479401, 1.30479393, 1.30479392, 1.30479391,
       1.30479408, 1.30479404, 1.30479403, 1.30479403, 1.30479402,
       1.30479403, 1.30479403, 1.30479389, 1.304794  , 1.30479406,
       1.30479406, 1.30479402, 1.30479398, 1.30479391, 1.30479404,
       1.30479404, 1.30479404, 1.304794  , 1.30479388, 1.30479397,
       1.30479404, 1.30479395, 1.30479399, 1.30479406, 1.30479402,
       1.30479401, 1.30479405, 1.30479396, 1.30479391, 1.30479402,
       1.30479401, 1.30479403, 1.30479399, 1.30479403, 1.30479402,
       1.3047939 , 1.30479386, 1.30479405, 1.30479385, 1.30479391,
       1.30479393, 1.30479387, 1.30479391, 1.30479405, 1.30479402,
       1.30479404, 1.30479396, 1.30479403, 1.30479404, 1.304794  ,
       1.30479396, 1.304794  , 1.30479388, 1.30479403, 1.30479402,
       1.30479404, 1.30479404, 1.3047939 , 1.30479394, 1.30479401,
       1.30479405, 1.30479402, 1.30479398, 1.30479404, 1.30479395,
       1.30479392, 1.30479397, 1.30479401, 1.30479395, 1.30479392,
       1.30479396, 1.30479405, 1.30479405, 1.30479406, 1.30479398,
       1.30479399, 1.30479399, 1.30479396, 1.30479397, 1.30479395,
       1.30479404, 1.30479403, 1.30479403, 1.30479399, 1.304794  ,
       1.30479407, 1.30479401, 1.304794  , 1.30479401, 1.30479389,
       1.30479408, 1.30479401, 1.30479401, 1.30479399, 1.30479389,
       1.30479385, 1.30479401, 1.30479398, 1.30479399, 1.30479398,
       1.30479395, 1.30479402, 1.30479393, 1.30479403, 1.30479402,
       1.30479385, 1.30479398, 1.30479398, 1.30479402, 1.30479394,
       1.30479402, 1.30479395, 1.30479398, 1.30479398, 1.30479384,
       1.30479401, 1.30479394, 1.30479407, 1.304794  , 1.30479397,
       1.30479398, 1.30479386, 1.30479407, 1.30479399, 1.30479396,
       1.30479401, 1.30479404, 1.30479381, 1.30479406, 1.30479399,
       1.30479401, 1.30479402, 1.30479392, 1.30479406, 1.30479406,
       1.30479404, 1.30479401, 1.30479398, 1.30479403, 1.30479401,
       1.30479399, 1.30479396, 1.3047939 , 1.30479395, 1.30484162]), 'lt_0 - delta': array([[-0.19744725, -0.17004164, -0.12491098, ..., -4.40080902,
         3.16673236, -1.29699072],
       [-0.19744725, -0.17004164, -0.12491098, ..., -4.40080902,
         3.16673236, -1.29699072],
       [-0.19744725, -0.17004164, -0.12491098, ..., -4.40080902,
         3.16673236, -1.29699072],
       ...,
       [-0.19744725, -0.17004164, -0.12491098, ..., -4.40080902,
         3.16673236, -1.29699072],
       [-0.19744725, -0.17004164, -0.12491098, ..., -4.40080902,
         3.16673236, -1.29699072],
       [-0.19744725, -0.17004164, -0.12491097, ..., -4.40080901,
         3.16673233, -1.29699072]]), 'fs_0 - beta(p=7,n=3)': array([[-7.67836398e-05,  1.45419803e-03, -1.53430987e-04,
        -6.04432109e-05,  2.92974484e-04,  3.62114987e-04],
       [-7.67836489e-05,  1.45419804e-03, -1.53430997e-04,
        -6.04432057e-05,  2.92974481e-04,  3.62114986e-04],
       [-7.67836956e-05,  1.45419803e-03, -1.53431004e-04,
        -6.04432379e-05,  2.92974488e-04,  3.62114976e-04],
       ...,
       [-7.67836186e-05,  1.45419803e-03, -1.53430976e-04,
        -6.04432094e-05,  2.92974488e-04,  3.62114993e-04],
       [-7.67836378e-05,  1.45419803e-03, -1.53430983e-04,
        -6.04432161e-05,  2.92974488e-04,  3.62114989e-04],
       [-7.67836132e-05,  1.45419764e-03, -1.53430952e-04,
        -6.04432125e-05,  2.92974406e-04,  3.62114851e-04]]), 'fs_1 - beta(p=365.25,n=10)': array([[ 0.00345475, -0.0033988 , -0.01294415, ..., -0.000827  ,
        -0.01138754,  0.00705416],
       [ 0.00345475, -0.0033988 , -0.01294415, ..., -0.000827  ,
        -0.01138754,  0.00705416],
       [ 0.00345475, -0.0033988 , -0.01294415, ..., -0.000827  ,
        -0.01138754,  0.00705416],
       ...,
       [ 0.00345475, -0.0033988 , -0.01294415, ..., -0.000827  ,
        -0.01138754,  0.00705416],
       [ 0.00345475, -0.0033988 , -0.01294415, ..., -0.000827  ,
        -0.01138754,  0.00705416],
       [ 0.00345475, -0.0033988 , -0.01294415, ..., -0.000827  ,
        -0.01138754,  0.00705415]])}"
