,0
0,"{'priors': array([-4.22485893e+01,  1.69990108e-01,  2.84294682e-01,  4.52121753e-01,
       -3.07091474e-02, -1.80045212e-01, -4.28978446e-01,  2.26436454e-02,
       -2.08972451e-01,  3.36423879e-02, -3.93861105e-01,  5.75948132e-02,
       -1.30037709e-01,  1.59902295e-01, -4.80532847e-02,  2.11505252e-01,
        2.03821083e-01, -4.37536195e-01,  2.01672174e-01,  1.51230354e-02,
        4.81848058e-02, -4.91394245e-01, -1.44813173e-01,  8.83652310e-02,
        7.11189363e-02, -1.78726990e-01,  2.53403933e-01, -2.04456361e+00,
       -6.54936860e-01, -6.89024211e-01, -1.92743316e+00, -1.85334681e+00,
       -5.74790774e-01, -2.25373978e+00,  1.12179303e-01,  2.24797573e+00,
       -1.30011118e+00, -6.84390267e-01,  2.25688781e+00,  1.76151940e-01,
       -1.36563308e+00,  2.37318874e-01,  8.19245298e-01, -1.01558289e+00,
       -5.03288359e-03, -6.72396329e-02, -1.26298000e+00, -2.41359641e-02,
       -3.56045811e-01, -1.02520776e+00,  1.36142753e-01,  7.47575870e-02,
       -2.46161523e+00,  0.00000000e+00]), 'lt_0 - slope_sigma_log__': array(2.20802597), 'lt_0 - slope_z_offset': array([ 4.40176333e-02,  5.77390687e-01,  2.96661181e-02,  3.10692897e-01,
        1.76168429e-01,  4.49472397e-01, -3.57882680e-01, -3.78619964e-02,
        3.50335318e-01, -7.31124914e-02, -1.18034500e-01,  3.03589385e-01,
       -2.39104226e-01, -1.98403422e-01,  1.10321587e-01,  2.81695396e-02,
        1.58520171e-01, -1.31754999e-01, -2.12382026e-02, -3.21767475e-01,
       -7.44657141e-02,  5.28647953e-01,  1.43848300e-01, -1.04256101e-01,
        6.57844910e-02,  5.58534201e-01, -1.46039630e-01,  1.48912738e+00,
       -6.26302683e-02,  3.47439390e-01, -1.66838891e-01,  7.59582516e-02,
        8.98234045e-02,  1.23146868e-01,  1.95207215e-01, -1.13355758e-01,
        3.58417726e-01, -5.13754301e-01,  1.32369456e-01, -1.17470751e-02,
       -1.43576572e-01,  3.57893660e-01, -2.12358093e-01, -4.84109363e-02,
        2.36079866e-01, -5.02438278e-02, -2.59254987e-01, -2.55731239e-02,
       -7.92135197e-02, -4.02885965e-02,  2.81120387e-01,  1.62823486e-01,
        4.83378553e-01, -3.99499597e-02,  1.30224294e-01,  7.57696066e-01,
        3.07029652e-02, -1.96557466e-01,  1.51972002e-01,  1.71283198e-01,
        1.02684606e-01, -9.24314697e-01,  1.25155020e-01,  3.01083296e-02,
       -3.86353325e-02,  2.87692843e-01,  1.07937211e-01, -2.37375895e-01,
        5.31229839e-02,  3.04578674e-01, -1.90489737e-01,  1.14772432e-01,
       -1.12258115e-01, -1.98344765e-01, -2.17868647e-01, -1.28680059e-01,
        1.40924596e-01, -4.40068203e-01, -8.24408259e-01,  2.06767678e-01,
       -1.99127773e-01, -4.75645276e-01,  3.22302763e-01, -1.24790567e-01,
        1.71012581e-01, -2.87554465e-03, -2.21310644e-01,  9.99853283e-02,
        6.58354788e-02,  2.46041545e-01, -2.65880515e-01,  2.64106686e-01,
       -2.28025996e-01, -7.80246594e-02, -2.55238375e-01, -9.22419428e-02,
        2.55139723e-01, -4.40953238e-01,  1.61415039e-01, -3.24570528e-01,
        3.52162680e-02, -3.25216494e-01,  1.91773747e-01,  1.37802394e-01,
        5.55405836e-01, -3.74944468e-01, -1.80563761e-01, -2.05252421e-01,
       -9.55955116e-02, -4.78741351e-01, -5.03055609e-02, -3.15205757e-01,
        9.77485256e-02, -4.14825352e-01,  2.01305772e-01, -1.23573145e-02,
        1.72922923e+00, -2.86581126e-01, -2.53879271e-01, -1.52524630e-01,
        7.30840824e-02,  5.40601147e-01, -5.41296685e-01, -1.57232537e-01,
       -1.45289428e-01, -7.37261747e-01,  4.67218659e-01, -5.76257041e-01,
        8.08913479e-01,  7.15631824e-02,  9.74578419e-01, -6.50705856e-02,
       -1.91169937e-01,  6.03725719e-02, -1.66294959e-01, -2.12365886e-01,
       -5.45247845e-01, -3.24284423e-02,  1.95380657e-01, -2.88170943e-01,
       -1.68991892e-01, -2.97931727e-01,  5.05393312e-02,  2.64098268e-01,
       -1.15363613e-01,  1.25286560e+00, -3.76344661e-01,  4.39190442e-01,
       -1.61496358e-01, -6.60600117e-04,  9.81897263e-02, -6.19499122e-01,
       -3.85144969e-01,  2.68776102e-02, -3.47961741e-01,  1.05962302e-01,
       -3.37943567e-02, -2.91086055e-01,  1.46066149e-01,  1.61401605e-01,
        1.41501783e-01, -2.62473277e-01, -2.40185396e-01, -1.05131712e-01,
       -1.57580449e-01, -3.26894080e-02,  1.99565130e-01, -6.00450633e-02,
       -4.63181820e-01,  1.90434202e-01, -2.51887254e-02,  2.87497830e-01,
        1.77309736e-01,  2.22882033e-01,  2.81414142e-01,  4.14461323e-02,
       -1.60440452e-01,  8.29934867e-01,  2.34757161e-01, -1.07334791e-01,
       -1.84098845e-01, -4.27164419e-01, -1.83246445e-01, -1.14840596e-01,
       -3.84643633e-01,  5.44182576e-02, -4.17772528e-01, -6.18214595e-01,
       -1.05527114e-02,  2.08336313e-01,  3.68296682e-01, -1.69302650e-01,
        4.98533619e-01,  2.55489030e-01,  1.65138738e-01, -5.12233493e-01,
        4.45325197e-01,  4.07473517e-01, -3.84376663e-01,  1.05486116e-01,
        1.50745803e-01,  7.03523417e-01,  2.58165805e-01,  1.46956986e-01,
        6.36383550e-01, -1.14120456e-01,  2.69245423e-01, -1.95257391e-02,
        3.23768103e-01, -3.53195839e-01, -1.22152795e-01,  5.00917075e-01,
       -1.70236643e-01,  1.17213219e-01, -5.48879593e-01,  3.56637223e-01,
        1.54558235e-01,  6.31540112e-02, -1.39071469e-01,  1.32553171e-02,
       -1.65845499e-02, -8.50811599e-03, -1.57399036e-01,  3.94458155e-02,
        1.34363291e-01, -7.36197371e-02, -3.14869045e-01, -1.91598815e-02,
       -4.73014717e-02, -3.23500360e-01, -3.19960894e-01,  5.91120292e-01,
        5.75175458e-01, -3.49154564e-01, -6.58835985e-01, -5.26679201e-02,
        1.49798321e-01,  5.11412259e-03, -1.32050001e-01,  1.34470753e-01,
        2.84634701e-01,  1.33395786e-01,  2.13385265e-01,  1.21097043e-01,
        4.59303667e-02,  2.05914061e-01, -1.67577724e-01, -1.66406305e-01,
        3.05066471e-01,  1.15666978e-01, -7.01432799e-01,  3.91155291e-01,
       -2.45251034e-01,  3.33604566e-01, -9.43462729e-02, -3.61579697e-01,
        1.98155647e-01,  4.49049163e-01, -3.85269860e-01,  5.29314124e-01,
       -1.50913384e-02,  1.71456333e-01, -3.24081903e-01, -4.29892372e-02,
       -2.90688286e-01,  1.54010941e-01, -1.69820305e-01,  1.97558380e-01,
       -1.36795317e-01,  4.90565150e-01,  9.97372852e-03, -1.30196264e-01,
        6.80686385e-02, -9.25777461e-02, -1.76038794e-01,  3.20391985e-02,
        5.41549230e-01,  2.51242150e-01,  5.39997849e-01,  4.51885699e-01,
        4.09405115e-01,  3.23698830e-01, -2.12858635e-01,  1.83433623e-01,
        7.02834863e-01, -7.99704561e-01,  2.32150662e-01, -1.72252683e-01,
        5.49240376e-01, -2.14125641e-01, -2.40997689e-01,  6.32882162e-02,
       -2.12948506e-01, -1.96488409e-01, -8.79495606e-02, -9.71294521e-01,
        1.96899460e-01,  8.30110167e-01, -2.79343571e-01, -1.00481053e-01,
        9.58569946e-01, -3.15623039e-01,  3.28409206e-01,  5.31461727e-01,
        5.25798998e-01,  3.27588245e-02,  4.64468861e-01, -1.95920775e-02,
       -9.56150461e-02,  2.78389294e-02,  1.71646494e-01, -1.74238233e-01,
        6.58131767e-01,  2.06466948e-01,  2.33295379e-01, -3.22917845e-01,
        9.92053816e-03, -1.23160883e-01,  3.47342088e-01,  5.49385923e-02,
       -1.32723285e-01,  2.09735932e-01,  3.47429808e-01,  4.08398113e-01,
        2.28228605e-01, -2.34252156e-01, -1.51822897e-01,  1.88860716e-01,
       -2.00529077e-01,  2.91711365e-01, -2.81632950e-01, -5.82482595e-01,
       -5.38297866e-01,  1.64070052e-02, -6.03742578e-01, -2.89828011e-01,
        1.95441038e-01,  2.19333724e-01, -1.03411917e-01,  5.07384211e-01,
       -1.70283624e-02, -3.87981628e-01, -1.08082106e-01,  2.81885877e-01,
       -3.16516220e-02, -3.67869604e-01,  1.51668105e-01,  3.36376816e-01,
        4.33176013e-01, -1.33538369e-01, -2.62411967e-01, -9.70650819e-02,
        4.90974654e-01, -4.48390869e-02,  1.32809024e-01,  2.90353377e-01,
       -1.17786426e-01,  1.42130240e-01, -1.59862726e-01, -2.03524382e-01,
        4.75649960e-02,  1.38662596e-02,  4.89780500e-01, -2.57407923e-01,
        1.83376917e-01, -8.41611494e-02,  7.30931324e-02,  3.44582050e-01,
       -3.13832508e-01, -6.52154192e-02,  5.64646284e-01,  1.17799585e+00,
        9.68230947e-02,  2.22081373e-01,  2.04205431e-01, -2.91537009e-01,
       -2.32888278e-01,  8.39032511e-02,  4.06009564e-03, -2.65464553e-01,
        1.80955466e-01,  1.74534369e-01, -5.88647389e-02,  2.73125517e-02,
        7.60806207e-02,  6.65519533e-02,  8.55281041e-02,  2.28526692e-02,
       -5.20823741e-02,  2.30623787e-01, -6.47794036e-02, -4.54970872e-01,
       -4.79493104e-02, -5.57544932e-01, -4.49908140e-02,  6.48086558e-01,
        2.01085430e-02,  2.16315314e-01,  4.37991144e-01,  4.56887195e-02,
       -2.14556842e-02,  1.61119586e-01,  2.33595867e-01,  2.16235086e-01,
        6.71060597e-02, -6.29017004e-01,  2.53943217e-01, -1.17695996e-01,
       -1.73890630e-01,  1.76423287e-01,  2.83970822e-02,  4.64758200e-01,
        1.40944782e-02, -7.76329026e-02, -1.35772819e-01, -2.15737776e-02,
       -1.19236658e-01,  1.31495292e-01, -2.17859748e-02, -5.68255631e-01,
        2.47926535e-01,  1.00344492e-01, -3.73353540e-03, -1.53550163e-01,
       -2.67020555e-01,  4.62205359e-01, -2.05379606e-01, -2.71931949e-01,
       -2.59277257e-01,  1.35150949e-01, -1.26841294e-01,  1.15380522e-01,
       -3.72655813e-02,  7.49502115e-01, -9.87543507e-02, -4.56685130e-02,
        1.64695279e-01,  2.64352716e-01,  1.17281145e-01, -2.64189795e-01,
       -2.37886253e-01, -3.32176160e-01, -3.44351163e-01, -1.79125442e-01,
        2.20031575e-01,  2.01310554e-01,  1.84877707e-01,  6.13322227e-01,
        1.16869074e-01,  1.83966323e-01,  3.21636528e-01]), 'lt_0 - delta': array([-2.65816745e-01,  1.14694732e+00, -5.81178468e-01,  6.93554990e-02,
       -7.77363273e-01,  9.59683846e-01, -1.16862989e+00,  1.07393349e+00,
       -5.69987987e-02, -1.04300812e+00,  1.44609628e-01,  3.53430651e-01,
        1.10899912e+00, -2.77091859e+00, -1.56857483e-06, -2.47784885e+00,
        8.28136266e-01,  3.62009218e+00,  6.35260381e+00, -5.38477901e+00,
       -3.85149900e+00,  1.43507576e+00, -2.08710121e+00,  1.34675643e+01,
       -1.24756623e+01]), 'lt_0 - intercept': array([  0.57793053,  -4.30996688,   0.69468894,  -1.87645894,
        -0.63461471,  -3.13649475,   4.22686985,   1.32482845,
        -2.23000664,   1.64603197,   2.03937504,  -1.8722207 ,
         3.14776648,   2.78024753,  -0.02264326,   0.72860975,
        -0.48464299,   2.17070839,   1.1846531 ,   3.86976928,
         1.64986964,  -3.87759248,  -0.34663938,   1.94613016,
         0.38903309,  -4.18260704,   2.29550484, -12.72427152,
         1.53888893,  -2.20031425,   2.476833  ,   0.29391167,
         0.16888256,  -0.1893124 ,  -0.8186504 ,   2.02751224,
        -2.3016912 ,   5.60975169,  -0.23668209,   1.07788677,
         2.2583255 ,  -2.29060582,   2.90500817,   1.41730574,
        -1.2006714 ,   1.43755294,   3.31537245,   1.21856076,
         1.70403124,   1.35063653,  -1.64847018,  -0.50768063,
        -3.53779694,   1.3547812 ,  -0.21747202,  -5.98403726,
         0.68578963,   2.74931062,  -0.42303366,  -0.63389451,
         0.0422918 ,   9.31328348,  -0.15508449,   0.71150354,
         1.30947941,  -1.64468892,  -0.03384728,   3.1512355 ,
         0.49380074,  -1.80509429,   2.72038134,  -0.05620663,
         1.95908998,   2.76603007,   2.93228269,   2.13891491,
        -0.32685437,   4.94704522,   8.30509665,  -0.96442897,
         2.79675038,   5.28636926,  -1.99100413,   2.06098176,
        -0.57548922,   1.02449751,   2.9900483 ,   0.04579574,
         0.38875238,  -1.2839302 ,   3.36020074,  -1.4359134 ,
         3.04946781,   1.65669841,   3.28923375,   1.77694495,
        -1.35251723,   4.91585158,  -0.48291278,   3.89908262,
         0.64613666,   3.93962463,  -0.7736295 ,  -0.27307909,
        -4.13719394,   4.3600678 ,   2.63709279,   2.84423335,
         1.85416977,   5.25735104,   1.44438943,   3.81240566,
         0.06985601,   4.73225893,  -0.85438419,   1.07552617,
       -14.80666725,   3.5899457 ,   3.25033923,   2.3576245 ,
         0.31664919,  -3.96623996,   5.87347347,   2.4070624 ,
         2.30138804,   7.65491801,  -3.35031203,   6.18205682,
        -6.42037043,   0.3123601 ,  -7.95589996,   1.58199283,
         2.71889779,   0.42694076,   2.49047318,   2.92533977,
         5.89968661,   1.26993622,  -0.82403133,   3.59918361,
         2.49681445,   3.67641588,   0.51860244,  -1.4440841 ,
         2.04570441, -10.5747204 ,   4.41687223,  -3.05191688,
         2.43796281,   0.99896319,   0.07267764,   6.57416147,
         4.43720418,   0.70634572,   4.12754397,  -0.04542991,
         1.2816475 ,   3.60026207,  -0.35651627,  -0.49389279,
        -0.34025988,   3.32505527,   3.15254326,   1.92675517,
         2.37516198,   1.23885943,  -0.84334238,   1.51534316,
         5.16914207,  -0.74697812,   1.20375533,  -1.65119358,
        -0.6407958 ,  -1.06182511,  -1.59841744,   0.60086227,
         2.42472563,  -6.65114598,  -1.18340105,   1.95103504,
         2.64348415,   4.85346973,   2.58619153,   2.01204323,
         4.46549633,   0.49023794,   4.7260884 ,   6.57325012,
         1.07570512,  -0.91833546,  -2.38625817,   2.53076176,
        -3.58775303,  -1.35715059,  -0.55510258,   5.62160389,
        -3.09628885,  -2.74128039,   4.43959501,   0.02042599,
        -0.40285782,  -5.49070579,  -1.39772911,  -0.36327902,
        -4.86440645,   1.96645785,  -1.47960395,   1.15031206,
        -2.01112159,   4.17276381,   2.0840632 ,  -3.60952501,
         2.50587356,  -0.09323022,   5.94700714,  -2.28435317,
        -0.4772297 ,   0.40203767,   2.23767128,   0.8567215 ,
         1.1425026 ,   1.06172068,   2.40149549,   0.60960495,
        -0.25806957,   1.60840875,   3.81781659,   1.16843061,
         1.39810553,   3.90175137,   3.87978718,  -4.45788493,
        -4.28995003,   4.16292841,   6.92450064,   1.47262117,
        -0.42827167,   0.93145301,   2.17783252,  -0.24100123,
        -1.63562658,  -0.24312142,  -0.98397742,  -0.13122833,
         0.54683223,  -0.94904414,   2.50938062,   2.49274735,
        -1.81447243,  -0.09657886,   7.27615981,  -2.61699248,
         3.18529225,  -2.08508643,   1.84326951,   4.238719  ,
        -0.82487395,  -3.13836587,   4.45769333,  -3.89116627,
         1.11483432,  -0.60121302,   3.92329978,   1.38185805,
         3.57386796,  -0.42620248,   2.5156068 ,  -0.82859673,
         2.22126443,  -3.52098257,   0.8756718 ,   2.18216444,
         0.37424232,   1.82935695,   2.58044037,   0.64217289,
        -3.99635043,  -1.3250094 ,  -4.01078136,  -3.17252544,
        -2.76353695,  -2.01164848,   2.92479305,  -0.70298004,
        -5.53775015,   8.16410293,  -1.13976535,   2.54895759,
        -4.07439   ,   2.89568077,   3.15639539,   0.38152355,
         2.93163298,   2.7186737 ,   1.76443106,   9.62831352,
        -0.83374622,  -6.73927416,   3.47697279,   1.83971061,
        -7.82298096,   3.82576454,  -2.03942435,  -3.90625222,
        -3.86221529,   0.66408069,  -3.27303954,   1.12706118,
         1.84941705,   0.73933055,  -0.58403199,   2.56894904,
        -5.0500837 ,  -0.89610673,  -1.17153677,   3.91173467,
         0.90037767,   2.0947679 ,  -2.23087791,   0.48882536,
         2.18908568,  -0.95267096,  -2.21113261,  -2.77318473,
        -1.10672587,   3.11316917,   2.33598622,  -0.75970517,
         2.79216378,  -1.67953737,   3.53829519,   6.24355202,
         5.79791356,   0.80460913,   6.43411626,   3.60309473,
        -0.83907689,  -1.0335248 ,   1.89437306,  -3.6715603 ,
         1.06477954,   4.47006178,   1.95744681,  -1.64532601,
         1.23103916,   4.28406846,  -0.43343481,  -2.12970235,
        -2.98388274,   2.2085711 ,   3.36535944,   1.86010489,
        -3.52816002,   1.39477299,  -0.22817172,  -1.66859678,
         2.05286319,  -0.36904374,   2.42829058,   2.81581193,
         0.54350169,   0.85071921,  -3.50248245,   3.31485612,
        -0.71911963,   1.74858426,   0.30481359,  -2.17918859,
         3.83049548,   1.5627784 ,  -4.22629284,  -9.82780386,
         0.11218083,  -1.04800162,  -0.94355322,   3.53588413,
         3.08313332,   0.22447801,   0.9460282 ,   3.40062853,
        -0.67359247,  -0.61099974,   1.49639347,   0.71942418,
         0.27768525,   0.37946125,   0.18244316,   0.75734737,
         1.45470013,  -1.13422226,   1.54187305,   5.08737959,
         1.43572837,   6.01881303,   1.36577191,  -4.94233384,
         0.8075143 ,  -1.03361353,  -3.02547287,   0.54752717,
         1.17387956,  -0.52662706,  -1.17337365,  -1.03879788,
         0.37162379,   6.67274652,  -1.36434636,   2.06671247,
         2.51255688,  -0.63491089,   0.73424062,  -3.30329369,
         0.84230978,   1.69272629,   2.22040593,   1.15396566,
         2.05011509,  -0.22997872,   1.17535406,   6.1281132 ,
        -1.31906322,   0.05759166,   0.98241923,   2.37456674,
         3.36847349,  -3.25128484,   2.850331  ,   3.37258051,
         3.33747629,  -0.24925826,   2.11673454,  -0.09400737,
         1.31894262,  -5.9342842 ,   1.89147173,   1.40631799,
        -0.52462811,  -1.44961947,  -0.09511228,   3.35458531,
         3.13295461,   3.98580626,   4.10963838,   2.59983267,
        -1.0533784 ,  -0.85124432,  -0.71511665,  -4.73643507,
        -0.14356604,  -0.70473433,  -1.90762469]), 'fs_0 - beta_sigma(p=7,n=3)_log__': array([-13.51061709, -13.40748246, -13.47291705, -13.44822315,
       -13.44467209, -13.51092956]), 'fs_0 - beta_z_offset(p=7,n=3)': array([[ 5.35008948e-06,  1.59676197e-05, -9.79186490e-06,
         9.48497167e-07, -8.91760924e-06, -1.06029617e-05],
       [-8.74568026e-05,  5.66476708e-05, -3.40158039e-05,
        -9.00714161e-05,  2.83040916e-05, -2.58784660e-05],
       [ 7.38742246e-05, -4.76558006e-05,  2.46194697e-05,
         3.50389336e-05, -2.11323730e-05, -5.73833425e-06],
       ...,
       [ 1.34973265e-05,  7.16214593e-05, -1.83981417e-05,
         3.32995566e-05, -1.22459416e-05,  1.05607675e-05],
       [ 2.20221729e-05,  8.79265356e-05, -4.27777401e-05,
         3.32144545e-05, -3.18573978e-05, -2.42572815e-05],
       [-2.08761103e-04, -5.53159037e-04,  4.70416946e-05,
        -3.80486444e-04, -4.00448810e-05, -1.81054968e-04]]), 'fs_1 - beta_sigma(p=365.25,n=10)_log__': array([-13.38273392, -13.36324762, -13.44498541, -13.39798319,
       -13.45300055, -13.47693763, -13.46479134, -13.41378982,
       -13.46160289, -13.47505101, -13.52457284, -13.48958573,
       -13.48181631, -13.41077903, -13.40836527, -13.46126283,
       -13.4770711 , -13.46668634, -13.4639556 , -13.45660601]), 'fs_1 - beta_z_offset(p=365.25,n=10)': array([[-6.23110342e-05,  4.07174989e-05,  7.99925181e-05, ...,
         7.20728681e-05, -4.73449857e-05, -7.04111829e-05],
       [-1.26373020e-03,  4.77460092e-04,  1.79804104e-03, ...,
         1.31974836e-03,  4.11609992e-04, -1.52166482e-03],
       [-8.22140887e-05, -1.45022769e-04,  3.20229266e-04, ...,
        -6.09153245e-04, -3.51277215e-04,  8.05260733e-04],
       ...,
       [-1.72234320e-04,  3.31744850e-04, -4.35285617e-05, ...,
         6.45120593e-04,  6.32246466e-05, -6.39836068e-04],
       [-3.93770596e-04,  1.30343376e-04,  5.66891235e-04, ...,
        -2.85341687e-04,  1.77717428e-04,  1.64032595e-04],
       [ 9.18220752e-03, -1.82769086e-03, -1.20919558e-02, ...,
        -3.47573623e-03, -3.42048316e-03,  3.55210721e-03]]), 'sigma_log__': array(-3.3707247), 'lt_0 - slope_sigma': array(9.09773945), 'fs_0 - beta_sigma(p=7,n=3)': array([1.35648049e-06, 1.50384941e-06, 1.40859606e-06, 1.44381282e-06,
       1.44894901e-06, 1.35605669e-06]), 'fs_1 - beta_sigma(p=365.25,n=10)': array([1.54153186e-06, 1.57186520e-06, 1.44849509e-06, 1.51820295e-06,
       1.43693161e-06, 1.40294405e-06, 1.42008853e-06, 1.49439395e-06,
       1.42462364e-06, 1.40559338e-06, 1.33768127e-06, 1.38531123e-06,
       1.39611622e-06, 1.49890004e-06, 1.50252239e-06, 1.42510818e-06,
       1.40275682e-06, 1.41740001e-06, 1.42127586e-06, 1.43176014e-06]), 'sigma': array(0.03436472), 'prior_lt_0 - slope': array(-0.03261155), 'prior_lt_0 - intercept': array(-0.04176744), 'prior_lt_0 - delta': array([-1.23389324e-01, -1.43562517e-01, -9.59626523e-02, -1.51248781e-02,
       -1.67736842e-02, -1.75046141e-04,  5.69207186e-02,  3.87420464e-02,
        9.50276200e-02,  3.17104103e-01,  1.47562566e-01,  1.47129486e-01,
       -8.13712943e-02, -2.06985178e-01, -4.12021858e-01, -2.64487510e-01,
       -2.65385634e-01, -1.06889595e-01,  3.04333094e-01,  2.17038291e-01,
        8.44670449e-01,  1.35226930e+00,  5.99515553e-02, -2.79237848e-01,
       -1.18082094e-01]), 'prior_fs_0 - beta(p=7,n=3)': array([ 1.30611852e-04,  6.48717023e-04, -2.58816419e-05,  4.67095003e-04,
        3.53627044e-05,  5.82830465e-05]), 'prior_fs_1 - beta(p=365.25,n=10)': array([-0.00114966, -0.0047309 ,  0.00512726,  0.0034518 , -0.01616105,
        0.00740849,  0.00201233, -0.01000466,  0.00253273,  0.00391647,
        0.00201892,  0.00464993, -0.00177585,  0.00337576,  0.00202012,
        0.00183996,  0.00182286,  0.00724547,  0.0053153 , -0.00210738]), 'prior_sigma': array(0.08382544), 'lt_0 - slope_shared': array(-0.03261155), 'lt_0 - slope': array([ 3.67849405e-01,  5.22033847e+00,  2.37283059e-01,  2.79399147e+00,
        1.57012291e+00,  4.05657121e+00, -3.28853493e+00, -3.77070132e-01,
        3.15464789e+00, -6.97769951e-01, -1.10645868e+00,  2.72936557e+00,
       -2.20791950e+00, -1.83763419e+00,  9.71065502e-01,  2.23667578e-01,
        1.40956366e+00, -1.23128421e+00, -2.25831187e-01, -2.95996820e+00,
       -7.10081218e-01,  4.77688978e+00,  1.27608280e+00, -9.81106399e-01,
        5.65878605e-01,  5.04878708e+00, -1.36124205e+00,  1.35150814e+01,
       -6.02405416e-01,  3.12830149e+00, -1.55046832e+00,  6.58436828e-01,
        7.84578377e-01,  1.08774656e+00,  1.74333282e+00, -1.06389270e+00,
        3.22817953e+00, -4.70661432e+00,  1.17165127e+00, -1.39483382e-01,
       -1.33883380e+00,  3.22341172e+00, -1.96459015e+00, -4.73041639e-01,
        2.11518156e+00, -4.89716808e-01, -2.39124587e+00, -2.65269172e-01,
       -7.53275516e-01, -3.99146707e-01,  2.52494848e+00,  1.44871409e+00,
        4.36504058e+00, -3.96065878e-01,  1.15213514e+00,  6.86070983e+00,
        2.46716024e-01, -1.82084016e+00,  1.34999012e+00,  1.52567835e+00,
        9.01586234e-01, -8.44178583e+00,  1.10601621e+00,  2.41306184e-01,
       -3.84105742e-01,  2.58474297e+00,  9.49373071e-01, -2.19219560e+00,
        4.50687513e-01,  2.73836586e+00, -1.76563754e+00,  1.01155813e+00,
       -1.05390663e+00, -1.83710054e+00, -2.01472374e+00, -1.20330920e+00,
        1.24948370e+00, -4.03623740e+00, -7.53286309e+00,  1.84850691e+00,
       -1.84422414e+00, -4.35990834e+00,  2.89961501e+00, -1.16792362e+00,
        1.52321635e+00, -5.87725095e-02, -2.04603813e+00,  8.77028912e-01,
        5.66342479e-01,  2.20581032e+00, -2.45152320e+00,  2.37016227e+00,
       -2.10713265e+00, -7.42459576e-01, -2.35470379e+00, -8.71804715e-01,
        2.28858317e+00, -4.04428922e+00,  1.43590042e+00, -2.98546965e+00,
        2.87776877e-01, -2.99134648e+00,  1.71209603e+00,  1.22107872e+00,
        5.02032603e+00, -3.44375863e+00, -1.67533361e+00, -1.89994460e+00,
       -9.02314611e-01, -4.38807563e+00, -4.90278440e-01, -2.90027140e+00,
        8.56679064e-01, -3.80658453e+00,  1.79881591e+00, -1.45035181e-01,
        1.56994654e+01, -2.63985197e+00, -2.34233902e+00, -1.42024089e+00,
        6.32288386e-01,  4.88563683e+00, -4.95718775e+00, -1.46307221e+00,
       -1.35441692e+00, -6.74002683e+00,  4.21802207e+00, -5.27524796e+00,
        7.32667251e+00,  6.18451634e-01,  8.83384898e+00, -6.24606787e-01,
       -1.77182583e+00,  5.16642375e-01, -1.54551976e+00, -1.96466105e+00,
       -4.99313438e+00, -3.27637072e-01,  1.74491076e+00, -2.65431571e+00,
       -1.57005575e+00, -2.74311677e+00,  4.27182113e-01,  2.37008567e+00,
       -1.08215965e+00,  1.13656332e+01, -3.45649722e+00,  3.96302865e+00,
       -1.50186334e+00, -3.86215213e-02,  8.60692993e-01, -5.66865316e+00,
       -3.53656013e+00,  2.11913941e-01, -3.19827681e+00,  9.31405862e-01,
       -3.40063806e-01, -2.68083664e+00,  1.29626022e+00,  1.43577820e+00,
        1.25473480e+00, -2.42052504e+00, -2.21775571e+00, -9.89072473e-01,
       -1.46623742e+00, -3.30011270e-01,  1.78298000e+00, -5.78885895e-01,
       -4.24651907e+00,  1.69990920e+00, -2.61772015e-01,  2.58296879e+00,
        1.58050622e+00,  1.99511111e+00,  2.52762098e+00,  3.44454560e-01,
       -1.49225698e+00,  7.51791962e+00,  2.10314793e+00, -1.00911552e+00,
       -1.70749488e+00, -3.91884214e+00, -1.69973997e+00, -1.07740137e+00,
       -3.53199911e+00,  4.62471575e-01, -3.83339716e+00, -5.65696687e+00,
       -1.28617372e-01,  1.86277794e+00,  3.31805569e+00, -1.57288295e+00,
        4.50291741e+00,  2.29176107e+00,  1.46977766e+00, -4.69277841e+00,
        4.01884106e+00,  3.67447634e+00, -3.52957029e+00,  9.27073648e-01,
        1.33883448e+00,  6.36786119e+00,  2.31611368e+00,  1.30436481e+00,
        5.75704017e+00, -1.07084973e+00,  2.41691315e+00, -2.10251640e-01,
        2.91294629e+00, -3.24589527e+00, -1.14392586e+00,  4.52460148e+00,
       -1.58138018e+00,  1.03376378e+00, -5.02617508e+00,  3.21198098e+00,
        1.37351900e+00,  5.41947185e-01, -1.29784755e+00,  8.79818678e-02,
       -1.83493467e-01, -1.10016176e-01, -1.46458697e+00,  3.26256198e-01,
        1.18979066e+00, -7.02384740e-01, -2.89720808e+00, -2.06923163e-01,
       -4.62948018e-01, -2.97573354e+00, -2.94353240e+00,  5.34524685e+00,
        5.20018490e+00, -3.20912880e+00, -6.02652969e+00, -5.11770568e-01,
        1.33021454e+00,  1.39154013e-02, -1.23396806e+00,  1.19076832e+00,
        2.55692079e+00,  1.18098855e+00,  1.90871199e+00,  1.06909779e+00,
        3.85250955e-01,  1.84074092e+00, -1.55719002e+00, -1.54653276e+00,
        2.74280372e+00,  1.01969647e+00, -6.41406440e+00,  3.52601737e+00,
       -2.26384156e+00,  3.00243587e+00, -8.90949362e-01, -3.32216943e+00,
        1.77015689e+00,  4.05272073e+00, -3.53769636e+00,  4.78295043e+00,
       -1.69908618e-01,  1.52725349e+00, -2.98102427e+00, -4.23716432e-01,
       -2.67721784e+00,  1.36853986e+00, -1.57759244e+00,  1.76472311e+00,
       -1.27713971e+00,  4.43042236e+00,  5.81268298e-02, -1.21710324e+00,
        5.86659184e-01, -8.74859766e-01, -1.63416663e+00,  2.58872727e-01,
        4.89426224e+00,  2.25312406e+00,  4.88014818e+00,  4.07852680e+00,
        3.69204951e+00,  2.91231606e+00, -1.96914395e+00,  1.63621975e+00,
        6.36159690e+00, -7.30811528e+00,  2.07943468e+00, -1.59972158e+00,
        4.96423428e+00, -1.98067085e+00, -2.22514574e+00,  5.43168147e-01,
       -1.96996157e+00, -1.82021191e+00, -8.32753741e-01, -8.86919603e+00,
        1.75872843e+00,  7.51951446e+00, -2.57400658e+00, -9.46761997e-01,
        8.68820806e+00, -2.90406773e+00,  2.95516984e+00,  4.80248876e+00,
        4.75097073e+00,  2.65419696e-01,  4.19300513e+00, -2.10855170e-01,
       -9.02492330e-01,  2.20659773e-01,  1.52898352e+00, -1.61778560e+00,
        5.95489978e+00,  1.84577094e+00,  2.08984902e+00, -2.97043397e+00,
        5.76429178e-02, -1.15309718e+00,  3.12741626e+00,  4.67205445e-01,
       -1.24009342e+00,  1.87551131e+00,  3.12821431e+00,  3.68288807e+00,
        2.04375283e+00, -2.16377663e+00, -1.41385672e+00,  1.68559403e+00,
       -1.85697285e+00,  2.62130244e+00, -2.59483475e+00, -5.33188643e+00,
       -4.92990528e+00,  1.16655105e-01, -5.52530422e+00, -2.66939128e+00,
        1.74546009e+00,  1.96282952e+00, -9.73426230e-01,  4.58343780e+00,
       -1.87531158e-01, -3.56236732e+00, -1.01591439e+00,  2.53191271e+00,
       -3.20569764e-01, -3.37939336e+00,  1.34722535e+00,  3.02765707e+00,
        3.90831095e+00, -1.24750884e+00, -2.41996725e+00, -9.15684378e-01,
        4.43414792e+00, -4.40545883e-01,  1.17565034e+00,  2.60894782e+00,
       -1.10420177e+00,  1.26045233e+00, -1.48700098e+00, -1.88422335e+00,
        4.00122387e-01,  9.35400635e-02,  4.42328382e+00, -2.37444177e+00,
        1.63570386e+00, -7.98287762e-01,  6.32370721e-01,  3.10230615e+00,
       -2.88777794e+00, -6.25924445e-01,  5.10439322e+00,  1.06844878e+01,
        8.48259735e-01,  1.98782692e+00,  1.82519625e+00, -2.68493930e+00,
       -2.15136843e+00,  7.30718364e-01,  4.32613873e-03, -2.44773888e+00,
        1.61367413e+00,  1.55525666e+00, -5.68147610e-01,  2.15870925e-01,
        6.59550110e-01,  5.72860777e-01,  7.45500853e-01,  1.75296077e-01,
       -5.06443423e-01,  2.06554357e+00, -6.21957689e-01, -4.17181800e+00,
       -4.68841887e-01, -5.10501007e+00, -4.41926257e-01,  5.86351109e+00,
        1.50330731e-01,  1.93536881e+00,  3.95211776e+00,  3.83052512e-01,
       -2.27809778e-01,  1.43321246e+00,  2.09258278e+00,  1.93463892e+00,
        5.77901893e-01, -5.75524436e+00,  2.27769766e+00, -1.10337906e+00,
       -1.61462320e+00,  1.57244154e+00,  2.25737702e-01,  4.19563746e+00,
        9.56163365e-02, -7.38895474e-01, -1.26783729e+00, -2.28884161e-01,
       -1.11739560e+00,  1.16369835e+00, -2.30814676e-01, -5.20245323e+00,
        2.22295947e+00,  8.80296486e-01, -6.65782859e-02, -1.42957093e+00,
       -2.46189499e+00,  4.17241238e+00, -1.90110169e+00, -2.50657757e+00,
       -2.39144848e+00,  1.19695657e+00, -1.18658060e+00,  1.01709037e+00,
       -3.71644102e-01,  6.78616340e+00, -9.31052905e-01, -4.48091786e-01,
        1.46574319e+00,  2.37240058e+00,  1.03438175e+00, -2.43614148e+00,
       -2.19683870e+00, -3.05466370e+00, -3.16542872e+00, -1.66224815e+00,
        1.96917839e+00,  1.79885941e+00,  1.64935765e+00,  5.54723426e+00,
        1.03063283e+00,  1.64106612e+00,  2.89355377e+00]), 'fs_0 - beta_shared': array([ 1.30611852e-04,  6.48717023e-04, -2.58816419e-05,  4.67095003e-04,
        3.53627044e-05,  5.82830465e-05]), 'fs_0 - beta(p=7,n=3)': array([[ 1.30611859e-04,  6.48717047e-04, -2.58816557e-05,
         4.67095005e-04,  3.53626914e-05,  5.82830321e-05],
       [ 1.30611734e-04,  6.48717108e-04, -2.58816898e-05,
         4.67094873e-04,  3.53627454e-05,  5.82830114e-05],
       [ 1.30611952e-04,  6.48716951e-04, -2.58816073e-05,
         4.67095054e-04,  3.53626737e-05,  5.82830387e-05],
       ...,
       [ 1.30611871e-04,  6.48717130e-04, -2.58816679e-05,
         4.67095052e-04,  3.53626866e-05,  5.82830608e-05],
       [ 1.30611882e-04,  6.48717155e-04, -2.58817022e-05,
         4.67095051e-04,  3.53626582e-05,  5.82830136e-05],
       [ 1.30611569e-04,  6.48716191e-04, -2.58815757e-05,
         4.67094454e-04,  3.53626463e-05,  5.82828009e-05]]), 'fs_1 - beta_shared': array([-0.00114966, -0.0047309 ,  0.00512726,  0.0034518 , -0.01616105,
        0.00740849,  0.00201233, -0.01000466,  0.00253273,  0.00391647,
        0.00201892,  0.00464993, -0.00177585,  0.00337576,  0.00202012,
        0.00183996,  0.00182286,  0.00724547,  0.0053153 , -0.00210738]), 'fs_1 - beta(p=365.25,n=10)': array([[-0.00114966, -0.0047309 ,  0.00512726, ...,  0.00724547,
         0.0053153 , -0.00210738],
       [-0.00114966, -0.0047309 ,  0.00512726, ...,  0.00724547,
         0.0053153 , -0.00210738],
       [-0.00114966, -0.0047309 ,  0.00512726, ...,  0.00724547,
         0.0053153 , -0.00210738],
       ...,
       [-0.00114966, -0.0047309 ,  0.00512726, ...,  0.00724547,
         0.0053153 , -0.00210738],
       [-0.00114966, -0.0047309 ,  0.00512726, ...,  0.00724547,
         0.0053153 , -0.00210738],
       [-0.00114964, -0.00473091,  0.00512724, ...,  0.00724546,
         0.00531529, -0.00210737]])}"
