,0
0,"{'lt_0 - slope': array([0.48718138, 0.49193992, 0.50963147, 0.49974002, 0.50555693,
       0.50645162, 0.50410267, 0.50788169, 0.49428592, 0.49372068,
       0.49654053, 0.49268632, 0.49970088, 0.5026386 , 0.49689029,
       0.49911636, 0.51001826, 0.50614486, 0.49498048, 0.49326291,
       0.48699706, 0.49656135, 0.50607059, 0.50075936, 0.50440225,
       0.49129372, 0.49606547, 0.48951451, 0.5026208 , 0.49938619,
       0.49416195, 0.5085378 , 0.50945361, 0.50582679, 0.50534165,
       0.50303612, 0.50106138, 0.49073239, 0.49587745, 0.49416474,
       0.48992717, 0.50362287, 0.50638263, 0.50586823, 0.49693274,
       0.50700511, 0.50425165, 0.50676857, 0.50350031, 0.50056984,
       0.50640856, 0.49975192, 0.49576286, 0.50108715, 0.49258246,
       0.49458811, 0.50064427, 0.50245362, 0.4966234 , 0.49532969,
       0.49402779, 0.49563149, 0.50355134, 0.49521806, 0.49227413,
       0.49442322, 0.5044017 , 0.51041556, 0.49393284, 0.49351422,
       0.49853482, 0.5041493 , 0.5004673 , 0.50651468, 0.50602892,
       0.50272628, 0.49550891, 0.4924644 , 0.5025669 , 0.49519677,
       0.50183469, 0.49742317, 0.49909015, 0.50321417, 0.50370606,
       0.49839437, 0.49947828, 0.49219456, 0.50408993, 0.49876735,
       0.50782382, 0.49128858, 0.50326782, 0.49740829, 0.5000092 ,
       0.49761754, 0.48966952, 0.49107341, 0.50592663, 0.50784935,
       0.5022241 , 0.50463458, 0.50285784, 0.48994781, 0.5026872 ,
       0.49942272, 0.50707715, 0.49585039, 0.50435261, 0.50266721,
       0.49220603, 0.50311319, 0.49862491, 0.50563153, 0.49744416,
       0.50477776, 0.49945831, 0.49945575, 0.50124636, 0.49807348,
       0.49135398, 0.4959903 , 0.50912495, 0.50509334, 0.50009544,
       0.49374928, 0.48943024, 0.50080416, 0.50845776, 0.5080225 ,
       0.50717944, 0.4989683 , 0.50568834, 0.50420867, 0.50136719,
       0.49574721, 0.49743575, 0.49190081, 0.49373279, 0.50941204,
       0.50730938, 0.5034875 , 0.50451918, 0.48691387, 0.49579036,
       0.49958831, 0.50377762, 0.50801159, 0.49693035, 0.49783491,
       0.49969611, 0.50380085, 0.49369737, 0.49476051, 0.49129084,
       0.4895242 , 0.48558811, 0.49672692, 0.50490537, 0.50572372,
       0.5022259 , 0.49025394, 0.48753737, 0.50178855, 0.48969096,
       0.50604162, 0.50534131, 0.49587352, 0.50117806, 0.50239282,
       0.50645443, 0.48908125, 0.49305977, 0.51115916, 0.51143811,
       0.49179683, 0.50171699, 0.49277829, 0.49758426, 0.49093121,
       0.49663864, 0.51319349, 0.50941277, 0.51189728, 0.50785711,
       0.50399106, 0.49567717, 0.50733183, 0.49540858, 0.49207178,
       0.50428577, 0.50056629, 0.4892079 , 0.50535827, 0.50826896,
       0.49913631, 0.49196627, 0.49278745, 0.4918334 , 0.49650183,
       0.50139639, 0.49393429, 0.49768171, 0.49935005, 0.49862251,
       0.49260058, 0.50506685, 0.49012473, 0.50484937, 0.49172615,
       0.50600471, 0.49546488, 0.50421077, 0.501524  , 0.49107521,
       0.49161679, 0.49875815, 0.48723546, 0.49177653, 0.5081574 ,
       0.49317846, 0.5025016 , 0.50320673, 0.50089314, 0.49646255,
       0.48853228, 0.50533564, 0.48966093, 0.50137792, 0.49635337,
       0.48826096, 0.4989688 , 0.50716799, 0.49381991, 0.49935934,
       0.50463394, 0.50833852, 0.49928651, 0.5070439 , 0.49264993,
       0.50792125, 0.50531257, 0.50506403, 0.49640866, 0.50169303,
       0.49703623, 0.49570242, 0.49129496, 0.49553881, 0.49547892,
       0.49206187, 0.49815978, 0.50462216, 0.50336942, 0.49557628,
       0.50035807, 0.50101355, 0.49339441, 0.49245718, 0.50598235,
       0.49974831, 0.5036113 , 0.5028122 , 0.50890137, 0.49720707,
       0.50609763, 0.50698702, 0.50309143, 0.50339066, 0.50271339,
       0.49038076, 0.50802468, 0.50700137, 0.49222316, 0.50900413,
       0.49559848, 0.49793316, 0.49866053, 0.49887077, 0.50276545,
       0.50745046, 0.49705223, 0.49019799, 0.49982166, 0.50672042,
       0.50397317, 0.49263162, 0.50475178, 0.50429563, 0.50451467,
       0.50496048, 0.49336468, 0.50090902, 0.49728636, 0.48950208,
       0.48765802, 0.50629701, 0.49284591, 0.50178686, 0.51082273,
       0.50165926, 0.50546252, 0.50521087, 0.50043267, 0.49620115,
       0.49562954, 0.49533833, 0.48646978, 0.51010883, 0.49993034,
       0.50509677, 0.49460892, 0.49708151, 0.50057261, 0.50191692,
       0.50154579, 0.50706754, 0.49966968, 0.51020363, 0.4935625 ,
       0.50661492, 0.50752855, 0.50439806, 0.50410546, 0.50329519,
       0.49403199, 0.50544379, 0.50417957, 0.49109066, 0.50441123,
       0.50386159, 0.50059363, 0.50524391, 0.50691283, 0.49955541,
       0.49900154, 0.48842215, 0.50285059, 0.5021927 , 0.49846349,
       0.50431665, 0.50280207, 0.50082185, 0.49786816, 0.49335047,
       0.49325602, 0.49176296, 0.5074684 , 0.49956124, 0.50532593,
       0.50234332, 0.48869343, 0.50286973, 0.50685015, 0.5021927 ,
       0.50176135, 0.49623639, 0.49229547, 0.49239379, 0.49411235,
       0.50437193, 0.50507636, 0.50204515, 0.50472648, 0.50075149,
       0.50169877, 0.50400283, 0.49934354, 0.49625967, 0.50121784,
       0.50165232, 0.50135971, 0.51123542, 0.51061658, 0.50843815,
       0.49581751, 0.49329545, 0.50336433, 0.49503503, 0.4903447 ,
       0.48875611, 0.50283389, 0.50763473, 0.50100416, 0.50478981,
       0.50401762, 0.5042392 , 0.48886399, 0.49423651, 0.50722737,
       0.51196112, 0.49976246, 0.50603795, 0.49861882, 0.50796125,
       0.4947423 , 0.49447781, 0.50790708, 0.50966296, 0.49601237,
       0.50691573, 0.50797012, 0.51120061, 0.50068738, 0.50930192,
       0.48976212, 0.49797429, 0.48937811, 0.50611409, 0.50677664,
       0.50417671, 0.50760094, 0.50385462, 0.49478643, 0.49853127,
       0.50465269, 0.49892222, 0.50061149, 0.49010127, 0.49754931,
       0.4974107 , 0.49568797, 0.50525251, 0.48837216, 0.5053517 ,
       0.49271312, 0.50540495, 0.49693834, 0.50352316, 0.50384532,
       0.48778883, 0.50785425, 0.50681617, 0.49396362, 0.49440667,
       0.48758622, 0.50281186, 0.49844451, 0.50019896, 0.49949065,
       0.49458721, 0.49062954, 0.50056137, 0.49280507, 0.49832573,
       0.50054758]), 'lt_0 - intercept': array([0.48472167, 0.48440148, 0.4654279 , 0.48283689, 0.4720337 ,
       0.47039003, 0.47052841, 0.46910782, 0.48026955, 0.48566749,
       0.48148623, 0.48378646, 0.47325038, 0.47476796, 0.48021808,
       0.48160539, 0.46953532, 0.46406926, 0.47853522, 0.48431812,
       0.4905963 , 0.47875914, 0.47245881, 0.48233212, 0.47830473,
       0.49003381, 0.48946036, 0.48811783, 0.47916937, 0.47426805,
       0.48529104, 0.46844714, 0.46765393, 0.47169725, 0.47266934,
       0.47500614, 0.48038235, 0.48778237, 0.48829735, 0.48754061,
       0.48807487, 0.48032593, 0.47009988, 0.4714854 , 0.47865999,
       0.4700898 , 0.47754281, 0.47901769, 0.47047846, 0.48134222,
       0.4715354 , 0.47307266, 0.48479938, 0.47105104, 0.48719392,
       0.48605233, 0.48288991, 0.47644605, 0.47423934, 0.48828893,
       0.48480022, 0.48016387, 0.47293092, 0.48184461, 0.49090452,
       0.48248102, 0.47271174, 0.46947976, 0.48408214, 0.48624843,
       0.47746824, 0.46930931, 0.48138645, 0.47298185, 0.47091774,
       0.47252997, 0.48079769, 0.48636337, 0.4785652 , 0.48155842,
       0.47016605, 0.47743009, 0.47646676, 0.47121034, 0.47028008,
       0.47905792, 0.46987803, 0.48304827, 0.47111481, 0.47946835,
       0.46892135, 0.48464564, 0.4741528 , 0.47460026, 0.48054025,
       0.4813538 , 0.48455566, 0.48744061, 0.47620912, 0.46567217,
       0.48173445, 0.47415888, 0.47923161, 0.48636943, 0.47601216,
       0.47795751, 0.46795324, 0.48891689, 0.47082922, 0.47906021,
       0.48774831, 0.47300823, 0.48445715, 0.47685834, 0.47070684,
       0.47035316, 0.47441138, 0.47568556, 0.47664173, 0.47957516,
       0.48356191, 0.47798577, 0.46916513, 0.47153319, 0.48078594,
       0.47958111, 0.48546798, 0.47824417, 0.46913781, 0.46842511,
       0.47105559, 0.48430045, 0.47075099, 0.4703338 , 0.47947319,
       0.47905964, 0.48028072, 0.48457201, 0.48943266, 0.46899187,
       0.47368769, 0.47351137, 0.47691003, 0.48792295, 0.48112821,
       0.47999804, 0.47051217, 0.46942575, 0.48600756, 0.48347589,
       0.46903689, 0.47087298, 0.48571716, 0.4844979 , 0.48636199,
       0.48952008, 0.48831812, 0.48061204, 0.47733729, 0.46838602,
       0.47710117, 0.48667531, 0.48656868, 0.47832836, 0.48735819,
       0.46889749, 0.47149562, 0.48403201, 0.47470358, 0.47358407,
       0.4671526 , 0.48419362, 0.48365241, 0.46525871, 0.46402539,
       0.4876522 , 0.47120559, 0.48627386, 0.47613197, 0.48694038,
       0.48682967, 0.46437209, 0.47064211, 0.47690868, 0.47052724,
       0.47339592, 0.48541798, 0.46775111, 0.48291071, 0.48892879,
       0.47240527, 0.48166276, 0.48307786, 0.46684612, 0.46913949,
       0.47936135, 0.48666156, 0.48485304, 0.48706054, 0.48444175,
       0.46993937, 0.4848585 , 0.4767986 , 0.47214358, 0.47605479,
       0.48205524, 0.47377348, 0.48205201, 0.47871815, 0.48956068,
       0.46863349, 0.48064546, 0.47325948, 0.47375866, 0.48620916,
       0.48567942, 0.48478953, 0.49103158, 0.48458148, 0.46718339,
       0.48100626, 0.47940631, 0.47318953, 0.47118828, 0.47933336,
       0.48976395, 0.47414636, 0.48754003, 0.47144561, 0.48630527,
       0.48980797, 0.47851159, 0.46954172, 0.48573452, 0.47774937,
       0.47152646, 0.4718404 , 0.47234976, 0.4693181 , 0.48604117,
       0.47127173, 0.47406414, 0.46818846, 0.48241959, 0.47810739,
       0.4832429 , 0.48637131, 0.48578677, 0.48623408, 0.48050819,
       0.48809413, 0.48281456, 0.4717891 , 0.47049963, 0.4842586 ,
       0.47396939, 0.47732348, 0.48384266, 0.48487627, 0.4739212 ,
       0.46988448, 0.47700946, 0.47595428, 0.46937828, 0.47511417,
       0.46789858, 0.46937117, 0.47227366, 0.4702354 , 0.47599122,
       0.48783558, 0.47106987, 0.47190153, 0.48474636, 0.46820594,
       0.48343197, 0.47910765, 0.47133526, 0.48297524, 0.47020024,
       0.46972192, 0.47941655, 0.48406322, 0.47231806, 0.47130497,
       0.47132499, 0.49025626, 0.46711318, 0.47240977, 0.47023214,
       0.46967722, 0.48888029, 0.47687889, 0.48530166, 0.48576181,
       0.48962452, 0.47540816, 0.49001177, 0.476505  , 0.46580183,
       0.47235252, 0.47702639, 0.47767124, 0.47763834, 0.48084718,
       0.4821535 , 0.48163412, 0.48824873, 0.46603856, 0.48475628,
       0.47850517, 0.4832414 , 0.48187134, 0.47719613, 0.47618503,
       0.47388171, 0.46814887, 0.47931939, 0.4656645 , 0.48137161,
       0.474204  , 0.47388117, 0.47710461, 0.47772162, 0.47385279,
       0.48027711, 0.47040864, 0.47765125, 0.48945948, 0.47206213,
       0.47874096, 0.47810522, 0.47174075, 0.47357761, 0.48304472,
       0.48693848, 0.48723482, 0.4810285 , 0.47030823, 0.48290247,
       0.46998615, 0.47748036, 0.48624324, 0.47994471, 0.48765833,
       0.48185411, 0.48906531, 0.46992354, 0.48515916, 0.47446432,
       0.47231017, 0.48930546, 0.47705696, 0.46946202, 0.47449697,
       0.47266933, 0.48729391, 0.4819477 , 0.48767237, 0.48460262,
       0.47001944, 0.47449801, 0.47385588, 0.47314589, 0.47993051,
       0.47812639, 0.47768542, 0.48290658, 0.4847387 , 0.4726986 ,
       0.47801905, 0.47910475, 0.46681862, 0.46850807, 0.4687956 ,
       0.47607836, 0.48595021, 0.47505082, 0.47797481, 0.48553648,
       0.48867494, 0.47477347, 0.47149263, 0.47316401, 0.47305546,
       0.46901964, 0.47460629, 0.4885459 , 0.48324805, 0.47285874,
       0.46718126, 0.47753961, 0.47278688, 0.48606851, 0.46963616,
       0.48426846, 0.48779434, 0.46874441, 0.47037831, 0.48453175,
       0.47138842, 0.47198111, 0.46713298, 0.47657468, 0.47227782,
       0.4885992 , 0.48436996, 0.48360675, 0.47440282, 0.47195401,
       0.47534998, 0.46723094, 0.47391264, 0.48203394, 0.47487401,
       0.46880061, 0.47517285, 0.48009517, 0.48938889, 0.47994799,
       0.48503219, 0.48122875, 0.46950698, 0.48891204, 0.46985558,
       0.4852024 , 0.47234657, 0.48354115, 0.47450579, 0.47484444,
       0.48535364, 0.46934834, 0.46918642, 0.48346261, 0.48284215,
       0.49319359, 0.47156613, 0.48573446, 0.47213105, 0.4821906 ,
       0.48763286, 0.48899772, 0.48613247, 0.48910142, 0.48113681,
       0.47153484]), 'fs_0 - beta(p=7,n=3)': array([[-1.53988587e-04,  5.32075403e-04, -2.38174353e-04,
         1.76563840e-04, -1.15738075e-04,  1.40607078e-04],
       [-5.00706912e-04, -2.69386586e-04,  7.92008792e-05,
        -7.28230454e-05,  1.57757459e-04,  2.25208560e-04],
       [ 6.84435438e-04,  2.36622237e-04,  2.49182618e-04,
        -1.07474386e-04,  3.46799001e-05,  4.09899377e-06],
       ...,
       [ 3.88717843e-04, -4.37216208e-04,  9.45811111e-05,
         1.28637544e-04, -2.12416008e-04, -1.00167112e-04],
       [-1.27913627e-04,  8.90378494e-04, -9.86889395e-05,
        -4.33849419e-04,  1.61228917e-04,  9.35804522e-05],
       [ 4.19243867e-04,  8.59489661e-04,  2.51159710e-05,
         2.25190142e-04,  1.17013020e-04,  3.96776020e-04]]), 'fs_1 - beta(p=365.25,n=10)': array([[ 2.28751090e-02, -1.52896650e-03, -2.55367801e-03, ...,
        -3.59101881e-03,  2.64990600e-03, -4.72953065e-04],
       [ 2.08801441e-02,  5.19205593e-04, -8.83275522e-04, ...,
         1.39542120e-03,  2.77501498e-03, -1.72441213e-03],
       [ 8.18784512e-03, -6.58940343e-04,  6.97245519e-03, ...,
        -7.94614082e-04, -3.31539745e-03, -2.77874142e-03],
       ...,
       [ 2.25719557e-02, -2.26344405e-03, -2.25405055e-03, ...,
        -1.12261986e-03,  3.24052010e-03, -4.26208642e-04],
       [ 1.78193870e-02, -1.46845664e-03,  9.99175136e-04, ...,
         2.52115907e-03,  3.48218169e-03,  8.55420726e-04],
       [ 1.41110749e-02, -1.21844052e-03,  2.96433528e-03, ...,
        -4.05945196e-05, -7.17123637e-03,  3.64435604e-04]]), 'sigma_log__': array([-5.84799018, -5.59589502, -6.28339475, -5.9436341 , -5.53968036,
       -5.91068102, -6.11205042, -5.67059072, -5.93160958, -6.12745561,
       -5.85130601, -5.94631142, -6.04092389, -5.68780411, -5.73941644,
       -5.73165945, -5.94027848, -6.80657621, -5.20973395, -5.80820559,
       -6.13038353, -5.49236488, -6.04778937, -5.47332689, -5.56807631,
       -6.37426413, -6.48678438, -5.95531561, -5.74718938, -5.7874991 ,
       -5.34202336, -5.74296279, -6.38759907, -6.32737109, -5.80762836,
       -5.14932317, -5.48033142, -6.88708689, -5.58888372, -5.47540645,
       -6.17221808, -5.37603005, -5.82137341, -5.83064508, -5.67752533,
       -5.32417529, -6.15057112, -5.38452786, -6.18123549, -5.24351049,
       -5.64368264, -6.25445624, -5.790564  , -6.08234046, -6.27231469,
       -5.48653499, -5.48902171, -5.84910389, -5.93650785, -6.43099816,
       -5.99431413, -5.85776214, -5.92859523, -5.29728063, -6.86914334,
       -6.18777894, -5.85825955, -6.05918743, -5.35262448, -5.84200595,
       -5.75349437, -5.97426704, -5.58524176, -5.83852838, -5.83169995,
       -5.61208593, -5.82874647, -6.01761268, -5.21586204, -5.23106285,
       -6.07254806, -5.8458976 , -6.04345826, -6.01474848, -6.09984672,
       -5.70684777, -6.33350671, -5.81844466, -5.9017038 , -5.64400775,
       -6.73801264, -6.21055428, -5.62954467, -5.40596798, -5.77455333,
       -5.37653555, -5.27904839, -6.99722835, -5.65169371, -5.82752303,
       -5.52306764, -5.37047266, -5.70124684, -6.32089224, -5.26187336,
       -5.82377193, -6.11812183, -6.87770622, -5.92651666, -5.51564337,
       -5.68485962, -5.58258997, -5.67048746, -6.14352112, -5.65980817,
       -5.76699843, -5.92588279, -5.74326914, -5.44019067, -5.59035803,
       -6.66782116, -5.53276757, -6.22802733, -5.96383111, -5.40194047,
       -5.68051776, -7.0771933 , -5.64391457, -6.64859734, -6.05496931,
       -5.94552144, -5.33384912, -6.28152348, -5.78801019, -5.4812176 ,
       -5.34411297, -5.59940351, -6.66601211, -6.27341329, -6.27565593,
       -5.49468003, -5.81070381, -5.46996442, -6.82639462, -5.83492856,
       -5.29725346, -5.84368387, -6.27981207, -5.48708507, -5.82483889,
       -5.58672083, -6.04615823, -5.4968582 , -6.1695972 , -5.42356709,
       -6.85468889, -6.01772215, -5.59398833, -5.93876513, -5.78091806,
       -5.56385259, -6.6564981 , -6.53279054, -5.37536454, -6.40657404,
       -6.04429217, -5.56515497, -5.43208246, -5.4408718 , -6.11743459,
       -6.08971168, -6.64544464, -6.15073977, -5.59866608, -5.64316341,
       -5.62246788, -5.78040081, -5.68664733, -5.82399806, -5.83737843,
       -6.00795618, -6.04629927, -5.8008789 , -6.26429547, -6.10829923,
       -5.81052463, -6.23996612, -6.15794947, -5.57125612, -6.18483906,
       -6.03145115, -5.23629328, -6.43541977, -5.79781992, -5.6596006 ,
       -5.79204208, -5.65764068, -5.84826915, -5.58470827, -5.77162031,
       -6.13654564, -5.87502611, -5.33736873, -5.74440496, -5.32854305,
       -6.04144057, -5.44429502, -6.35101462, -6.06301246, -5.64074245,
       -6.12043749, -6.2750852 , -5.73481489, -5.46074063, -5.93555912,
       -5.75709969, -5.67534554, -5.57371672, -5.78099676, -6.53727565,
       -5.56758581, -5.84672208, -5.58864397, -6.527349  , -5.69300034,
       -6.17135065, -5.93566301, -5.90693392, -6.20982269, -6.52933339,
       -6.06990293, -5.3461757 , -5.7519242 , -6.23098891, -5.94692431,
       -5.97958663, -5.78556211, -5.61869376, -5.55804215, -6.04523241,
       -6.35458798, -6.13274835, -6.27050385, -5.91438782, -5.38444048,
       -5.48722402, -5.95721731, -5.97021787, -5.89562962, -5.48005561,
       -5.94179756, -5.92393795, -5.68163794, -6.1008802 , -6.05076235,
       -5.8989423 , -5.41067962, -5.91007045, -6.07480721, -5.59737959,
       -6.4693299 , -5.53641008, -5.77592008, -6.08252721, -5.87208688,
       -6.28372139, -6.08912992, -5.73020373, -6.22216766, -5.42879676,
       -5.71650088, -6.39179318, -6.18182582, -5.68529817, -5.88538276,
       -5.2514997 , -5.62509299, -5.95576557, -5.46495287, -5.9663275 ,
       -6.09478037, -5.51605884, -6.0557016 , -5.72915526, -5.9021304 ,
       -5.69674184, -6.64288546, -5.96465561, -5.80128593, -6.60462719,
       -5.42567924, -6.51191321, -5.164468  , -6.06230003, -6.48484313,
       -5.71773999, -5.39661887, -6.10349211, -5.78422897, -6.56913121,
       -5.85679066, -5.58562302, -5.48648267, -5.8539257 , -5.43117367,
       -6.23937987, -6.03692143, -6.10732039, -6.77155381, -6.18748244,
       -5.33929619, -5.76249196, -5.57834892, -5.36495326, -5.68413735,
       -5.5115527 , -6.35623085, -5.9046308 , -6.44531663, -6.37754452,
       -5.62442127, -6.06025838, -6.26452869, -5.84142476, -5.45953264,
       -5.91811746, -5.9663733 , -5.48089761, -5.73944159, -5.87186192,
       -5.80631499, -5.55072062, -6.21212359, -5.50882324, -5.56649046,
       -5.97085569, -5.77592261, -6.69629241, -5.85792095, -5.6702144 ,
       -5.60657483, -5.46263336, -5.37154158, -5.23516085, -6.04647587,
       -5.69425384, -5.83674694, -6.48431671, -5.57404315, -5.95664757,
       -6.19966819, -6.05599361, -6.18717395, -6.47406691, -5.7758386 ,
       -5.68075805, -5.60007805, -5.79056672, -6.32853171, -5.94887541,
       -5.81936584, -5.55688559, -6.03011096, -5.99014655, -5.39517846,
       -5.52213237, -5.80995005, -5.16837887, -6.14476589, -6.24496921,
       -5.535339  , -5.89552738, -5.9792177 , -6.30472782, -5.99322562,
       -5.44143313, -5.39706395, -5.5463285 , -5.70332401, -6.27260599,
       -5.96867333, -5.64738904, -6.07618239, -5.4420924 , -5.71900696,
       -5.98081229, -5.83933255, -6.14519358, -5.74006361, -6.15539477,
       -5.66275903, -5.50315522, -5.56836542, -6.19967985, -6.19933239,
       -5.84985681, -5.70434449, -5.86468632, -6.49995743, -5.51910086,
       -5.85221423, -6.24240008, -6.39710895, -5.36629906, -5.73862169,
       -5.55505125, -5.54676726, -6.25053026, -5.5169414 , -6.36731881,
       -6.24115928, -6.43801626, -5.79792206, -5.53990015, -5.47142756,
       -6.39809357, -5.30024471, -5.6742961 , -6.32552923, -5.55200397,
       -5.48146062, -5.511494  , -5.78050111, -5.98861399, -5.94360527,
       -5.55488064, -5.51551198, -5.75246784, -6.2055098 , -5.7136989 ,
       -6.16774227, -6.48781676, -5.91771887, -5.90093626, -5.75278579,
       -5.24799751, -5.75353348, -6.20432794, -5.69287978, -5.88244872,
       -6.1267173 , -6.06294222, -6.28781296, -5.93207867, -5.7320996 ,
       -5.72866586]), 'sigma': array([0.00288569, 0.00371307, 0.00186705, 0.00262248, 0.00392778,
       0.00271034, 0.002216  , 0.00344583, 0.00265421, 0.00218213,
       0.00287614, 0.00261547, 0.00237936, 0.00338702, 0.00321664,
       0.00324169, 0.0026313 , 0.00110647, 0.00546313, 0.00300281,
       0.00217575, 0.00411809, 0.00236308, 0.00419725, 0.00381782,
       0.00170487, 0.00152344, 0.00259203, 0.00319174, 0.00306564,
       0.00478618, 0.00320526, 0.00168229, 0.00178672, 0.00300455,
       0.00580333, 0.00416795, 0.00102088, 0.0037392 , 0.00418853,
       0.0020866 , 0.00462615, 0.00296353, 0.00293618, 0.00342202,
       0.00487237, 0.00213226, 0.00458701, 0.00206787, 0.00528168,
       0.00353981, 0.00192187, 0.00305626, 0.00228283, 0.00188785,
       0.00414217, 0.00413188, 0.00288248, 0.00264124, 0.00161084,
       0.00249289, 0.00285763, 0.00266222, 0.00500519, 0.00103937,
       0.00205438, 0.00285621, 0.0023363 , 0.00473571, 0.00290301,
       0.00317168, 0.00254337, 0.00375284, 0.00291313, 0.00293309,
       0.00365344, 0.00294176, 0.00243548, 0.00542975, 0.00534784,
       0.00230529, 0.00289174, 0.00237334, 0.00244246, 0.00224321,
       0.00332313, 0.0017758 , 0.00297222, 0.00273478, 0.00353866,
       0.001185  , 0.00200812, 0.00359021, 0.00448971, 0.00310558,
       0.00462381, 0.00509728, 0.00091441, 0.00351156, 0.00294536,
       0.00399358, 0.00465193, 0.0033418 , 0.00179834, 0.00518558,
       0.00295643, 0.00220259, 0.00103051, 0.00266776, 0.00402334,
       0.00339701, 0.00376281, 0.00344619, 0.00214735, 0.00348319,
       0.00312914, 0.00266945, 0.00320428, 0.00433866, 0.00373369,
       0.00127117, 0.00395503, 0.00197334, 0.00257005, 0.00450783,
       0.00341179, 0.00084414, 0.00353899, 0.00129584, 0.00234617,
       0.00261754, 0.00482546, 0.00187055, 0.00306407, 0.00416426,
       0.00477619, 0.00370007, 0.00127347, 0.00188578, 0.00188156,
       0.00410857, 0.00299532, 0.00421138, 0.00108476, 0.00292363,
       0.00500532, 0.00289815, 0.00187375, 0.00413989, 0.00295328,
       0.0037473 , 0.00236694, 0.00409963, 0.00209208, 0.00441138,
       0.0010545 , 0.00243521, 0.00372016, 0.00263528, 0.00308588,
       0.00383398, 0.00128564, 0.00145494, 0.00462923, 0.00165067,
       0.00237136, 0.00382899, 0.00437398, 0.0043357 , 0.0022041 ,
       0.00226606, 0.00129993, 0.0021319 , 0.0037028 , 0.00354165,
       0.00361571, 0.00308748, 0.00339094, 0.00295576, 0.00291648,
       0.00245911, 0.0023666 , 0.00302489, 0.00190305, 0.00222433,
       0.00299586, 0.00194992, 0.00211659, 0.0038057 , 0.00206043,
       0.00240201, 0.00531994, 0.00160374, 0.00303416, 0.00348391,
       0.00305174, 0.00349074, 0.00288489, 0.00375485, 0.00311471,
       0.00216238, 0.00280872, 0.00480851, 0.00320064, 0.00485113,
       0.00237813, 0.00432089, 0.00174498, 0.00232738, 0.00355023,
       0.00219749, 0.00188263, 0.00323148, 0.00425041, 0.00264374,
       0.00316026, 0.00342948, 0.00379634, 0.00308564, 0.00144843,
       0.00381969, 0.00288935, 0.0037401 , 0.00146288, 0.00336947,
       0.00208841, 0.00264347, 0.00272052, 0.00200959, 0.00145998,
       0.0023114 , 0.00476634, 0.00317666, 0.00196751, 0.00261387,
       0.00252987, 0.00307158, 0.00362938, 0.00385632, 0.00236913,
       0.00173875, 0.00217061, 0.00189128, 0.00270031, 0.00458741,
       0.00413932, 0.0025871 , 0.00255368, 0.00275144, 0.0041691 ,
       0.0026273 , 0.00267465, 0.00340797, 0.00224089, 0.00235607,
       0.00274234, 0.0044686 , 0.002712  , 0.00230009, 0.00370757,
       0.00155026, 0.00394065, 0.00310134, 0.0022824 , 0.00281699,
       0.00186644, 0.00226738, 0.00324642, 0.00198494, 0.00438837,
       0.00329121, 0.00167525, 0.00206665, 0.00339552, 0.00277978,
       0.00523965, 0.00360623, 0.00259086, 0.00423254, 0.00256364,
       0.00225461, 0.00402167, 0.00234446, 0.00324982, 0.00273361,
       0.00335688, 0.00130326, 0.00256793, 0.00302366, 0.00135409,
       0.00440208, 0.00148563, 0.0057161 , 0.00232904, 0.0015264 ,
       0.00328713, 0.00453188, 0.00223505, 0.00307568, 0.00140302,
       0.00286041, 0.00375141, 0.00414239, 0.00286862, 0.00437795,
       0.00195107, 0.0023889 , 0.00222651, 0.00114591, 0.00205499,
       0.00479925, 0.00314327, 0.0037788 , 0.00467768, 0.00339946,
       0.00403983, 0.0017359 , 0.00272679, 0.00158794, 0.00169929,
       0.00360865, 0.0023338 , 0.00190261, 0.0029047 , 0.00425554,
       0.00269026, 0.00256352, 0.00416559, 0.00321656, 0.00281762,
       0.0030085 , 0.00388466, 0.00200498, 0.00405087, 0.00382388,
       0.00255206, 0.00310134, 0.00123548, 0.00285718, 0.00344713,
       0.00367363, 0.00424237, 0.00464696, 0.00532597, 0.00236619,
       0.00336525, 0.00291832, 0.0015272 , 0.00379511, 0.00258858,
       0.0020301 , 0.00234377, 0.00205563, 0.00154294, 0.0031016 ,
       0.00341097, 0.00369758, 0.00305625, 0.00178465, 0.00260877,
       0.00296949, 0.00386078, 0.00240523, 0.0025033 , 0.00453841,
       0.00399732, 0.00299758, 0.00569379, 0.00214468, 0.00194019,
       0.00394487, 0.00275172, 0.00253081, 0.00182764, 0.0024956 ,
       0.00433327, 0.00452986, 0.00390176, 0.00333486, 0.0018873 ,
       0.00255763, 0.00352671, 0.00229693, 0.00433041, 0.00328297,
       0.00252677, 0.00291078, 0.00214376, 0.00321456, 0.002122  ,
       0.00347292, 0.0040739 , 0.00381671, 0.00203008, 0.00203079,
       0.00288031, 0.00333146, 0.00283791, 0.0015035 , 0.00400945,
       0.00287353, 0.00194518, 0.00166637, 0.00467139, 0.0032192 ,
       0.00386787, 0.00390004, 0.00192943, 0.00401812, 0.00171676,
       0.0019476 , 0.00159958, 0.00303385, 0.00392692, 0.00420522,
       0.00166473, 0.00499037, 0.00343308, 0.00179002, 0.00387967,
       0.00416324, 0.00404007, 0.00308717, 0.00250714, 0.00262256,
       0.00386853, 0.00402387, 0.00317494, 0.00201828, 0.00330044,
       0.00209596, 0.00152187, 0.00269133, 0.00273688, 0.00317393,
       0.00525804, 0.00317155, 0.00202067, 0.00336987, 0.00278795,
       0.00218374, 0.00232754, 0.00185882, 0.00265296, 0.00324027,
       0.00325141])}"
