,0
0,"{'lt_0 - slope_shared': array(0.98209504), 'lt_0 - slope_sigma_log__': array(-1.11828494), 'lt_0 - slope_z_offset': array([ 7.77706117e-03, -5.09788447e-02, -5.98764470e-02,  5.87952654e-02,
       -1.08198516e-01,  1.86252789e-02, -1.09348067e-02,  1.75284729e-02,
        2.65526115e-02, -8.50101002e-02,  5.80172877e-03,  5.55625650e-04,
       -1.03537817e-01, -9.56473737e-02, -9.68282704e-02,  1.85916785e-02,
       -3.25244946e-04, -9.48825825e-02, -8.66245913e-03,  6.63161396e-02,
       -1.07290250e-01, -6.03309217e-02,  1.47420869e-02, -1.10111646e-02,
        2.65069157e-02, -2.92374785e-02, -5.26981620e-02,  1.90595492e-02,
       -6.16307432e-04, -1.74116787e-02,  4.95672903e-03, -4.00721745e-02,
        1.05618159e-01,  2.32218440e-02,  1.68306794e-02,  8.98172661e-03,
        6.58946949e-02, -3.60791903e-02,  2.36865936e-02,  2.81799467e-02,
        4.83074284e-02,  1.28277373e-02, -6.16560698e-02, -1.42826644e-02,
        9.10566040e-02, -7.42003190e-03, -3.49854049e-02, -1.22419391e-01,
        2.77575659e-02,  7.53348072e-02, -8.75226795e-02, -6.95836718e-02,
        1.75405843e-02,  9.75497884e-04, -4.17585619e-02,  7.33883543e-02,
        3.86136267e-02, -6.42186316e-03,  2.35418946e-02,  3.68888892e-02,
        1.72441453e-02,  1.95382019e-02,  7.01241198e-02,  9.56775884e-02,
        4.59345534e-02,  3.22842031e-05, -1.25368574e-02, -5.11096906e-02,
        3.50852215e-02, -1.02664007e-01, -2.15510611e-02, -9.23280362e-02,
       -1.99124780e-03,  2.50906298e-02, -2.86760035e-02, -4.11676209e-02,
        1.87650310e-02, -4.57239157e-02,  2.70415365e-03, -7.42341186e-04,
        2.76793543e-02, -1.63080382e-02,  5.36509855e-02,  7.32662892e-02,
        8.44210351e-04, -8.53923589e-03,  1.09280371e-02,  8.47370239e-03,
        2.32555267e-03,  3.99598223e-02, -5.16992292e-02, -4.07074391e-02,
       -5.26693510e-02,  8.78495990e-02, -1.07022972e-01, -2.20577735e-02,
        3.51981013e-02, -5.31731880e-02,  3.92438100e-02, -1.04066043e-02,
        5.66878268e-03,  4.25804917e-02, -5.35317281e-03, -4.25401359e-02,
        1.64007840e-02,  7.00892015e-02,  2.64006119e-02, -4.47485798e-02,
       -9.23954915e-02, -7.31101975e-02,  1.95257522e-02, -2.82084234e-03,
       -8.30401167e-02,  1.93379135e-02,  2.11898608e-02,  3.79170252e-02,
       -4.01756861e-03,  5.52389735e-02, -6.05188783e-02,  6.88392684e-02,
       -1.56321574e-02,  1.83239191e-02,  3.16689836e-02, -1.00051406e-01,
       -1.14179331e-01,  4.26519212e-03, -3.81416591e-02,  1.37874408e-02,
        1.97521531e-02,  8.48831109e-02,  1.13964399e-02,  4.79229603e-02,
       -1.00553922e-01,  5.88145604e-02, -6.64892843e-02,  4.09542591e-02,
       -4.94893176e-02, -7.43709407e-02, -3.29672153e-02, -7.32634834e-04,
        3.24071169e-03, -8.22544346e-02,  1.32068869e-02, -1.05929428e-03,
       -1.22666889e-01, -9.42288902e-02,  1.85587229e-02, -1.21915931e-01,
        3.78189399e-02,  2.68021307e-02,  1.72058272e-02,  3.42523217e-02,
        6.32638553e-02, -1.15901255e-01, -1.29925035e-01, -2.54250952e-02,
       -1.19361146e-01, -1.18109519e-01,  2.92031371e-02, -3.46271093e-02,
       -2.22849276e-02,  7.32353417e-03, -3.24966145e-04, -1.55192548e-01,
        3.49814856e-02, -3.03803357e-02,  5.27000348e-03, -5.44410040e-03,
       -2.06152841e-02, -3.42181433e-03, -6.84995198e-03,  4.38786952e-02,
        2.51736571e-02,  2.61337361e-02, -9.48439111e-02,  4.12630044e-02,
       -8.27317843e-02, -1.05274731e-02, -7.05046934e-02,  2.38607990e-02,
        6.55906926e-02,  2.73550477e-02,  7.63020038e-02, -1.74942198e-02,
        4.88050381e-02, -3.87774321e-02, -2.15865293e-03,  1.00156016e-01,
        4.83091071e-02,  7.55002570e-02,  1.06100984e-02, -1.58896532e-01,
        3.79232395e-02, -7.11106754e-03, -1.23432912e-01, -5.48040660e-02,
        5.66856738e-02, -2.81016467e-03,  3.23146763e-02, -3.01576588e-02,
       -1.23531027e-02,  6.97132682e-02, -1.35230669e-02,  7.04932369e-02,
       -1.28625299e-01,  3.15610666e-02,  4.53772426e-03,  3.67324715e-02,
        1.22841018e-01,  4.46382479e-02, -6.85001935e-02, -5.30180043e-02,
       -3.82434909e-02,  1.37106648e-02,  1.97974415e-02,  8.11144599e-03,
        1.06698434e-02, -2.74735104e-02,  2.97100261e-02, -3.71053717e-02,
        1.43216532e-02, -6.99464726e-03, -6.38472604e-02,  2.49043817e-02,
        4.22260305e-02, -2.32052812e-02, -1.07980359e-01, -7.59802183e-02,
       -2.42112032e-02, -1.61491851e-02, -4.56971535e-02,  6.61778874e-02,
       -1.93181940e-02,  4.53917899e-03,  1.75106525e-02,  5.28995370e-02,
        4.05816137e-02,  1.20439730e-02, -4.09609464e-02, -1.09753026e-01,
       -6.01723028e-03,  1.12707939e-02,  1.33773896e-02, -8.85508706e-02,
        4.15002984e-02, -2.71980218e-02, -9.49791710e-02,  1.65576789e-02,
       -3.70585841e-02,  3.72031782e-02, -3.09140835e-02,  1.22113142e-02,
       -5.47103725e-02,  2.28185603e-02,  2.36986373e-02,  1.44853387e-02,
        5.02940385e-02,  3.12058034e-02,  6.90706263e-03, -4.63431978e-02,
        2.45050259e-02, -3.34571921e-02, -2.26230919e-03,  2.49967065e-03,
        6.17117605e-02, -2.23418067e-02,  7.14164187e-02,  1.32336046e-01,
       -1.38083491e-02, -2.16629931e-03,  7.82228716e-02, -1.96285401e-03,
       -1.01641789e-03,  6.56323838e-02, -5.10150056e-02, -4.78195965e-02,
        6.55382055e-02, -9.53166255e-02, -9.86799985e-03,  7.79554581e-04,
        1.56929753e-02, -1.51253434e-01,  2.78058391e-02,  2.23362248e-02,
       -5.31510836e-02,  3.09047435e-02,  9.08259389e-02, -2.41456039e-02,
       -5.02145181e-03,  2.51740217e-02, -2.02142517e-01,  6.14537357e-02,
       -9.44166306e-02, -3.03215910e-03, -9.81386317e-02,  2.66214269e-02,
       -2.05232956e-02,  4.45974521e-02,  2.01637737e-02,  1.08524090e-02,
        4.68441762e-02,  3.66329163e-02, -1.55289855e-02,  3.90099949e-03,
       -2.32826711e-02,  6.34438627e-03, -3.85359489e-02,  4.71272208e-02,
       -6.41427095e-02,  9.62270421e-02,  2.58598399e-02, -7.03415007e-02,
       -3.98276843e-02, -1.44950058e-02,  3.79605021e-02, -1.12203495e-02,
       -8.61848021e-02,  2.04804198e-03, -6.09754405e-02, -1.07399643e-02,
       -1.28070080e-02, -4.21790576e-02, -4.71412288e-02,  2.16608423e-02,
       -2.84874003e-02, -9.78238077e-02,  4.02037955e-02, -1.28553368e-02,
       -8.80481154e-02, -3.55282593e-02, -8.03344044e-02, -1.33392629e-02,
        5.87995411e-02, -1.63063237e-01, -2.33263323e-03, -5.62392156e-02,
       -6.96905326e-02, -1.74839994e-02,  5.85622872e-03, -6.35489291e-02,
        2.03858704e-02,  9.50106025e-03, -2.67064645e-01,  7.01839624e-02,
        1.84393891e-02,  1.45487556e-02,  4.55408284e-02,  4.69031199e-02,
       -5.68781065e-03,  7.87513911e-03,  2.98413678e-02,  6.91875086e-02,
        5.92431143e-03,  3.63106160e-02,  3.01042477e-02,  5.35341206e-02,
       -2.61989278e-02,  2.81957437e-03,  2.61925548e-02,  2.84989634e-02,
       -1.16510118e-01, -3.03497275e-02,  7.72264349e-02, -4.65669185e-02,
       -8.61430005e-03, -4.39837708e-02, -1.40955140e-01,  5.24979833e-02,
       -2.55317613e-03,  9.16825116e-02,  1.29426353e-02, -2.24540501e-02,
       -5.21528839e-02, -1.93554892e-02, -3.02668707e-02,  2.30317565e-02,
       -9.60163834e-03,  6.32636348e-02, -1.64977231e-02,  4.17519021e-03,
        2.26704322e-02,  1.76728146e-02, -1.66552954e-03,  3.33639753e-03,
        7.07879048e-02,  4.77057336e-02, -3.52861964e-02, -4.97840089e-04,
        5.11781040e-02, -9.08996333e-02, -3.14290088e-02,  3.18000690e-02,
       -1.20267702e-01,  3.44221130e-02,  1.17635591e-02,  3.15611339e-02,
        5.87087647e-02, -2.76456673e-02, -2.75147242e-03,  6.82598714e-03,
        4.99823203e-02,  4.73674061e-02, -1.97312086e-02, -2.77079041e-02,
       -9.80209762e-02, -8.81088948e-02, -8.20601742e-03,  2.44317567e-03,
       -6.98019783e-03,  1.02844744e-01,  1.16694953e-01, -1.90416821e-02,
        4.59287193e-02,  5.86040533e-02, -2.21510622e-02, -5.52470609e-02,
        1.01147739e-02,  1.51700091e-02,  4.31059282e-02,  2.19179753e-02,
        4.17294356e-02, -8.99279043e-02, -9.63668804e-02, -4.43128759e-02,
        8.87987441e-03, -1.00643131e-03,  1.78393433e-02,  4.70339959e-02,
       -6.22915768e-02, -1.56342188e-02,  1.57406028e-02,  4.57357972e-02,
       -6.45385681e-02, -1.07889741e-01, -6.37212459e-02, -6.63538717e-02,
       -2.63721141e-02, -5.69229507e-02, -5.82181221e-02,  3.19242771e-02,
       -1.06568031e-03,  4.98727887e-02, -2.52481968e-02,  2.64509440e-02,
        1.82107707e+00]), 'lt_0 - delta_shared': array([ 5.23979095e-03, -6.39467793e-02, -6.23988276e-02, -3.06371839e-01,
        3.44209523e-02, -2.39958943e-01,  1.21679102e-01, -4.37081513e-02,
        2.57851657e-02, -1.94051333e-01,  3.34833837e-01, -9.87299819e-01,
       -2.16747398e+00, -8.31474105e-01,  1.91874368e+00,  8.57417695e+00,
       -5.89206170e+00, -1.27103716e+00, -1.69832005e+00,  7.31813838e+00,
       -3.73305192e+00, -4.86032928e+00, -6.95103412e-01, -2.11129853e+00,
        2.77536732e+00]), 'lt_0 - delta_sigma_log__': array([-4.34593666, -4.30753711, -4.22979658, -4.16099668, -4.13640054,
       -3.99869341, -3.95633595, -3.80968059, -3.69464519, -3.502212  ,
       -3.41496548, -2.55117144,  0.14461379, -3.4200555 , -0.2749672 ,
        0.28301622, -3.31826697,  0.35224353, -0.02169109, -2.64240617,
       -1.13110905, -1.76344924, -0.68811283,  1.0098093 ,  0.64980209]), 'lt_0 - delta_z_offset': array([[ 8.71358296e-09,  8.71358296e-09,  8.71358296e-09, ...,
         8.71358296e-09,  8.71358296e-09,  8.71358296e-09],
       [ 8.71358296e-09,  8.71358296e-09,  8.71358296e-09, ...,
         8.71358296e-09,  8.71358296e-09,  8.71358296e-09],
       [ 8.71358296e-09,  8.71358296e-09,  8.71358296e-09, ...,
         8.71358296e-09,  8.71358296e-09,  8.71358296e-09],
       ...,
       [ 8.71358296e-09,  8.71358296e-09,  8.71358296e-09, ...,
         8.71358296e-09,  8.71358296e-09,  8.71358296e-09],
       [ 8.71358296e-09,  8.71358296e-09,  8.71358296e-09, ...,
         8.71358296e-09,  8.71358296e-09,  8.71358296e-09],
       [ 1.66057190e-04,  7.12923607e-04, -5.09346516e-06, ...,
         2.75326776e+00,  3.08956926e+00, -4.20374873e+00]]), 'lt_0 - intercept': array([-3.00771334e-02, -4.11788249e-02, -1.27631429e-02, -9.16034459e-02,
       -3.86316439e-02, -2.21193304e-02, -2.13250914e-02, -4.69482575e-02,
       -5.99202750e-02, -4.53869158e-02, -1.93810346e-02, -5.24030420e-02,
       -2.46304344e-02, -1.84300143e-02, -5.73463508e-02, -3.53913679e-02,
       -2.66736695e-02, -2.73037974e-02, -9.81443698e-03, -9.82483129e-02,
       -3.95176779e-02, -6.49191470e-02, -6.13127644e-02,  3.19747663e-03,
       -5.77665728e-02, -1.92077463e-02, -2.33522539e-02, -1.07421100e-01,
       -2.71639804e-02, -4.62027698e-02, -2.33622695e-02,  1.62002593e-03,
       -1.12361528e-01, -9.57948309e-02, -2.72925562e-02, -3.39752416e-02,
       -6.86699613e-02, -4.50867274e-02, -3.76052497e-02, -6.24019976e-02,
       -7.22584254e-02, -4.48502710e-02, -1.70904029e-02, -1.96205743e-02,
       -1.70490484e-01, -6.02850688e-03, -1.10127717e-02, -4.84559605e-02,
       -5.66672392e-02, -8.42893297e-02, -5.49191365e-02, -1.26567262e-02,
       -6.89035192e-02, -2.02702683e-02, -2.23151797e-02, -1.74161455e-01,
       -8.94174353e-02, -3.00423367e-02, -8.65237467e-02, -5.89698483e-02,
       -2.91843593e-02, -7.76770196e-02, -7.54536428e-02, -1.42948391e-01,
       -7.85553736e-02, -2.02290302e-02, -3.92749966e-02,  2.25626429e-03,
       -4.95384850e-02, -4.71684468e-02, -4.64273070e-03, -1.92726543e-02,
       -4.02477229e-02, -2.60730963e-02, -1.55663816e-02, -2.00560493e-02,
       -3.49551851e-02, -2.54136499e-02, -3.28117117e-02, -2.19549254e-02,
       -2.78176227e-02, -1.61302126e-02, -1.00154221e-01, -1.11775178e-01,
       -2.80715702e-02, -5.78892522e-03, -1.72158600e-02, -2.89316221e-02,
       -3.06997072e-02, -7.18897575e-02, -1.42365586e-02, -2.51938699e-03,
       -2.22964937e-02, -1.65455929e-01, -2.56383634e-02, -2.27672293e-02,
       -9.80456867e-02, -2.62063752e-02, -5.33240990e-02, -1.81307673e-02,
       -1.20745986e-02, -1.08617122e-01, -3.28928601e-02, -1.83799287e-02,
       -4.00732395e-02, -9.12092078e-02, -2.58664320e-02, -1.49471860e-02,
       -1.13754407e-02, -3.02866473e-02, -4.68527749e-02, -1.56004665e-02,
       -4.91257004e-02, -5.13476943e-02, -6.57858112e-02, -5.59122526e-02,
       -2.51411403e-03, -7.26101396e-02, -3.77531587e-02, -1.03749287e-01,
       -9.53830228e-03, -3.14806987e-02, -9.37925918e-02, -1.39048631e-02,
       -2.00681639e-02, -5.25170832e-02, -4.72129952e-02, -6.98515495e-02,
       -4.88729845e-02, -8.36553231e-02, -4.48761448e-02, -5.65604161e-02,
       -2.62669001e-02, -6.78962144e-02, -5.33688735e-03, -6.23153480e-02,
       -1.73342752e-02, -2.06400248e-02, -2.62612157e-02, -3.74608505e-02,
       -3.54940780e-02, -5.75242091e-03, -4.95190818e-02, -3.38025415e-02,
       -1.89258037e-02, -1.80082161e-02, -8.29639487e-02, -2.48501615e-02,
       -6.02124910e-02, -5.88281213e-02, -5.18739867e-02, -4.37541882e-02,
       -1.04137917e-01, -2.99251946e-02, -7.12923044e-02, -7.07430680e-03,
       -2.14426886e-02, -5.58794853e-02, -3.81718319e-02, -4.55838682e-02,
       -4.41730951e-02, -5.08802999e-02, -3.10697346e-02, -9.47062623e-02,
       -7.51344800e-02,  1.95634673e-03, -2.69513144e-02, -2.68353624e-02,
        1.76396709e-04, -2.10653824e-02, -2.35130053e-02, -6.98476215e-02,
       -5.26424545e-02, -5.34246322e-02, -4.52616302e-02, -4.21261694e-02,
       -3.82950458e-02, -2.19004196e-02, -2.46428231e-02, -4.94405778e-02,
       -7.61904649e-02, -5.16945017e-02, -1.29956924e-01, -3.80641114e-02,
       -5.96814082e-02, -3.10433666e-02, -2.89272185e-02, -1.20152989e-01,
       -6.43217485e-02, -8.84514330e-02, -1.40757802e-02, -2.38649253e-02,
       -5.84691326e-02, -1.04763402e-04, -8.18197627e-03, -1.43264159e-02,
       -1.34100012e-01, -1.10239386e-02, -4.67726755e-02, -3.75183953e-02,
       -1.32128872e-02, -8.33580735e-02, -3.15632655e-02, -1.56049171e-01,
       -2.67990843e-02, -6.35894441e-02, -2.73358292e-02, -4.92609918e-02,
       -1.71332711e-01, -6.76306448e-02, -1.31039426e-02, -2.80433145e-04,
       -1.88633269e-04, -1.67279790e-02, -4.87752745e-02, -3.59940740e-02,
       -4.74404973e-02, -9.54801175e-03, -5.71685211e-02, -5.24644795e-03,
       -4.24156806e-02, -2.84688852e-02, -1.84213841e-02, -4.84341956e-02,
       -6.96383845e-02, -2.59828337e-02, -3.92417320e-02, -1.34278483e-02,
        5.24804492e-03, -9.47470087e-03, -4.18109315e-04, -8.54050215e-02,
       -1.46888936e-02, -4.66623791e-02, -3.53797488e-02, -6.80051386e-02,
       -6.96244143e-02, -5.25272703e-02, -1.54120042e-02, -2.32220060e-02,
       -4.68737547e-02, -2.30239596e-02, -3.95932461e-02, -1.39940098e-02,
       -5.08536387e-02, -2.48499666e-02, -1.69655371e-02, -4.53825025e-02,
       -3.72903296e-02, -7.09032694e-02, -2.34539289e-02, -4.19533784e-02,
       -3.25540583e-02, -4.52580551e-02, -2.90413834e-02, -4.18013902e-02,
       -7.53847863e-02, -3.33810269e-02, -5.21362123e-02,  2.66164024e-03,
       -3.08531213e-02, -4.14741647e-02, -5.32076627e-02, -5.72691082e-02,
       -7.58443682e-02, -7.02510284e-03, -1.13140574e-01, -1.43677530e-01,
       -5.43591339e-04, -7.82504426e-03, -1.28147576e-01, -4.00634791e-02,
       -6.75859743e-02, -1.01632225e-01, -1.83574471e-02, -3.62218879e-02,
       -8.28484215e-02, -2.84142782e-02, -2.58473674e-02, -3.48593989e-02,
       -5.16661620e-02, -7.19202067e-02, -1.07159546e-01, -3.09013817e-02,
       -4.38700372e-03, -1.13128107e-01, -1.37903317e-01, -6.26062691e-03,
       -4.37179935e-02, -5.68479750e-02, -8.60074986e-02, -8.77195393e-02,
       -3.65458240e-02, -1.78657507e-02, -4.05396182e-02, -4.04391833e-02,
       -2.51812997e-02, -9.15170373e-02, -2.88634927e-02, -1.90793479e-02,
       -7.04380356e-02, -6.28730286e-02, -3.76939729e-02, -3.35642689e-02,
       -4.33036270e-02, -2.68050064e-02, -1.75115748e-02, -6.41257510e-02,
       -1.85433700e-02, -1.68637425e-01, -5.21068493e-02, -2.85824027e-02,
       -1.11412015e-02, -6.71606977e-03, -4.12432484e-02, -2.48471238e-02,
       -1.73459786e-02, -2.64039736e-02, -2.60815697e-02, -3.60016105e-02,
       -2.23846210e-02, -3.02977660e-02, -6.04446235e-03, -4.69510377e-02,
       -1.06023676e-02, -1.94776180e-02, -5.05577971e-02, -8.04392355e-03,
       -2.38472553e-02, -4.44648437e-02, -5.54723638e-02, -1.03369620e-02,
       -7.69658145e-02, -6.50225804e-02, -2.30965392e-02, -2.11835583e-02,
       -2.29903568e-02, -1.77871811e-02, -1.12790534e-01, -6.67882170e-02,
       -3.34910552e-02, -3.95777293e-02, -7.76979944e-02, -1.12432485e-01,
       -3.50280941e-02, -7.19470026e-02, -5.16837033e-02, -8.41477380e-02,
       -4.61604741e-03, -2.63534157e-02, -5.02970482e-02, -9.06017719e-02,
       -4.66609438e-02, -6.96261539e-02, -2.95946115e-02, -5.36922728e-02,
       -2.66463569e-02, -2.91029535e-02, -4.14397461e-02, -4.04118238e-02,
       -2.58398732e-02, -2.24158162e-02, -1.05172677e-01, -4.80367074e-03,
       -2.43431625e-02, -2.16452759e-02, -4.98651383e-02, -5.12675585e-02,
       -1.60146326e-02, -1.84247787e-01, -6.04453868e-02,  4.00575172e-03,
       -3.85294051e-03, -1.10177974e-02, -4.85469213e-03, -5.46289926e-02,
       -1.79252015e-02, -7.14259743e-02, -2.45359632e-02, -3.36720251e-02,
       -4.15939253e-02, -4.82157805e-02, -5.09575501e-03, -4.24051579e-02,
       -7.52417848e-02, -8.28575542e-02, -1.99940530e-02, -1.07470436e-02,
       -7.39937346e-02, -4.57021308e-02, -1.93039658e-02, -2.89864754e-02,
       -3.19161500e-02, -5.09847528e-02, -1.96474868e-02, -7.27768010e-02,
       -1.03833046e-01, -4.85936363e-02, -4.86015559e-02, -6.26363542e-02,
       -9.95225043e-02, -8.04197554e-02, -2.74223769e-02, -1.59609570e-02,
       -3.30438653e-02, -8.49870674e-02, -1.36291170e-02, -2.54991553e-02,
       -2.08588589e-02, -1.44686484e-01, -1.23938661e-01, -2.27068211e-03,
       -6.44469544e-02, -8.42995563e-02, -7.53816816e-02, -3.10002491e-02,
       -8.91494095e-02, -1.68057414e-02, -6.31143789e-02, -3.31494120e-02,
       -9.51859357e-02, -2.62131693e-02, -2.40659409e-02, -2.26682899e-02,
       -1.65066155e-02, -3.80969922e-02, -2.56231658e-02, -6.65003532e-02,
       -1.32848558e-02, -5.65509307e-03, -6.90081227e-02, -6.27563554e-02,
        1.06811463e-03, -4.09115011e-02, -8.46490577e-03, -3.15343809e-03,
       -1.13861639e-02, -7.93804357e-03, -4.46671794e-02, -6.19666676e-02,
       -1.46510234e-02, -6.27995208e-02, -5.00570375e-02, -4.10055568e-02,
       -7.52877292e-01]), 'fs_0 - beta_shared': array([ 0.00100542, -0.00024517,  0.00055021,  0.00025689,  0.00016125,
        0.00048016]), 'fs_0 - beta_sigma(p=7,n=3)_log__': array([-5.87472504, -5.90701397, -6.04867889, -6.09152645, -6.05209068,
       -6.01115002]), 'fs_0 - beta_z_offset(p=7,n=3)': array([[ 0.01074551, -0.00338766,  0.0011122 ,  0.00807115, -0.004069  ,
         0.00193487],
       [ 0.00781467,  0.03366609, -0.00781844,  0.00474293, -0.00136687,
        -0.00351708],
       [-0.01483233, -0.01176468, -0.00918995, -0.00156536, -0.00680919,
        -0.00667557],
       ...,
       [ 0.04278502, -0.05655738,  0.01432389, -0.00549329, -0.00553741,
        -0.00539707],
       [ 0.00180579,  0.03073366, -0.00837478,  0.02399545, -0.00857169,
         0.00292621],
       [-0.28365067,  0.14272118, -0.1413787 , -0.080805  , -0.02761365,
        -0.1662444 ]]), 'fs_1 - beta_shared': array([ 0.00759388, -0.00923892, -0.00137651,  0.00706316,  0.00016266,
       -0.00143629, -0.00774664, -0.00688048, -0.00980813,  0.00374049,
        0.00408445,  0.00911129, -0.00082299, -0.00179971, -0.01261896,
        0.0008196 , -0.00321061,  0.01113077,  0.00143856, -0.01989968]), 'fs_1 - beta_sigma(p=365.25,n=10)_log__': array([-4.91037165, -4.75856688, -5.24802118, -3.02802805, -4.03048647,
       -3.25144321, -3.56813471, -3.77477397, -3.99715436, -3.86737015,
       -3.76948316, -3.80775249, -4.21694439, -3.67154322, -4.15566224,
       -4.08853576, -4.78407194, -4.16260562, -3.68386546, -3.6377317 ]), 'fs_1 - beta_z_offset(p=365.25,n=10)': array([[ 0.00700726, -0.02944519, -0.03969384, ...,  0.01879263,
        -0.03657908,  0.04446792],
       [-0.10813292,  0.032089  , -0.16554945, ...,  0.19647614,
        -0.0445546 , -0.47601538],
       [-0.12022647,  0.11835695, -0.02664605, ...,  0.00140052,
        -0.29701055,  0.37705171],
       ...,
       [-0.05836051, -0.01054511, -0.13271892, ...,  0.25721371,
        -0.17098688,  0.65999757],
       [ 0.06080439, -0.05680767,  0.01563534, ..., -0.03081237,
         0.14052835, -0.07441696],
       [ 0.5680826 ,  1.21155382,  0.50856223, ..., -0.62368313,
         0.03855901,  0.73188661]]), 'sigma_log__': array(-3.48403681), 'lt_0 - slope_sigma': array(0.32683986), 'lt_0 - delta_sigma': array([0.01295936, 0.01346668, 0.01455535, 0.01559201, 0.01598027,
       0.01833959, 0.01913309, 0.02215525, 0.02485627, 0.03013066,
       0.03287754, 0.07799025, 1.15559318, 0.03271062, 0.75959704,
       1.32712669, 0.03621554, 1.42225484, 0.97854247, 0.07118977,
       0.32267519, 0.17145246, 0.50252352, 2.74507747, 1.91516177]), 'fs_0 - beta_sigma(p=7,n=3)': array([0.00280957, 0.0027203 , 0.00236098, 0.00226195, 0.00235294,
       0.00245127]), 'fs_1 - beta_sigma(p=365.25,n=10)': array([0.00736975, 0.00857789, 0.00525791, 0.04841101, 0.01776569,
       0.03871829, 0.02820842, 0.02294228, 0.01836783, 0.0209133 ,
       0.02306398, 0.02219801, 0.01474363, 0.02543718, 0.01567541,
       0.01676376, 0.00836188, 0.01556694, 0.02512566, 0.02631196]), 'sigma': array(0.0306833), 'lt_0 - slope': array([0.9846369 , 0.96543313, 0.96252503, 1.00131168, 0.94673146,
       0.98818253, 0.97852111, 0.98782405, 0.9907735 , 0.95431035,
       0.98399128, 0.98227664, 0.94825476, 0.95083367, 0.95044771,
       0.98817155, 0.98198874, 0.95108363, 0.97926381, 1.0037698 ,
       0.94702831, 0.96237649, 0.98691335, 0.97849616, 0.99075856,
       0.97253907, 0.96487118, 0.98832446, 0.98189361, 0.97640421,
       0.9837151 , 0.96899786, 1.01661527, 0.98968487, 0.98759598,
       0.98503063, 1.00363206, 0.97030293, 0.98983677, 0.99130537,
       0.99788384, 0.98628766, 0.96194338, 0.9774269 , 1.01185597,
       0.97966988, 0.97066042, 0.94208351, 0.99116732, 1.00671746,
       0.95348914, 0.95935233, 0.98782801, 0.98241388, 0.96844668,
       1.00608128, 0.99471552, 0.97999612, 0.98978947, 0.9941518 ,
       0.98773112, 0.98848091, 1.0050144 , 1.01336629, 0.99710829,
       0.9821056 , 0.9779975 , 0.96539036, 0.99356229, 0.94854035,
       0.9750513 , 0.95191856, 0.98144422, 0.99029566, 0.97272258,
       0.96863982, 0.9882282 , 0.96715065, 0.98297887, 0.98185242,
       0.99114176, 0.97676493, 0.99963032, 1.00604139, 0.98237097,
       0.97930408, 0.98566676, 0.98486459, 0.98285513, 0.99515551,
       0.96519767, 0.96879023, 0.9648806 , 1.01080779, 0.94711567,
       0.97488568, 0.99359919, 0.96471593, 0.99492149, 0.97869375,
       0.98394783, 0.99601205, 0.98034541, 0.96819123, 0.98745547,
       1.00500299, 0.99072382, 0.96746942, 0.95189651, 0.95819972,
       0.98847684, 0.98117308, 0.95495422, 0.98841544, 0.98902074,
       0.99448784, 0.98078194, 1.00014934, 0.96231506, 1.00459446,
       0.97698583, 0.98808403, 0.99244573, 0.94939426, 0.94477669,
       0.98348908, 0.96962883, 0.98660133, 0.98855084, 1.00983823,
       0.98581985, 0.99775818, 0.94923001, 1.00131799, 0.9603637 ,
       0.99548053, 0.96591996, 0.95778766, 0.97132004, 0.98185559,
       0.98315424, 0.95521102, 0.98641158, 0.98174882, 0.94200261,
       0.95129729, 0.98816077, 0.94224806, 0.99445578, 0.99085505,
       0.98771859, 0.99329007, 1.00277219, 0.94421389, 0.93963036,
       0.97378511, 0.94308306, 0.94349214, 0.99163979, 0.97077752,
       0.97481144, 0.98448867, 0.98198883, 0.93137193, 0.99352839,
       0.97216554, 0.98381749, 0.98031569, 0.97535715, 0.98097666,
       0.97985621, 0.99643635, 0.9903228 , 0.99063659, 0.95109627,
       0.99558144, 0.955055  , 0.97865425, 0.9590513 , 0.9898937 ,
       1.0035327 , 0.99103576, 1.00703358, 0.97637724, 0.99804648,
       0.96942103, 0.98138951, 1.01483002, 0.99788439, 1.00677154,
       0.98556285, 0.93016132, 0.99448987, 0.97977086, 0.94175225,
       0.96418289, 1.00062218, 0.98117657, 0.99265677, 0.97223832,
       0.97805756, 1.00488012, 0.97767517, 1.00513504, 0.94005517,
       0.99241046, 0.98357815, 0.99410068, 1.02224439, 0.9966846 ,
       0.95970645, 0.96476665, 0.96959555, 0.98657624, 0.98856564,
       0.98474619, 0.98558237, 0.97311561, 0.99180546, 0.96996753,
       0.98677593, 0.97980891, 0.96122721, 0.99023479, 0.99589619,
       0.97451063, 0.94680276, 0.95726168, 0.97418186, 0.97681685,
       0.96715939, 1.00372462, 0.97578109, 0.98357863, 0.98781822,
       0.99938472, 0.99535873, 0.98603149, 0.96870737, 0.94622338,
       0.98012837, 0.98577879, 0.98646731, 0.95315309, 0.995659  ,
       0.97320565, 0.95105206, 0.98750675, 0.96998282, 0.99425453,
       0.97199109, 0.98608619, 0.96421351, 0.98955306, 0.9898407 ,
       0.98682943, 0.99853314, 0.99229434, 0.98435255, 0.96694824,
       0.99010426, 0.9711599 , 0.98135563, 0.98291204, 1.00226491,
       0.97479285, 1.00543678, 1.02534774, 0.97758193, 0.98138701,
       1.0076614 , 0.98145351, 0.98176284, 1.00354632, 0.96542131,
       0.96646569, 1.00351554, 0.95094177, 0.97886979, 0.98234983,
       0.98722413, 0.93265939, 0.9911831 , 0.98939541, 0.96472315,
       0.99219595, 1.01178058, 0.9742033 , 0.98045383, 0.99032292,
       0.91602681, 1.00218057, 0.95123593, 0.98110401, 0.95001943,
       0.99079599, 0.97538721, 0.99667127, 0.98868537, 0.98564204,
       0.99740559, 0.99406814, 0.97701955, 0.98337005, 0.97448534,
       0.98416864, 0.96949996, 0.9974981 , 0.96113065, 1.01354588,
       0.99054707, 0.95910464, 0.96907777, 0.9773575 , 0.99450205,
       0.97842779, 0.95392641, 0.98276443, 0.96216584, 0.9785848 ,
       0.9779092 , 0.96830925, 0.96668741, 0.98917467, 0.97278423,
       0.95012232, 0.99523525, 0.97789341, 0.95331741, 0.97048299,
       0.95583856, 0.97773524, 1.00131308, 0.92879948, 0.98133265,
       0.96371383, 0.9593174 , 0.97638058, 0.98400909, 0.96132472,
       0.98875796, 0.98520037, 0.89480767, 1.00503396, 0.98812177,
       0.98685016, 0.9969796 , 0.99742485, 0.98023604, 0.98466895,
       0.99184839, 1.00470828, 0.98403135, 0.9939628 , 0.99193431,
       0.99959213, 0.97353219, 0.98301659, 0.99065582, 0.99140964,
       0.94401489, 0.97217554, 1.00733572, 0.96687512, 0.97927955,
       0.96771939, 0.93602529, 0.99925348, 0.98126056, 1.01206054,
       0.98632521, 0.97475617, 0.9650494 , 0.9757689 , 0.97220262,
       0.98962274, 0.97895685, 1.00277212, 0.97670293, 0.98345966,
       0.98950464, 0.98787122, 0.98155068, 0.98318551, 1.00523135,
       0.99768718, 0.97056211, 0.98193233, 0.99882209, 0.95238542,
       0.97182279, 0.99248857, 0.94278676, 0.99334556, 0.98593984,
       0.99241048, 1.00128341, 0.97305934, 0.98119575, 0.98432605,
       0.99843126, 0.9975766 , 0.9756461 , 0.973039  , 0.95005788,
       0.95329754, 0.97941299, 0.98289357, 0.97981364, 1.01570881,
       1.02023561, 0.97587146, 0.99710638, 1.00124918, 0.97485519,
       0.9640381 , 0.98540096, 0.98705321, 0.99618378, 0.98925871,
       0.99573389, 0.95270302, 0.95059851, 0.96761183, 0.98499734,
       0.9817661 , 0.98792565, 0.99746763, 0.96173567, 0.97698516,
       0.9872397 , 0.99704333, 0.96100127, 0.94683238, 0.9612684 ,
       0.96040795, 0.97347559, 0.96349035, 0.96306704, 0.99252917,
       0.98174674, 0.99839546, 0.97384293, 0.99074027, 1.57729563]), 'lt_0 - delta': array([[ 5.23979106e-03, -6.39467792e-02, -6.23988275e-02, ...,
        -6.95103407e-01, -2.11129851e+00,  2.77536734e+00],
       [ 5.23979106e-03, -6.39467792e-02, -6.23988275e-02, ...,
        -6.95103407e-01, -2.11129851e+00,  2.77536734e+00],
       [ 5.23979106e-03, -6.39467792e-02, -6.23988275e-02, ...,
        -6.95103407e-01, -2.11129851e+00,  2.77536734e+00],
       ...,
       [ 5.23979106e-03, -6.39467792e-02, -6.23988275e-02, ...,
        -6.95103407e-01, -2.11129851e+00,  2.77536734e+00],
       [ 5.23979106e-03, -6.39467792e-02, -6.23988275e-02, ...,
        -6.95103407e-01, -2.11129851e+00,  2.77536734e+00],
       [ 5.24194294e-03, -6.39371786e-02, -6.23989018e-02, ...,
         6.88478404e-01,  6.36980845e+00, -5.27549153e+00]]), 'fs_0 - beta(p=7,n=3)': array([[ 1.03560742e-03, -2.54388160e-04,  5.52836848e-04,
         2.75142276e-04,  1.51675918e-04,  4.84904352e-04],
       [ 1.02737304e-03, -1.53590944e-04,  5.31751784e-04,
         2.67614015e-04,  1.58033847e-04,  4.71540170e-04],
       [ 9.63744771e-04, -2.77176151e-04,  5.28513697e-04,
         2.53344935e-04,  1.45228408e-04,  4.63797865e-04],
       ...,
       [ 1.12562456e-03, -3.99025643e-04,  5.84029377e-04,
         2.44460140e-04,  1.48220838e-04,  4.66931821e-04],
       [ 1.01049068e-03, -1.61568027e-04,  5.30438288e-04,
         3.11162318e-04,  1.41081362e-04,  4.87334389e-04],
       [ 2.08481732e-04,  1.43071354e-04,  2.16418825e-04,
         7.41085670e-05,  9.62768255e-05,  7.26519760e-05]]), 'fs_1 - beta(p=365.25,n=10)': array([[ 0.00764552, -0.0094915 , -0.00158522, ...,  0.01142332,
         0.00051949, -0.01872965],
       [ 0.00679696, -0.00896366, -0.00224696, ...,  0.0141893 ,
         0.0003191 , -0.03242458],
       [ 0.00670784, -0.00822366, -0.00151661, ...,  0.01115257,
        -0.00602402, -0.00997872],
       ...,
       [ 0.00716377, -0.00932937, -0.00207434, ...,  0.0151348 ,
        -0.00285759, -0.00253386],
       [ 0.00804199, -0.00972621, -0.0012943 , ...,  0.01065112,
         0.00496943, -0.02185774],
       [ 0.0117805 ,  0.00115366,  0.00129747, ...,  0.00142193,
         0.00240739, -0.00064231]])}"
