,0
0,"{'lt_0 - slope_shared': array(0.9671543), 'lt_0 - slope_sigma_log__': array(-0.15375649), 'lt_0 - slope_z_offset': array([-3.03339631e-02,  1.03636747e-01, -1.60941416e-01,  1.00912366e-01,
       -6.79288157e-02, -7.98552917e-02,  5.16635822e-02,  1.14904524e-01,
        2.80792840e-02, -9.68013977e-03,  5.72376644e-03,  1.70632531e-01,
       -3.21425318e-02, -5.94441754e-02, -1.25322759e-02, -5.20274316e-03,
        6.85580514e-02,  3.28643777e-02,  4.09062579e-02,  7.02082436e-02,
        2.23796132e-02, -2.37500358e-02,  7.48135076e-02,  2.50332990e-02,
       -6.77799050e-02,  7.34625721e-02,  8.36257549e-02, -9.31034293e-03,
       -2.67523672e-02, -5.34222563e-02,  2.61417362e-02,  1.13658154e-02,
        9.71756598e-02,  1.39983048e-01, -2.43360708e-02,  3.75539146e-02,
        3.67000850e-02,  2.04956976e-01, -2.26363922e-02,  1.07261111e-01,
        1.72772838e-02, -2.70326119e-02, -6.26592320e-02, -5.52945518e-02,
        4.12468095e-02, -1.08794596e-02, -9.32630565e-02,  1.40685175e-02,
       -5.36313182e-02,  3.87319754e-02,  1.05123043e-01,  1.86232936e-02,
        1.50160807e-01,  1.69313352e-02, -9.15360779e-03, -3.25259543e-02,
        9.08541495e-02,  5.19532018e-02,  7.83260583e-02,  6.63970753e-02,
       -3.36848999e-02, -3.10182374e-01, -2.59640700e-02, -3.96589142e-02,
        7.09400598e-02, -1.06291194e-01,  9.56280644e-02,  3.93111410e-02,
       -1.05080466e-01,  6.50430553e-02,  2.12568255e-02, -3.28240138e-02,
       -5.86317228e-02, -1.35861351e-02,  4.42539009e-02,  5.28012676e-02,
        3.41355149e-02,  6.02459745e-02,  5.10852374e-02,  1.07367250e-01,
       -3.25524586e-02,  2.51878709e-02,  6.08426607e-02, -2.02049383e-02,
       -9.26418102e-03, -1.21923448e-02, -8.27332871e-02,  1.06257553e-01,
       -1.20892547e-02,  1.13377389e-02,  5.56942496e-03,  4.44315869e-02,
       -5.09531142e-02, -1.04996969e-01,  1.88102438e-03,  1.01633573e-01,
       -8.50467347e-03,  4.34197227e-02, -1.12507230e-01, -1.38395647e-01,
        7.43595524e-02, -9.66790872e-02,  2.77364324e-02,  1.04830904e-01,
       -5.47938997e-03, -1.48315593e-01, -9.98240648e-02,  3.63399984e-02,
       -1.14989486e-02,  1.00829323e-01,  3.62514741e-02,  1.06835018e-01,
       -1.24309101e-02, -3.39708750e-01,  6.22495011e-04, -1.08702429e-01,
       -1.92307808e-02, -2.38779643e-02, -6.94532704e-02, -2.60786398e-01,
       -3.17140944e-02,  9.59289842e-02,  3.96152775e-02, -1.48485585e-03,
       -5.30420202e-02, -2.03873833e-01,  4.52540825e-02,  1.39949682e-01,
       -1.17637437e-01,  7.88276520e-02, -6.42527255e-03, -1.75363635e-02,
       -4.27044796e-02,  7.54607717e-03, -3.75009264e-02, -5.39373758e-02,
        3.16820507e-02, -4.85281508e-02,  9.10721329e-02, -7.87557526e-04,
       -1.13991366e-02, -4.36233284e-02, -7.54560987e-02, -2.17790652e-02,
       -5.53346348e-02,  5.77237583e-02,  8.43545392e-02,  1.98919234e-03,
       -8.47317310e-02,  2.48144104e-02,  7.12143810e-02, -9.53803698e-02,
       -1.09125011e-02,  5.78263471e-02, -8.51190869e-02, -1.99628147e-01,
        8.16681537e-02,  8.76882922e-03, -1.77433924e-02, -2.79278965e-02,
        9.81485735e-02, -6.07555185e-02,  2.70467397e-02, -1.06548631e-01,
        1.74651546e-01, -5.11660088e-02, -1.83597441e-02,  4.50428122e-02,
       -5.45790371e-02, -4.51014623e-02, -1.47236362e-01,  5.64080118e-02,
        6.88670227e-02,  5.83010656e-02,  4.51274348e-02,  4.69968781e-02,
       -6.78057358e-02,  1.30247678e-02, -1.10251130e-01,  7.19624031e-02,
       -5.31361343e-02,  7.67246374e-02,  2.04424139e-02,  6.91821307e-02,
       -6.59590682e-02,  5.07646008e-02, -7.49243801e-02, -5.96516223e-02,
        9.78092093e-02, -8.55026776e-02, -2.47028477e-02,  3.95382786e-03,
       -2.65589988e-02,  4.05499042e-02,  3.55680510e-02,  3.96983139e-02,
       -1.02266198e-01, -1.58253389e-01, -1.66364375e-01,  1.48751455e-02,
       -3.24075870e-02, -1.19572223e-02,  5.25548934e-02, -2.45760743e-02,
        9.55955115e-03, -1.12543455e-01,  4.82116403e-02,  5.72662766e-02,
       -7.41789888e-03,  2.54883178e-02,  2.57811498e-03, -1.50566673e-02,
        1.97377802e-03, -1.18592987e-01,  2.77913197e-02, -9.84873277e-02,
        4.90477372e-03,  3.74070447e-02, -4.67777482e-02, -8.82765770e-03,
       -4.70890468e-02, -5.75190963e-02, -4.01866328e-02,  5.06229052e-02,
        7.31479673e-02, -8.79851679e-02,  7.20062907e-02,  1.13579632e-01,
        3.66936770e-02, -1.04981207e-01,  1.11942166e-02, -6.65459766e-02,
        3.17844847e-02, -1.45640326e-01, -8.07790856e-03, -8.15027225e-02,
        2.76273388e-02,  1.43207236e-01, -1.45771275e-01, -1.27740892e-01,
       -1.16635895e-02,  4.87063731e-02,  3.08966603e-02, -4.41601656e-02,
       -6.53917407e-03, -6.56934812e-02,  9.76970515e-02, -4.22798816e-02,
       -1.56794469e-01,  7.96990126e-02, -4.37482509e-02,  9.39990633e-02,
        1.53197594e-01,  8.75646072e-02,  5.68523166e-02,  8.74591048e-02,
       -1.08945537e-01, -6.12719020e-02, -9.50851721e-02, -1.04671660e-02,
        5.65536186e-02, -2.27675898e-01,  2.99374300e-02,  1.76779910e-02,
       -1.46340299e-02,  1.34550710e-01,  6.96326679e-02,  9.57488720e-02,
       -7.84215141e-02, -4.90321632e-02, -4.42095399e-02, -1.14061821e-01,
        1.94717083e-03, -3.02337158e-02, -9.50593418e-02, -2.82097295e-02,
       -1.56202295e-01,  6.39696437e-02,  3.37803466e-02,  1.18377317e-01,
       -3.88384836e-02,  4.62517709e-02,  3.60649597e-02,  4.10087397e-02,
        3.70044647e-02,  1.72445553e-01, -7.24776743e-02, -5.11378523e-02,
        9.56574650e-03, -2.35846476e-01,  1.54585276e-01, -8.92768415e-02,
       -9.27102230e-02,  3.04560186e-02,  8.48204981e-02,  6.62641281e-02,
       -2.13934630e-01,  6.91747816e-02,  1.71008097e-01,  6.41076149e-02,
       -8.74206303e-02,  1.44329281e-01, -5.52025985e-02, -2.33537381e-02,
        1.20937443e-02,  2.30529759e-02, -1.01731955e-01,  2.13454720e-02,
        1.05594290e-01,  1.13695253e-03, -5.59032582e-02, -2.85592535e-02,
        2.48737824e-03,  2.94805197e-02, -4.81217646e-02, -1.30690351e-02,
       -5.83156459e-02,  2.20368355e-02, -8.45475091e-02,  1.29871525e-01,
        4.01850467e-02, -4.02616322e-02,  5.33955494e-02, -9.84080774e-02,
        9.78407244e-02, -1.01129627e-02,  2.77710180e-04,  9.58894341e-02,
       -9.22638458e-02, -2.19376468e-02, -7.28833036e-02, -1.01338401e-01,
       -7.23900389e-02,  1.28954025e-02,  1.23559178e-01, -7.91189349e-02,
        7.17535281e-02,  8.03583105e-02,  1.26890778e-01,  9.71390279e-02,
        9.93622297e-02, -5.82044819e-02,  2.78451335e-02, -1.09293007e-01,
       -1.24453152e-01,  1.16338117e-01,  4.30391052e-02,  7.52662481e-02,
       -2.30349750e-02, -9.33357800e-02,  4.62490931e-02,  3.98262208e-02,
        3.30744696e-02,  5.33044036e-02,  1.59324950e-02, -6.23912718e-02,
       -6.88883877e-04, -4.40448587e-02,  1.02536656e-01, -4.37476352e-02,
       -1.08929257e-01, -1.62240226e-01,  1.69326423e-02, -1.29459421e-01,
        9.84677515e-03,  8.69365557e-02, -1.17731385e-02, -1.14234079e-01,
        5.35822664e-02, -6.38130788e-03, -3.46776044e-03,  7.18106505e-02,
        1.21338689e-01,  4.70193689e-02,  4.31029465e-03,  1.40053026e-01,
        2.29489166e-02,  2.37532108e-02, -7.48480530e-02, -9.40463259e-02,
        9.87104771e-02,  4.28039317e-02,  2.07879914e-02,  6.59293293e-02,
        7.94029168e-02,  6.07583851e-02, -1.16431332e-01, -7.66787180e-02,
       -9.44144762e-02,  1.32852870e-03,  2.71022871e-02, -1.52316743e-01,
       -3.02651218e-02, -3.26138889e-02, -3.37003049e-01, -1.26769966e-01,
       -3.33920289e-02,  1.19165416e-02,  1.08724589e-01,  3.19574334e-02,
        4.34372429e-03,  4.44945981e-02, -1.80791518e-01, -1.25710741e-01,
        1.40151115e-01, -6.41992228e-02, -1.17711812e-02, -7.52763902e-02,
        1.76039210e-02,  8.35533921e-02,  1.92314189e-02,  2.62521638e-02,
       -1.62548883e-02,  5.24605805e-02,  6.62629202e-02, -1.55061861e-01,
        5.08844609e-02, -6.94778798e-02, -8.73138705e-02, -5.97236535e-03,
       -3.56909022e-02, -2.29011628e-01, -7.33680638e-02, -2.66923549e-01,
       -7.06613522e-02,  1.26487497e-01, -2.60348505e-02,  1.59591347e-02,
        2.04830050e-01, -6.62596977e-02, -8.90256364e-02, -7.25010243e-02,
       -1.82173942e-01, -2.43381251e-02,  1.67641132e-01, -3.49386032e-02,
        1.82090886e-02, -1.18453569e-01, -1.38011486e-02,  1.98559780e-03,
       -2.19894592e-02, -4.16947996e-02,  1.54366310e-02, -7.06012681e-02,
        1.24585958e-02,  3.97752300e-02,  3.28904607e-03, -2.35689364e-03,
        8.75246975e-02,  1.26664958e-01,  1.10960838e-02,  2.27792273e+00]), 'lt_0 - delta_shared': array([-5.08851049e-02, -3.29689017e-02, -2.90846532e-01, -4.70337837e-04,
       -2.27259686e-01,  9.74440475e-02, -3.74461671e-02,  9.59861434e-02,
       -2.33190929e-01,  3.16027246e-01, -9.94842918e-01, -2.04258814e+00,
       -7.74628955e-01,  1.95866213e+00,  8.19574876e+00, -4.98569246e+00,
       -1.36216572e+00, -1.56688129e+00,  6.09964361e+00, -3.25963941e+00,
       -2.07439416e+00,  3.38464838e-01,  3.05711344e-01,  9.34566971e+00,
       -4.40584066e-01]), 'lt_0 - delta_sigma_log__': array([-4.34428865e+00, -4.25749077e+00, -4.17127049e+00, -4.06916985e+00,
       -4.05999974e+00, -3.93146007e+00, -3.88868286e+00, -3.67172367e+00,
       -3.62791841e+00, -3.25414456e+00, -2.43193154e+00,  1.35830682e-01,
       -3.48327245e+00, -2.49264673e-03,  4.49862795e-01, -2.73972212e+00,
        2.73731512e-01,  3.74470840e-01, -2.10095450e+00,  3.75780228e-01,
       -2.00904547e+00, -1.96203696e+00, -1.62827328e+00, -4.17785430e+00,
        3.75716115e-01]), 'lt_0 - delta_z_offset': array([[ 6.29435948e-04,  6.29435948e-04,  6.29435948e-04, ...,
         6.29435948e-04,  6.29435948e-04,  6.29435948e-04],
       [ 6.29435948e-04,  6.29435948e-04,  6.29435948e-04, ...,
         6.29435948e-04,  6.29435948e-04,  6.29435948e-04],
       [ 6.29435948e-04,  6.29435948e-04,  6.29435948e-04, ...,
         6.29435948e-04,  6.29435948e-04,  6.29435948e-04],
       ...,
       [ 6.29435948e-04,  6.29435948e-04,  6.29435948e-04, ...,
         6.29435948e-04,  6.29435948e-04,  6.29435948e-04],
       [ 6.29435948e-04,  6.29435948e-04,  6.29435948e-04, ...,
         6.29435948e-04,  6.29435948e-04,  6.29435948e-04],
       [-1.23836059e-04, -2.44461968e-05,  1.55255912e-03, ...,
         1.42021737e+00, -3.66995443e-01, -6.98204487e+00]]), 'lt_0 - intercept': array([ 2.42078580e-02, -1.28408538e-01,  7.45390303e-02, -1.04998246e-01,
        4.16187345e-02,  4.58349144e-02, -5.51310689e-02, -1.07498959e-01,
        1.59460194e-03,  1.89052312e-02,  1.50820448e-02, -1.74476419e-01,
        2.68020440e-02,  4.24262733e-02, -2.06996649e-02,  9.29824366e-03,
       -6.16614139e-02, -5.69527585e-02, -3.03646433e-02, -2.07968197e-01,
       -1.76872202e-03,  2.86397906e-03, -1.00265353e-01,  1.80487619e-04,
        4.75612875e-02, -8.18090974e-02, -4.66269018e-02, -3.70394440e-02,
        6.08566626e-03,  3.46222907e-02, -4.27296069e-02,  1.27013301e-02,
       -9.80795654e-02, -1.45011855e-01,  1.91224466e-03, -1.74090515e-02,
       -5.75556611e-02, -2.48210751e-01,  1.13571107e-02, -9.59667261e-02,
       -3.22172883e-02,  2.40914297e-02,  3.78971854e-02,  3.54848065e-02,
       -2.80596347e-02,  1.53921911e-02,  3.95581202e-02, -5.36566363e-03,
        2.86588056e-02, -5.68004644e-02, -1.20766374e-01, -1.13822599e-02,
       -1.46961449e-01, -9.52133752e-03,  1.45461300e-02,  2.00634612e-02,
       -8.91716302e-02, -6.02136908e-02, -6.58825103e-02, -1.38286948e-01,
        2.78075176e-02,  7.56479578e-02,  8.19473597e-03,  3.33935210e-02,
       -6.54409353e-02,  6.80572527e-02, -9.90970026e-02, -2.03300776e-02,
        5.64408039e-02, -6.80649746e-02,  4.13883517e-03,  2.10876879e-02,
        3.30278644e-02,  1.69563185e-02, -4.03229697e-02, -7.34087752e-02,
       -3.96163128e-02, -8.66228029e-02, -6.46348552e-02, -1.37625513e-01,
        2.90933360e-02, -1.45740531e-02, -8.93829276e-02,  1.18379972e-02,
        5.46553834e-03,  2.87176622e-02,  5.38370727e-02, -1.29867391e-01,
        2.17284561e-02, -2.39854067e-02, -3.37415867e-02, -3.73161952e-02,
        3.41297440e-02,  6.25192405e-02, -1.31295767e-02, -1.00877503e-01,
        3.89763110e-03, -6.62279622e-02,  6.73544044e-02,  7.85595051e-02,
       -5.68837813e-02,  5.58010068e-02, -8.21346767e-03, -1.10938113e-01,
       -2.71400766e-02,  8.71957129e-02,  5.63932721e-02, -1.63758344e-02,
        2.12155971e-02, -1.03970468e-01, -1.06325036e-02, -9.61151070e-02,
        4.36735631e-03,  1.45593473e-01,  1.19438042e-02,  6.19376772e-02,
        3.22000994e-02,  2.28899989e-02,  3.67544837e-02,  1.14483035e-01,
        2.41266305e-02, -1.12182847e-01, -2.12809392e-02,  1.15468037e-02,
        3.89190678e-02,  5.94659697e-02, -7.97910642e-02, -1.72971208e-01,
        5.12444072e-02, -7.24575479e-02, -1.36420490e-02,  2.09441882e-02,
        3.23253170e-02,  4.18293378e-03,  2.75839833e-02,  3.66779678e-02,
       -4.58454950e-02,  3.20401348e-02, -1.11582565e-01,  9.51313975e-03,
        7.88309381e-03,  2.15300383e-02,  4.87032710e-02,  1.09541030e-02,
        2.77733228e-02, -1.50112106e-01, -5.65455082e-02, -2.81465115e-02,
        3.70941605e-02, -3.88272462e-03, -1.11891318e-01,  4.33783135e-02,
        1.39970947e-02, -1.12237627e-01,  4.79092600e-02,  8.00251325e-02,
       -6.79788728e-02, -7.13295803e-03, -1.40607729e-02,  2.47581065e-02,
       -1.14536914e-01,  3.19999112e-02, -7.43770862e-03,  5.00883469e-02,
       -2.26914782e-01,  5.01286492e-03, -9.68071622e-03, -2.32896960e-02,
        5.16845293e-02,  3.17328364e-02,  9.07156908e-02, -3.55662725e-02,
       -5.85603966e-02, -4.23095309e-02, -3.16817961e-02, -2.87633794e-02,
        4.06020248e-02, -1.72191460e-02,  5.26915327e-02, -8.04554085e-02,
        1.48879703e-02, -1.03595966e-01, -1.33169521e-03, -9.83193591e-02,
        1.84492865e-02, -6.30607866e-02,  5.17259974e-02,  1.09478066e-02,
       -9.98647864e-02,  4.78955168e-02,  1.35695544e-02, -2.01148165e-03,
        3.68192921e-02, -4.90412700e-02, -7.25057231e-02, -3.15866159e-02,
        2.61452923e-02,  7.77235548e-02,  8.14650216e-02,  6.87141920e-04,
        2.75522392e-02,  3.02925067e-03, -7.30041825e-02,  1.48631254e-02,
       -1.70516694e-02,  1.48872293e-02, -9.71233694e-02, -7.34602065e-02,
        1.70219875e-02, -3.18948813e-02,  1.02152827e-02, -5.43145375e-02,
       -1.02096425e-02,  4.53303864e-02, -2.54520922e-02,  3.23537663e-02,
       -5.10850599e-03, -4.78049324e-02,  3.07847429e-02,  2.16370253e-02,
        3.03050904e-02,  4.74575697e-02,  2.81152273e-02, -9.57224311e-02,
       -6.17658990e-02,  6.03077856e-02, -1.34638097e-01, -1.11136586e-01,
       -1.05955175e-02,  4.67334910e-02, -2.18021657e-02,  4.73594705e-02,
       -6.11581523e-02,  7.32046328e-02,  2.37116960e-02,  3.85365402e-02,
       -1.09311806e-03, -1.59084364e-01,  8.79598372e-02,  7.45156073e-02,
        1.67702737e-02, -3.63332194e-02, -1.58606416e-02,  2.65933856e-02,
        6.02981924e-03,  2.89609359e-02, -1.00733133e-01,  3.25477515e-02,
        7.96886808e-02, -9.64275343e-02,  1.93559938e-02, -1.36544076e-01,
       -1.71871044e-01, -8.28839486e-02, -3.69583010e-02, -9.35200149e-02,
        4.12375379e-02,  4.28145652e-02,  5.60271441e-02,  1.73684358e-02,
       -5.09785003e-02,  1.13627638e-01, -2.69309723e-02, -3.51856059e-03,
        2.77658580e-02, -1.44863618e-01, -5.65522922e-02, -1.02983242e-01,
        4.51787129e-02,  4.58795216e-02,  1.73698617e-03,  6.09520308e-02,
        8.56475797e-03,  3.16253350e-02,  5.31488934e-02,  3.45778470e-02,
        4.25040774e-02, -6.32681809e-02, -3.44509605e-02, -1.31589782e-01,
        1.82577778e-02, -4.24755729e-02, -3.88780401e-02, -3.39126878e-02,
       -2.43711910e-02, -1.84824717e-01, -5.93648851e-03,  4.22435861e-02,
        5.13945740e-03,  1.06309056e-01, -2.55817968e-01,  5.15257629e-02,
        2.90634487e-02, -2.77576220e-02, -1.08528539e-01, -1.14889523e-01,
        7.44218605e-02, -6.86685313e-02, -1.88347629e-01, -5.56881919e-02,
        4.34685024e-02, -1.79794144e-01,  4.33060802e-02,  1.70309981e-02,
       -5.85831627e-02, -6.02620617e-02,  4.44724773e-02, -4.67328609e-02,
       -1.13493335e-01, -4.45642118e-03,  4.83635543e-02,  2.88436027e-02,
       -6.60062896e-03, -2.10850867e-02,  3.18255762e-02,  9.85733074e-03,
        3.15015285e-02,  1.05763961e-02,  3.82055198e-02, -1.54747601e-01,
       -1.87864336e-02,  1.53486431e-02, -4.87989572e-02,  5.41787095e-02,
       -1.10763807e-01,  2.29747313e-02,  1.14884225e-02, -1.07259255e-01,
        3.86214731e-02,  2.17608054e-02,  5.48382950e-02,  6.20226038e-02,
        3.80326801e-02, -3.15101987e-02, -1.25142032e-01,  3.80873339e-02,
       -4.78529592e-02, -1.00705971e-01, -1.27842132e-01, -1.35179407e-01,
       -1.21830731e-01, -1.39645734e-02, -3.29988488e-02,  5.56561402e-02,
        5.12514323e-02, -1.41690247e-01, -2.96777806e-02, -8.53053418e-02,
       -2.15352194e-02,  5.19174800e-02, -3.12649884e-02, -5.81945223e-02,
       -2.85672237e-02, -3.42795676e-02,  6.23256812e-03,  4.47634922e-02,
        7.59014075e-03,  3.23039774e-02, -9.98867294e-02,  2.54284519e-02,
        5.69555536e-02,  7.70316163e-02, -1.54790651e-02,  7.09146548e-02,
        2.87713128e-03, -6.62260607e-02,  1.72545899e-02,  5.72391731e-02,
       -3.75818589e-02,  9.05087484e-03, -8.07091867e-03, -6.45718524e-02,
       -1.77891896e-01, -2.66870156e-02,  8.02049262e-03, -1.58781196e-01,
       -1.65523075e-02, -1.80213042e-03,  4.45145560e-02,  4.90057700e-02,
       -1.05436053e-01, -2.57668323e-02, -3.46278128e-03, -4.97455788e-02,
       -1.11568162e-01, -4.41095337e-02,  4.76997266e-02,  3.32434839e-02,
        4.33527689e-02,  8.38269837e-03, -3.90474326e-02,  5.43717467e-02,
        3.05303471e-02,  2.73499534e-02,  1.59691262e-01,  6.33179082e-02,
        2.22553933e-02,  1.02030506e-02, -1.04084544e-01, -2.98388179e-03,
        3.68325454e-04, -4.70444952e-02,  3.94813798e-02,  2.32093765e-02,
       -1.67921720e-01,  4.51280169e-02,  4.58696141e-03,  1.53434567e-02,
       -2.57239359e-03, -7.93244646e-02, -2.94188254e-02,  3.62634130e-04,
       -1.01546274e-02, -3.68785393e-02, -4.14047810e-02,  7.31383732e-02,
       -7.26456051e-02,  3.36261963e-02,  5.13690023e-02,  1.13887548e-02,
        4.51555433e-03,  1.03957444e-01,  4.57209553e-02,  1.11414133e-01,
        3.68180742e-02, -1.42750270e-01,  1.71257068e-02, -1.37996452e-02,
       -2.60034212e-01,  3.64295959e-02,  5.98041939e-02,  2.68285615e-02,
        8.75174624e-02,  2.67703805e-02, -1.90814323e-01,  3.17186046e-02,
        4.62066699e-03,  5.93898683e-02, -1.55427417e-03,  1.21584497e-02,
       -5.20745754e-02,  3.06139457e-02,  3.16572997e-03,  2.94368975e-02,
       -2.35607326e-03, -5.26929532e-02,  9.32313436e-03,  9.85168884e-03,
       -1.17659010e-01, -1.31901169e-01, -2.28317151e-03, -1.91921728e+00]), 'fs_0 - beta_shared': array([ 0.00030023, -0.00089968,  0.00010534,  0.00024008, -0.00016425,
        0.00032955]), 'fs_0 - beta_sigma(p=7,n=3)_log__': array([-5.89160033, -5.54984088, -6.00013462, -5.95633354, -5.99535993,
       -6.03061229]), 'fs_0 - beta_z_offset(p=7,n=3)': array([[-0.00361071, -0.06616445, -0.0070829 , -0.00251398, -0.01326473,
         0.00047042],
       [ 0.01169259,  0.04286941,  0.02509626, -0.0242986 ,  0.03126688,
         0.00809778],
       [-0.00270625, -0.04531984, -0.02034233,  0.01213201, -0.02115996,
         0.00970475],
       ...,
       [ 0.02620516,  0.03610244,  0.01904712,  0.00351314,  0.00720068,
        -0.02308422],
       [ 0.00501665,  0.02104543, -0.01975314,  0.01142343, -0.01368873,
        -0.00573821],
       [-0.04758704,  0.30133548, -0.04413636, -0.08402902,  0.05412356,
        -0.11379418]]), 'fs_1 - beta_shared': array([ 0.00942862, -0.00512302, -0.00284004,  0.00361752,  0.00254395,
        0.00948287, -0.00664488,  0.00286225,  0.00118786,  0.00229048,
       -0.00888532,  0.00094825,  0.00193535, -0.00552095, -0.00848551,
       -0.00086496,  0.00655858, -0.00511744, -0.00601272, -0.0123649 ]), 'fs_1 - beta_sigma(p=365.25,n=10)_log__': array([-5.82331763, -3.65033487, -2.89785473, -3.56472936, -3.04967004,
       -3.64647243, -3.81358048, -4.09386972, -4.40865072, -4.3050522 ,
       -4.23379047, -3.50213859, -3.79755179, -3.32786669, -3.83650735,
       -4.00595271, -4.58485151, -4.68207138, -3.53744222, -3.24816267]), 'fs_1 - beta_z_offset(p=365.25,n=10)': array([[ 0.01881012, -0.10592489,  0.20084696, ...,  0.07018283,
        -0.14439404, -0.03819698],
       [-0.04879337,  0.28405437, -0.659036  , ...,  0.14691863,
        -0.00935174,  0.27460324],
       [ 0.07683213, -0.33587869,  0.5963596 , ...,  0.05978131,
        -0.50790968,  0.15643884],
       ...,
       [-0.06940526,  0.35622299, -0.64008361, ...,  0.04962583,
        -0.02149811,  0.00525387],
       [-0.00686396, -0.00796242,  0.12477727, ..., -0.01535115,
         0.01559334,  0.21626552],
       [-0.28254853,  0.00352021, -0.03599427, ...,  0.63785464,
         0.27214687,  0.30846001]]), 'sigma_log__': array(-3.9697425), 'lt_0 - slope_sigma': array(0.8574808), 'lt_0 - delta_sigma': array([0.01298074, 0.01415778, 0.01543264, 0.01709157, 0.01724902,
       0.01961501, 0.02047229, 0.02543259, 0.02657144, 0.03861384,
       0.08786695, 1.14548793, 0.03070676, 0.99751046, 1.56809702,
       0.06458829, 1.31486173, 1.4542217 , 0.1223396 , 1.45612708,
       0.13411663, 0.14057179, 0.19626818, 0.01533137, 1.45603373]), 'fs_0 - beta_sigma(p=7,n=3)': array([0.00276255, 0.00388808, 0.00247842, 0.00258939, 0.00249028,
       0.00240402]), 'fs_1 - beta_sigma(p=365.25,n=10)': array([0.00295778, 0.02598243, 0.05514139, 0.02830464, 0.04737455,
       0.02608298, 0.02206902, 0.01667458, 0.01217159, 0.01350018,
       0.01449733, 0.03013287, 0.02242561, 0.03586954, 0.0215688 ,
       0.01820694, 0.01020527, 0.00925981, 0.02908763, 0.03884551]), 'sigma': array(0.01887829), 'lt_0 - slope': array([0.94114351, 1.05602082, 0.82915013, 1.05368472, 0.90890665,
       0.89867992, 1.01145483, 1.06568273, 0.99123175, 0.95885377,
       0.97206232, 1.11346842, 0.9395927 , 0.91618206, 0.95640812,
       0.96269305, 1.02594152, 0.99533488, 1.00223063, 1.02735652,
       0.98634439, 0.9467891 , 1.03130545, 0.98861988, 0.90903434,
       1.03014705, 1.03886178, 0.95917086, 0.94421466, 0.92134574,
       0.98957034, 0.97690027, 1.05048057, 1.08718708, 0.94628659,
       0.99935606, 0.99862392, 1.14290098, 0.94774403, 1.05912865,
       0.98196924, 0.94397436, 0.91342521, 0.91974029, 1.00252265,
       0.95782538, 0.88718302, 0.97921779, 0.92116648, 1.00036623,
       1.05729529, 0.98312342, 1.09591431, 0.9816726 , 0.95930526,
       0.93926392, 1.04505999, 1.01170318, 1.03431739, 1.02408852,
       0.93827015, 0.70117887, 0.94489061, 0.93314755, 1.02798404,
       0.87601164, 1.04915353, 1.00086285, 0.87704982, 1.02292747,
       0.98538162, 0.93900834, 0.91687873, 0.95550445, 1.00510117,
       1.01243038, 0.99642485, 1.01881407, 1.01095891, 1.05921966,
       0.93924119, 0.98875242, 1.01932572, 0.94982896, 0.95921045,
       0.9566996 , 0.8962121 , 1.05826811, 0.956788  , 0.9768762 ,
       0.97192998, 1.00525354, 0.92346299, 0.87712142, 0.96876725,
       1.05430314, 0.95986171, 1.00438588, 0.87068151, 0.84848269,
       1.03091619, 0.88425384, 0.99093776, 1.05704479, 0.96245583,
       0.83997653, 0.88155708, 0.99831515, 0.95729418, 1.05361351,
       0.99823925, 1.05876328, 0.95649504, 0.67586057, 0.96768808,
       0.87394406, 0.95066428, 0.94667941, 0.90759946, 0.74353497,
       0.93996008, 1.04941157, 1.00112364, 0.96588107, 0.92167179,
       0.79233641, 1.00595881, 1.08715847, 0.86628246, 1.0347475 ,
       0.96164476, 0.95211721, 0.93053603, 0.97362492, 0.93499798,
       0.92090404, 0.99432105, 0.92554235, 1.04524691, 0.96647899,
       0.95737976, 0.92974814, 0.90245215, 0.94847917, 0.91970592,
       1.01665132, 1.0394867 , 0.96886   , 0.89449847, 0.98843218,
       1.02821927, 0.88536747, 0.95779704, 1.01673929, 0.89416632,
       0.795977  , 1.03718318, 0.97467341, 0.95193968, 0.94320667,
       1.05131482, 0.91505761, 0.99034636, 0.8757909 , 1.11691465,
       0.92328043, 0.95141118, 1.00577765, 0.92035383, 0.92848067,
       0.84090195, 1.01552309, 1.02620645, 1.01714635, 1.00585021,
       1.00745322, 0.90901219, 0.97832279, 0.87261608, 1.02886068,
       0.92159109, 1.03294421, 0.98468328, 1.02647665, 0.91059567,
       1.01068397, 0.90290809, 0.91600418, 1.05102382, 0.8938374 ,
       0.94597209, 0.97054463, 0.94438047, 1.00192507, 0.99765322,
       1.00119485, 0.879463  , 0.83145506, 0.82450005, 0.97990945,
       0.93936542, 0.95690121, 1.01221912, 0.94608079, 0.97535143,
       0.87065045, 1.00849486, 1.01625904, 0.9607936 , 0.98901005,
       0.96936499, 0.9542435 , 0.96884678, 0.86546309, 0.99098483,
       0.88270331, 0.97136005, 0.99923013, 0.92704328, 0.95958476,
       0.92677635, 0.91783278, 0.93269504, 1.01056247, 1.02987728,
       0.89170871, 1.02889832, 1.06454666, 0.99861843, 0.87713493,
       0.97675313, 0.91009241, 0.99440889, 0.84227052, 0.96022765,
       0.89726728, 0.99084422, 1.08995176, 0.84215823, 0.85761894,
       0.957153  , 1.00891908, 0.9936476 , 0.92928781, 0.96154709,
       0.9108234 , 1.05092765, 0.93090012, 0.83270606, 1.03549468,
       0.92964102, 1.0477567 , 1.0985183 , 1.04223927, 1.01590407,
       1.04214881, 0.8737356 , 0.91461482, 0.88562059, 0.95817891,
       1.01564795, 0.77192659, 0.99282507, 0.98231284, 0.9546059 ,
       1.08252895, 1.02686298, 1.04925712, 0.89990936, 0.92511016,
       0.92924547, 0.86934848, 0.96882396, 0.94122947, 0.88564274,
       0.942965  , 0.83321383, 1.02200704, 0.9961203 , 1.06866058,
       0.93385105, 1.00681431, 0.99807931, 1.00231851, 0.99888492,
       1.11502305, 0.90500609, 0.92330458, 0.97535675, 0.76492048,
       1.09970821, 0.89060113, 0.88765707, 0.99326975, 1.03988625,
       1.02397452, 0.78370946, 1.02647035, 1.11379046, 1.02212535,
       0.89219279, 1.09091389, 0.91981913, 0.94712892, 0.97752446,
       0.98692179, 0.8799211 , 0.98545764, 1.05769938, 0.96812922,
       0.91921833, 0.94266529, 0.96928718, 0.99243328, 0.92589081,
       0.95594786, 0.91714976, 0.98605047, 0.89465644, 1.07851664,
       1.00161221, 0.93263073, 1.01293996, 0.88277127, 1.05105085,
       0.95848263, 0.96739243, 1.04937765, 0.88803983, 0.94834319,
       0.90465827, 0.88025857, 0.90508123, 0.97821186, 1.07310393,
       0.89931134, 1.02868158, 1.03606001, 1.07596071, 1.05044915,
       1.05235551, 0.91724508, 0.99103097, 0.87343765, 0.86043811,
       1.06691201, 1.00405951, 1.03169367, 0.94740225, 0.88712066,
       1.00681201, 1.00130452, 0.99551503, 1.01286181, 0.98081611,
       0.91365499, 0.9665636 , 0.92938668, 1.05507752, 0.92964155,
       0.87374956, 0.82803642, 0.98167372, 0.85614534, 0.97559772,
       1.04170073, 0.95705906, 0.86920077, 1.01310007, 0.96168245,
       0.96418077, 1.02873056, 1.0711999 , 1.00747251, 0.9708503 ,
       1.08724708, 0.98683256, 0.98752223, 0.90297353, 0.88651138,
       1.05179664, 1.00385785, 0.98497961, 1.02368744, 1.03524078,
       1.01925345, 0.86731667, 0.90140377, 0.8861957 , 0.96829349,
       0.99039399, 0.83654562, 0.94120254, 0.93918852, 0.67818066,
       0.85845149, 0.93852128, 0.97737251, 1.06038355, 0.99455719,
       0.97087896, 1.00530757, 0.81212905, 0.85935976, 1.08733119,
       0.9121047 , 0.95706074, 0.90260624, 0.98224933, 1.03879973,
       0.98364488, 0.98966503, 0.95321605, 1.01213824, 1.02397349,
       0.83419173, 1.01078675, 0.90757836, 0.89228434, 0.96203311,
       0.93655004, 0.77078123, 0.9042426 , 0.73827248, 0.90656355,
       1.0756149 , 0.94482992, 0.98083895, 1.14279214, 0.91033788,
       0.89081653, 0.90498607, 0.81094365, 0.94628483, 1.11090336,
       0.93719512, 0.98276825, 0.86558264, 0.95532008, 0.96885692,
       0.94829876, 0.93140181, 0.98039092, 0.90661507, 0.97783731,
       1.0012608 , 0.9699746 , 0.96513331, 1.04220505, 1.07576707,
       0.97666898, 2.92042931]), 'lt_0 - delta': array([[ -0.05087693,  -0.03295999,  -0.29083682, ...,   0.30583488,
          9.34567936,  -0.43966759],
       [ -0.05087693,  -0.03295999,  -0.29083682, ...,   0.30583488,
          9.34567936,  -0.43966759],
       [ -0.05087693,  -0.03295999,  -0.29083682, ...,   0.30583488,
          9.34567936,  -0.43966759],
       ...,
       [ -0.05087693,  -0.03295999,  -0.29083682, ...,   0.30583488,
          9.34567936,  -0.43966759],
       [ -0.05087693,  -0.03295999,  -0.29083682, ...,   0.30583488,
          9.34567936,  -0.43966759],
       [ -0.05088671,  -0.03296925,  -0.29082257, ...,   0.58445482,
          9.34004317, -10.60667689]]), 'fs_0 - beta(p=7,n=3)': array([[ 2.90255457e-04, -1.15693589e-03,  8.77814320e-05,
         2.33574908e-04, -1.97286060e-04,  3.30683576e-04],
       [ 3.32531618e-04, -7.33003954e-04,  1.67534860e-04,
         1.77166077e-04, -8.63898485e-05,  3.49019923e-04],
       [ 2.92754070e-04, -1.07589047e-03,  5.49190165e-05,
         2.71499070e-04, -2.16947399e-04,  3.52883097e-04],
       ...,
       [ 3.72623333e-04, -7.59314462e-04,  1.52542555e-04,
         2.49181479e-04, -1.46321442e-04,  2.74057712e-04],
       [ 3.14088990e-04, -8.17857261e-04,  5.63792681e-05,
         2.69664298e-04, -1.98341936e-04,  3.15757884e-04],
       [ 1.68768533e-04,  2.71931729e-04, -4.05255656e-06,
         2.25008042e-05, -2.94703117e-05,  5.59890115e-05]]), 'fs_1 - beta(p=365.25,n=10)': array([[ 0.00948426, -0.0078752 ,  0.00823494, ..., -0.00446756,
        -0.0102128 , -0.01384868],
       [ 0.0092843 ,  0.00225741, -0.03918019, ..., -0.003757  ,
        -0.00628474, -0.0016978 ],
       [ 0.00965587, -0.01384996,  0.03004406, ..., -0.00456387,
        -0.02078661, -0.00628795],
       ...,
       [ 0.00922333,  0.00413252, -0.03813513, ..., -0.00465791,
        -0.00663805, -0.01216081],
       [ 0.00940832, -0.0053299 ,  0.00404036, ..., -0.00525959,
        -0.00555914, -0.00396396],
       [ 0.0085929 , -0.00503155, -0.00482481, ...,  0.00078898,
         0.00190339, -0.00038261]])}"
