,0
0,"{'lt_0 - slope_shared': array(0.89852211), 'lt_0 - slope_sigma_log__': array(0.22427817), 'lt_0 - slope_z_offset': array([-2.54753443e-02,  8.37675667e-02,  4.10449285e-02, -8.50868689e-03,
       -3.40066880e-02, -6.04686786e-02,  1.92670228e-02, -1.82029409e-02,
        4.07615059e-02,  8.78669274e-03,  2.84322672e-02,  1.13293599e-02,
       -6.19938141e-03, -4.07544895e-02, -5.79157872e-02, -3.52525642e-02,
        3.10968796e-02, -1.68591389e-02, -9.02343560e-03,  6.35274900e-02,
        2.30834872e-02,  2.10653470e-03,  8.46210090e-02,  1.22839657e-02,
       -3.67697812e-02,  1.30334561e-02, -4.87151657e-02,  1.54647662e-01,
       -6.14267153e-03, -9.98268782e-02,  2.49545151e-02, -3.65641040e-02,
       -4.07717689e-02,  3.65400939e-02, -1.19759927e-03, -1.14513049e-02,
       -1.11613324e-02,  2.23935275e-02,  1.29387719e-02,  7.61027995e-03,
       -3.11359171e-02, -1.64843011e-02, -2.78226959e-02, -3.96418930e-02,
        5.83866126e-03, -5.58484187e-02, -3.10265348e-02,  4.41614931e-02,
        8.05835296e-03,  4.68299878e-02,  1.08043000e-01, -4.48228929e-02,
        6.60588092e-02, -4.57545147e-02,  1.92000538e-02, -5.83851106e-02,
        2.19065023e-02,  4.88938580e-02, -6.86972185e-03,  7.72003588e-02,
        2.94587614e-03, -1.88148419e-03, -3.96125316e-02, -7.28845169e-02,
        2.02498679e-02, -6.39388157e-02,  6.73083757e-02,  3.16384582e-02,
       -4.32550315e-02,  2.62938738e-02,  4.31972757e-03,  9.19577733e-03,
        1.54010227e-02, -5.02394285e-02,  2.44397363e-02, -4.92059126e-03,
        3.53229946e-02,  7.39865153e-02,  5.60551313e-02,  1.07320068e-01,
       -4.20316232e-02,  1.18186753e-02,  3.07100492e-04, -5.72345301e-03,
       -8.53488392e-03, -6.28437939e-02, -4.06194209e-02,  1.07905526e-01,
        6.03636853e-03,  2.11479535e-02, -5.36380919e-02,  2.89844030e-02,
       -3.42327174e-02, -1.03508179e-01,  1.54376083e-05,  6.51175212e-02,
       -5.23915110e-02,  6.04638315e-02,  2.52631320e-03,  1.40336710e-02,
        6.81096407e-03, -3.56877229e-02, -2.96930462e-02,  5.17386698e-02,
        2.00809745e-02, -1.06964647e-03, -8.02347453e-02,  4.29230503e-02,
       -1.50189427e-02,  7.56989765e-02,  2.02748869e-02,  5.65784887e-02,
        6.35365219e-02,  5.84209107e-03,  1.55047947e-02, -4.67312626e-02,
       -5.97708713e-03,  2.59912983e-02, -1.79800109e-02,  7.86490425e-03,
        1.19890471e-02,  9.70880727e-03,  5.31395557e-02, -3.95860918e-03,
       -4.19007564e-02, -2.80820668e-02,  2.19516826e-02,  4.86507142e-02,
       -1.90814228e-01, -4.02914552e-02, -6.36141819e-02, -1.01098700e-02,
       -4.57622674e-02, -7.72062211e-02, -3.62758840e-02, -7.68787857e-02,
        4.14249815e-02,  1.19141263e-02,  2.11489929e-02, -2.52409968e-02,
       -2.02853320e-02, -2.32139963e-02, -2.91239067e-02,  7.90066166e-03,
       -6.68330625e-02, -9.63355149e-02, -6.12118786e-03, -1.64308239e-01,
       -3.27830382e-03,  9.55472998e-03,  1.04444405e-02, -5.46349026e-02,
       -2.37130262e-03,  1.75691749e-02,  4.32844402e-02,  8.11061828e-02,
        3.68987461e-02, -4.60387174e-02,  4.60389221e-02, -1.73353302e-02,
        7.92771971e-02, -9.51839268e-03,  4.10169945e-02, -6.94703196e-02,
        5.43218639e-02, -1.17400056e-01,  8.06809078e-03,  2.93156789e-02,
        8.98682774e-03, -5.60508419e-02, -2.58825404e-02,  2.98377306e-02,
        5.78420549e-03,  2.74033281e-02, -8.15147909e-03, -1.35311843e-02,
       -2.38687575e-02, -5.21786368e-02, -1.89763626e-03,  1.01204911e-01,
        4.21986916e-03,  6.32634394e-02,  7.57736436e-03,  8.53267472e-02,
       -8.39849082e-02, -3.62513917e-02,  5.18902366e-03,  6.80988711e-02,
        2.87161595e-02,  4.51704153e-02,  3.36954283e-02, -3.54219639e-03,
       -9.46914817e-03, -6.65445479e-03, -1.59574050e-02, -4.81458975e-02,
       -5.88900132e-02,  4.01974843e-02,  4.17017072e-03,  3.46655008e-02,
        1.10107789e-02, -6.28915874e-03,  1.10403008e-02, -1.59141554e-02,
       -9.30974322e-02, -1.90193459e-01,  3.32620290e-02, -3.35892476e-02,
        1.40304530e-02,  2.02993750e-02,  1.57732202e-02,  4.74924556e-02,
       -1.83485891e-02, -7.70698393e-02, -6.98975414e-02,  3.41473953e-02,
        4.78779828e-03, -7.07617185e-03,  4.04421082e-02,  4.78339389e-02,
        6.27560788e-03, -8.39671571e-04, -3.12939766e-02,  5.04225765e-02,
        6.68132627e-02, -4.24673489e-02,  1.14193537e-01,  4.39170161e-02,
       -2.91143790e-02, -8.06230017e-02,  3.08267550e-02, -5.64905617e-02,
       -3.58725643e-02,  2.28477025e-02, -1.94959397e-02,  3.26653954e-02,
        3.58696200e-02,  4.89643540e-02, -6.46682690e-03, -1.47392424e-02,
       -5.33038636e-02,  3.48811021e-02,  5.09423186e-05, -5.63531447e-02,
       -8.34414186e-02,  2.90853165e-04,  9.81882142e-02, -4.15128186e-02,
       -9.53713235e-03,  3.30902006e-02, -6.84769262e-02,  8.45067658e-02,
       -1.81816364e-02,  2.82150052e-02, -1.92318070e-02, -4.83820690e-03,
       -8.41647080e-03,  5.34499239e-02, -4.29282765e-02,  7.37036225e-03,
        1.09425629e-02, -9.93741284e-02, -7.16008459e-02, -1.03232270e-02,
       -9.79936943e-02,  5.91173696e-02, -5.00329889e-02,  2.91313692e-02,
       -3.51767309e-02, -3.83138631e-02, -3.45691493e-02,  5.21375432e-02,
       -4.36410128e-03, -1.60678793e-02, -6.38448309e-02,  5.63013635e-03,
        3.15113291e-02,  3.96501895e-02, -2.43080244e-02,  8.64230663e-02,
       -4.79993411e-02,  2.15653488e-02,  1.65481310e-02,  7.99609975e-02,
       -4.94691847e-03,  4.08988997e-02,  4.39357491e-02, -3.17326164e-02,
       -4.42581605e-02, -1.16951142e-01,  7.06903662e-02, -7.45909795e-02,
       -4.88421846e-02,  1.15097651e-02,  2.83681644e-02, -1.05066410e-02,
        3.03489682e-03,  3.17052566e-02, -2.69103136e-03,  6.76744388e-02,
        6.52212023e-02,  1.18889578e-01, -2.11785503e-02, -6.84070466e-02,
       -1.08600529e-01, -1.07957597e-01, -1.04345040e-01,  6.80306944e-02,
        4.93327794e-02, -4.01965480e-04, -9.72170363e-03, -1.45852178e-02,
       -6.97010655e-03, -5.18304413e-02, -4.40977171e-03,  2.57877514e-02,
       -1.10865197e-02, -2.26765100e-02, -3.54698402e-02,  3.96227250e-02,
       -3.70624099e-02,  2.42806773e-02,  3.46723276e-02, -3.67314412e-02,
        1.09322552e-02, -2.06343444e-02, -6.09327383e-02,  7.17519817e-02,
       -4.89257851e-02, -1.91816299e-02,  2.66808197e-02, -4.30325755e-02,
       -2.52718332e-02, -7.88676840e-02,  7.52521282e-02, -2.11988195e-02,
        1.71794799e-02, -7.03318796e-02,  7.98899992e-02, -2.76469727e-02,
        8.36306845e-03, -1.90187190e-02,  4.81760155e-02, -8.68127895e-02,
       -6.47617403e-02,  1.10824677e-01,  7.30696313e-02,  6.27193072e-02,
       -2.69616881e-02, -3.33490558e-02,  3.84095770e-02,  3.36973219e-02,
       -2.69718960e-03,  1.49263531e-02,  2.88062845e-02,  1.26290469e-02,
       -5.76394612e-02,  1.51413197e-02,  6.68777127e-02, -9.28800784e-03,
       -3.04108773e-02, -4.46649687e-02,  2.18056684e-02, -2.55378376e-02,
        3.72974146e-02, -7.06004733e-03, -5.07514202e-02, -8.87518254e-02,
       -5.99195049e-02, -4.49773051e-02, -4.90122632e-02,  2.70061064e-02,
        1.25294828e-02, -4.51200587e-02, -3.28521492e-02, -1.22885606e-02,
        8.73917365e-02, -1.49620711e-02,  2.54457502e-02, -8.60920120e-03,
       -5.35048812e-02, -3.48839656e-02,  3.68139314e-02,  1.98979262e-02,
        4.98151664e-02,  5.99279784e-02, -7.47939534e-02,  3.17934234e-02,
       -3.84680827e-03, -6.05193834e-02,  5.49313843e-02, -1.12830195e-02,
        3.25316536e-02, -2.45857452e-03,  2.42665452e-02, -3.79834747e-02,
       -1.17620198e-01,  4.07596903e-02,  1.48531849e-02,  9.00352511e-03,
        5.64059247e-02, -1.01256724e-01, -1.62205072e-01, -1.42789459e-01,
        1.07694302e-01, -3.16396422e-02, -6.57184504e-02,  1.91988920e-02,
        4.05013452e-02,  5.85904210e-02,  1.36160830e-02,  1.16913971e-02,
        8.66891222e-02,  5.09177482e-02, -3.78935571e-02, -2.87735471e-02,
        5.31195316e-02,  1.67398205e-02, -1.04473855e-02, -7.60902463e-03,
       -1.32036102e-02, -1.04801581e-01, -8.15699186e-02, -7.55063557e-02,
       -1.17025037e-02, -2.86596864e-03, -8.75089074e-02,  1.13058618e-02,
        4.43552353e-02, -4.77514188e-02, -8.21661816e-02,  4.57569033e-02,
        4.98896829e-03,  2.70891939e-02, -2.03201184e-02, -1.75864777e-02,
        3.30337436e-02,  1.55433184e-02,  7.90018203e-03, -1.01589275e-02,
       -5.75619764e-02, -3.91541687e-02,  1.18198919e-02, -1.98231652e-02,
       -5.03978778e-02, -2.88202936e-02, -1.46287665e-02, -1.21552876e-01,
        5.36110331e-02,  9.53102652e-02, -1.36482789e-02,  1.70145651e+00]), 'lt_0 - delta': array([-1.22714855e-01, -2.41831297e-02,  1.87316528e-03, -6.75133929e-01,
        7.10019585e-01, -5.07959837e-01, -4.68646938e-01,  1.29339689e+00,
       -1.14848658e+00,  6.29522557e-01, -4.90984778e-01,  1.72484634e-01,
        4.50164109e-01, -1.93178949e+00, -1.22958746e+00, -5.35162228e-01,
       -5.94943900e-01,  6.82267147e+00,  2.86086195e+00, -6.93245503e+00,
       -4.24910625e-01,  9.78540665e-01, -3.31858699e+00,  1.44214649e+01,
       -1.29857501e+01]), 'lt_0 - intercept': array([ 8.81178529e-02, -1.44610068e-01, -6.09816413e-02,  8.08695084e-02,
        9.75591557e-02,  1.04777691e-01,  2.69499176e-02,  8.71527475e-02,
       -4.56087645e-02,  1.88973462e-02, -2.07972400e-02, -1.01920206e-02,
        6.40652823e-02,  9.30487620e-02,  8.30259862e-02,  1.07054812e-01,
       -1.16777208e-03,  7.11144675e-02,  8.57606755e-02, -9.45503562e-02,
       -4.67409549e-03,  3.10662011e-02, -1.44381068e-01,  3.21504212e-02,
        1.08602826e-01,  7.55739034e-03,  1.34987649e-01, -3.43151136e-01,
        3.95880720e-02,  1.12152879e-01, -4.25230023e-02,  8.14790974e-02,
        8.61003287e-02, -3.39539630e-02,  7.15266022e-02,  8.62163867e-02,
        6.50441230e-02,  3.88395703e-03,  1.80446122e-02,  5.61710672e-02,
        8.79444658e-02,  7.56791055e-02,  7.99636731e-02,  8.60864174e-02,
        5.46955737e-02,  1.08215145e-01,  8.67559073e-02, -3.99389877e-02,
        4.32633673e-02, -5.03489459e-02, -2.17712868e-01,  9.87876064e-02,
       -1.17455891e-01,  1.08565739e-01, -2.79709329e-02,  9.46161673e-02,
        3.17965025e-03, -5.40392201e-02,  5.99935288e-02, -1.29076708e-01,
        3.03355689e-02,  3.02938152e-02,  9.19111248e-02,  1.24233115e-01,
       -5.16495345e-02,  9.42113720e-02, -1.01044536e-01,  1.54810467e-02,
        1.01735802e-01, -7.59854529e-03,  5.05004110e-02, -1.35104140e-02,
       -3.38199427e-02,  9.56173209e-02, -1.79586886e-03,  5.63573028e-02,
       -5.98093326e-02, -1.14383031e-01, -1.14731801e-01, -2.05960310e-01,
        1.07123431e-01,  1.62515954e-02,  3.07056104e-02,  4.60872314e-02,
        6.17887871e-02,  1.18679044e-01,  9.86027423e-02, -2.13940968e-01,
        4.90091444e-02, -2.23781768e-02,  8.40183596e-02, -2.86986449e-02,
        8.64414022e-02,  1.01324252e-01,  4.77713556e-02, -9.95200671e-02,
        1.01572134e-01, -1.08202552e-01,  4.24397830e-02,  1.88016646e-02,
        5.59653667e-02,  6.90678332e-02,  1.03055129e-01, -7.83048913e-02,
       -7.66572672e-03,  3.21076434e-02,  1.14356111e-01, -4.47146074e-02,
        8.36074082e-02, -1.33707155e-01,  8.48037488e-03, -7.67121625e-02,
       -1.12483095e-01,  7.23884003e-03,  1.68598566e-02,  1.04971127e-01,
        7.82166272e-02, -1.31305089e-02,  7.18216036e-02, -6.45231369e-03,
        7.42879460e-03,  2.58224406e-02, -9.63437205e-02,  6.37771928e-02,
        9.51042049e-02,  7.77528739e-02, -3.42582216e-02, -4.34372476e-02,
        1.39681060e-01,  9.92867872e-02,  9.91682384e-02,  8.09497784e-02,
        8.98279228e-02,  1.20190652e-01,  9.21019365e-02,  1.23525145e-01,
       -3.00897106e-02,  6.37442771e-03, -2.41370111e-02,  8.38109816e-02,
        7.57548753e-02,  8.55862739e-02,  8.04510620e-02,  2.53677601e-02,
        8.71522957e-02,  6.66390644e-02,  9.36885741e-02,  1.47549012e-01,
        3.85361014e-02,  1.77104571e-02,  1.09069756e-02,  8.75083035e-02,
        3.07929214e-02, -2.96190040e-02, -7.19785127e-02, -2.26965544e-01,
       -3.18486921e-02,  9.22448776e-02, -4.13902023e-02,  9.21853139e-02,
       -1.29936943e-01,  1.53550911e-02, -7.06591355e-02,  9.62130191e-02,
       -6.04228690e-02,  1.08255904e-01,  2.49476678e-02, -3.16451655e-02,
        4.11944189e-02,  9.61498471e-02,  9.81275788e-02, -1.47961057e-02,
        4.04982428e-02, -4.16940032e-02,  7.59756613e-02,  8.39636438e-02,
        8.71861669e-02,  8.91823965e-02,  4.00736756e-02, -2.10766077e-01,
        2.22383290e-02, -9.15358442e-02,  3.15477867e-02, -1.56204535e-01,
        1.31083681e-01,  6.76066650e-02,  3.99134974e-02, -1.41151950e-01,
       -5.97121593e-04, -4.97756093e-02, -5.56074497e-02,  5.82326681e-02,
        6.76610929e-02,  3.76741456e-02,  5.51329501e-02,  1.06564769e-01,
        1.07704777e-01, -7.08972679e-02,  5.49838517e-02, -6.48312430e-02,
        2.79628218e-02,  4.03493746e-02,  3.64464002e-02,  6.91759488e-02,
        1.09118057e-01,  1.15170897e-01, -4.32818241e-02,  9.46731169e-02,
        3.40170231e-02, -1.72241006e-02,  2.65572603e-02, -4.64716101e-02,
        8.69666506e-02,  8.42347228e-02,  1.15241051e-01, -2.50412989e-02,
        4.16781697e-02,  4.09140700e-02, -6.55838794e-02, -8.73424599e-02,
        7.28037196e-03,  5.14616438e-02,  1.07893042e-01, -6.81914285e-02,
       -1.08477569e-01,  1.10438822e-01, -2.15526346e-01, -5.55602942e-02,
        1.01342568e-01,  1.06602755e-01, -2.29175331e-02,  1.00575207e-01,
        7.20671811e-02, -4.78636243e-02,  1.02675647e-01, -3.51508917e-02,
       -3.11607461e-02, -7.66178275e-02,  5.61455099e-02,  6.49541023e-02,
        1.06553565e-01, -3.18169714e-02,  6.11468404e-02,  1.02382494e-01,
        1.21858066e-01,  2.12548646e-02, -1.96811660e-01,  8.41988497e-02,
        5.48962597e-02, -2.75874236e-03,  4.75196419e-02, -1.30910334e-01,
        4.83008932e-02, -2.71417031e-02,  7.84664012e-02,  6.66091879e-02,
        6.68083818e-02, -9.30201378e-02,  9.59505262e-02,  4.14299628e-02,
        3.24055369e-02,  1.24935728e-01,  1.21083758e-01,  6.25638885e-02,
        1.38649128e-01, -9.12562162e-02,  9.90989929e-02, -1.96804630e-02,
        1.00130099e-01,  9.18161362e-02,  8.08607955e-02, -9.82371680e-02,
        7.20832857e-02,  8.68375453e-02,  1.05023366e-01,  4.99952504e-02,
       -8.26948853e-02, -5.12074429e-02,  8.75085958e-02, -1.58741011e-01,
        1.01284409e-01,  2.28212571e-02,  1.31506003e-02, -1.38232237e-01,
        7.23932986e-02, -5.35015038e-02, -5.94926785e-02,  8.94847307e-02,
        9.76312721e-02,  8.86890224e-02, -8.22117249e-02,  9.05049966e-02,
        9.72711249e-02, -1.35686287e-03, -5.09068568e-02,  3.30370440e-02,
        5.47019522e-03, -3.70070625e-02,  3.87164762e-02, -1.14595975e-01,
       -1.63737362e-01, -2.44658216e-01,  9.03533250e-02,  1.21207228e-01,
        1.01416523e-01,  1.07868911e-01,  1.01772195e-01, -1.20651049e-01,
       -6.77022122e-02,  5.72885885e-02,  7.14206021e-02,  8.98804091e-02,
        6.92819728e-02,  6.97492675e-02,  4.65573647e-02, -4.40821772e-02,
        6.74887997e-02,  9.95656699e-02,  1.01840844e-01, -4.70122828e-02,
        1.07962493e-01, -5.45413981e-03, -2.71776069e-02,  8.96194562e-02,
        4.48260707e-02,  7.50564550e-02,  1.08446272e-01, -1.06640588e-01,
        8.26892603e-02,  8.01658949e-02, -1.09942769e-02,  8.77048422e-02,
        8.25978360e-02,  1.01489463e-01, -1.22870845e-01,  8.06823797e-02,
        1.71319137e-02,  1.10502556e-01, -1.46277234e-01,  5.32086543e-02,
        3.86018717e-02,  7.78799829e-02, -5.63170205e-02,  1.09807669e-01,
        6.51581457e-02, -2.14034047e-01, -1.24292931e-01, -9.65531097e-02,
        3.30915117e-02,  1.00232636e-01, -3.99288220e-02, -3.84493579e-02,
        6.26671290e-02,  3.03618760e-02, -2.39967305e-03,  2.66329269e-02,
        9.50210963e-02,  1.60085461e-02, -9.62245755e-02,  6.14429314e-02,
        9.05372598e-02,  1.09661610e-01,  1.71773327e-02,  7.73805552e-02,
       -2.80910185e-02,  8.28040023e-02,  9.88460132e-02,  1.06189907e-01,
        1.23423562e-01,  9.56370626e-02,  9.48748652e-02, -1.20270276e-02,
        1.10602028e-02,  1.01700672e-01,  9.97222092e-02,  7.68572481e-02,
       -1.57155416e-01,  7.62143430e-02, -1.57382303e-02,  5.28624751e-02,
        9.20845745e-02,  9.00376313e-02, -5.10708944e-02, -3.95698105e-03,
       -6.71690309e-02, -8.49921552e-02,  1.01338325e-01, -2.34116622e-02,
        5.87848570e-02,  1.10406521e-01, -8.88139769e-02,  5.54632451e-02,
       -3.46363685e-02,  4.52516239e-02, -1.25751036e-02,  8.12160030e-02,
        1.28386289e-01, -4.43273405e-02,  1.59563951e-02,  4.05692550e-02,
       -9.23265772e-02,  1.30689686e-01,  1.41272369e-01,  1.37626965e-01,
       -2.04819207e-01,  8.28345951e-02,  1.18718281e-01,  1.99506395e-02,
       -3.91486914e-02, -8.24162949e-02,  6.41780694e-03,  1.83764436e-02,
       -1.86830503e-01, -5.87320784e-02,  1.18078428e-01,  9.37849126e-02,
       -8.04057457e-02, -3.46206307e-02,  5.32519867e-02,  7.87249989e-02,
        5.42234037e-02,  1.03553625e-01,  9.51339478e-02,  8.39966383e-02,
        7.35387711e-02,  2.61438633e-02,  1.24204662e-01,  3.35312283e-02,
       -7.73429769e-02,  8.85484458e-02,  9.48533211e-02, -9.24662406e-02,
        1.88296579e-02,  1.56140510e-03,  8.28918655e-02,  9.49045810e-02,
       -3.09760434e-02,  1.28344590e-03,  2.79671734e-02,  5.39112964e-02,
        7.27543733e-02,  8.73346963e-02,  2.85095305e-02,  8.57840596e-02,
        1.02508401e-01,  6.82800250e-02,  9.08669405e-02,  1.14089156e-01,
       -1.00708075e-01, -1.83829831e-01,  8.62272068e-02, -2.03802068e+00]), 'fs_0 - beta_shared': array([-7.21187514e-05, -1.80040120e-04,  1.83933247e-04,  2.40318450e-04,
       -4.27519693e-05,  2.40019389e-04]), 'fs_0 - beta_sigma(p=7,n=3)_log__': array([-5.08378762, -5.48278166, -5.9306065 , -5.7836189 , -5.9175269 ,
       -5.95620466]), 'fs_0 - beta_z_offset(p=7,n=3)': array([[ 0.04165258, -0.02127642,  0.01317595,  0.01779694, -0.01837294,
        -0.01285138],
       [ 0.07224086,  0.02107795,  0.02781556, -0.02632732,  0.0371838 ,
         0.01731585],
       [-0.01374394,  0.08288781, -0.00398495, -0.03978571,  0.04325478,
         0.02470509],
       ...,
       [ 0.10538223,  0.05004935, -0.00157763,  0.03093306,  0.00128312,
         0.00459898],
       [ 0.03978375,  0.04349938, -0.03653052,  0.02960134, -0.03311937,
        -0.03810285],
       [ 0.03868658,  0.10276538, -0.06809555, -0.07606045,  0.01789074,
        -0.086873  ]]), 'fs_1 - beta_shared': array([ 0.01318748, -0.00692438, -0.00499992,  0.00909277, -0.01309059,
       -0.00671757,  0.00211932, -0.00680542, -0.01303546, -0.00117547,
       -0.01011808, -0.02139187,  0.00377702, -0.00924144, -0.01578028,
        0.00337856, -0.01814913, -0.02007983, -0.00990264,  0.0254044 ]), 'fs_1 - beta_sigma(p=365.25,n=10)_log__': array([-5.33486927, -5.27043884, -5.35067577, -2.9436208 , -2.84539478,
       -4.30226528, -3.27603986, -3.99323146, -4.05207745, -4.04577865,
       -3.83989593, -3.92284325, -3.87761868, -3.59225988, -3.67773005,
       -3.75103159, -4.4304296 , -4.18053752, -3.25900276, -3.27227491]), 'fs_1 - beta_z_offset(p=365.25,n=10)': array([[-0.02930216, -0.03403939,  0.01431166, ..., -0.01330294,
        -0.33343636, -0.22242438],
       [ 0.07945434,  0.12773744, -0.11516817, ...,  0.14426993,
        -0.35968583,  0.06285151],
       [ 0.06791454,  0.04244845,  0.0319947 , ...,  0.21821465,
        -0.05070118,  0.33374647],
       ...,
       [ 0.10969523,  0.12035868, -0.04802383, ...,  0.01734196,
        -0.4239211 , -0.10513769],
       [-0.01842441, -0.02388699,  0.01925892, ..., -0.00615853,
        -0.14478633, -0.14125786],
       [-0.67601141,  0.29593135,  0.13335375, ...,  1.41728124,
         0.30048947, -0.6667832 ]]), 'sigma_log__': array(-4.06570294), 'lt_0 - slope_sigma': array(1.25141908), 'fs_0 - beta_sigma(p=7,n=3)': array([0.00619639, 0.00415775, 0.00265687, 0.00307756, 0.00269185,
       0.00258972]), 'fs_1 - beta_sigma(p=365.25,n=10)': array([0.00482054, 0.00514135, 0.00474494, 0.05267466, 0.05811132,
       0.01353786, 0.03777757, 0.01844003, 0.01738622, 0.01749608,
       0.02149584, 0.01978476, 0.02070006, 0.02753603, 0.02528029,
       0.0234935 , 0.01190937, 0.01529029, 0.0384267 , 0.03792006]), 'sigma': array(0.01715093), 'lt_0 - slope': array([0.86664178, 1.00335044, 0.94988652, 0.88787418, 0.85596549,
       0.82285045, 0.92263323, 0.8757426 , 0.94953184, 0.90951795,
       0.93410279, 0.91269989, 0.89076409, 0.84752117, 0.82604519,
       0.85440638, 0.93743734, 0.87742426, 0.88723001, 0.97802162,
       0.92740923, 0.90115827, 1.00441846, 0.9138945 , 0.85250771,
       0.91483243, 0.83755902, 1.09205115, 0.89083506, 0.77359685,
       0.92975067, 0.85276509, 0.84749954, 0.94424908, 0.89702341,
       0.88419173, 0.88455461, 0.9265458 , 0.91471394, 0.90804576,
       0.85955803, 0.87789334, 0.86370426, 0.84891349, 0.90582872,
       0.82863234, 0.85969491, 0.95378665, 0.90860649, 0.95712605,
       1.03372918, 0.84242989, 0.98118937, 0.84126404, 0.92254943,
       0.82545787, 0.92593633, 0.95970882, 0.88992521, 0.99513211,
       0.90220864, 0.89616759, 0.84895023, 0.80731304, 0.92386318,
       0.81850786, 0.9827531 , 0.93811508, 0.84439194, 0.93142677,
       0.9039279 , 0.91002988, 0.91779525, 0.83565153, 0.92910646,
       0.89236439, 0.94272598, 0.99111025, 0.96867057, 1.03282449,
       0.84592294, 0.91331223, 0.89890642, 0.89135967, 0.8878414 ,
       0.81987819, 0.84769019, 1.03355715, 0.90607614, 0.92498706,
       0.83139838, 0.93479375, 0.85568264, 0.76899   , 0.89854143,
       0.98001142, 0.83295838, 0.9741877 , 0.90168359, 0.91608412,
       0.90704548, 0.85386181, 0.86136367, 0.96326887, 0.92365183,
       0.89718354, 0.79811482, 0.95223684, 0.87972712, 0.99325325,
       0.92389449, 0.96932551, 0.97803293, 0.90583302, 0.91792511,
       0.84004172, 0.89104227, 0.93104812, 0.87602158, 0.9083644 ,
       0.91352543, 0.9106719 , 0.96502197, 0.89356823, 0.84608671,
       0.86337968, 0.92599287, 0.95940454, 0.65973355, 0.84810062,
       0.81891411, 0.88587043, 0.84125434, 0.80190477, 0.85312578,
       0.80231453, 0.95036212, 0.91343168, 0.92498836, 0.86693505,
       0.87313666, 0.86947167, 0.8620759 , 0.90840915, 0.81488594,
       0.77796601, 0.89086194, 0.69290365, 0.89441958, 0.91047908,
       0.91159248, 0.83015095, 0.89555462, 0.92050851, 0.95268909,
       1.00001994, 0.94469791, 0.84090838, 0.9561361 , 0.87682835,
       0.99773111, 0.88661061, 0.94985156, 0.81158563, 0.96650153,
       0.75160544, 0.90861867, 0.93520831, 0.9097684 , 0.82837902,
       0.86613221, 0.93586162, 0.90576058, 0.93281516, 0.8883212 ,
       0.88158893, 0.86865229, 0.83322477, 0.89614737, 1.02517187,
       0.90380294, 0.97769119, 0.90800457, 1.00530163, 0.7934218 ,
       0.85315643, 0.90501575, 0.98374234, 0.93445806, 0.95504923,
       0.94068921, 0.89408934, 0.88667224, 0.8901946 , 0.87855271,
       0.83827142, 0.82482603, 0.94882601, 0.90374074, 0.94190318,
       0.91230121, 0.89065174, 0.91233815, 0.87860683, 0.78201821,
       0.66051039, 0.94014685, 0.85648789, 0.91608009, 0.92392514,
       0.91826102, 0.95795508, 0.87556034, 0.80207544, 0.811051  ,
       0.94125481, 0.90451365, 0.88966686, 0.94913214, 0.95838242,
       0.90637553, 0.89747133, 0.85936023, 0.96162189, 0.9821335 ,
       0.84537766, 1.04142608, 0.9534807 , 0.86208782, 0.79762895,
       0.9370993 , 0.82782875, 0.8536305 , 0.92711416, 0.87412452,
       0.93940021, 0.94341004, 0.95979704, 0.8904294 , 0.88007714,
       0.83181664, 0.94217299, 0.89858586, 0.82800071, 0.79410193,
       0.89888609, 1.02139672, 0.84657218, 0.88658716, 0.93993182,
       0.81282878, 1.00427549, 0.87576926, 0.93383091, 0.87445506,
       0.89246749, 0.88798958, 0.96541037, 0.84480085, 0.90774552,
       0.91221584, 0.77416343, 0.80891945, 0.88560343, 0.77589093,
       0.97250272, 0.83590987, 0.93497766, 0.85450128, 0.85057541,
       0.85526162, 0.96376803, 0.89306079, 0.87841446, 0.81862547,
       0.90556777, 0.93795599, 0.94814112, 0.86810259, 1.00667359,
       0.83845482, 0.9255094 , 0.91923076, 0.99858683, 0.89233144,
       0.94970377, 0.95350415, 0.85881131, 0.84313661, 0.75216722,
       0.98698538, 0.80517754, 0.83740007, 0.91292565, 0.93402257,
       0.8853739 , 0.90232004, 0.93819867, 0.8951545 , 0.9832112 ,
       0.98014117, 1.0473028 , 0.87201887, 0.81291623, 0.76261734,
       0.76342192, 0.76794274, 0.98365702, 0.96025809, 0.89801908,
       0.88635619, 0.88026989, 0.88979959, 0.83366051, 0.89300364,
       0.9307934 , 0.88464823, 0.87014429, 0.85413448, 0.94810675,
       0.8521415 , 0.92890741, 0.94191172, 0.85255569, 0.91220294,
       0.8726999 , 0.82226972, 0.98831391, 0.83729545, 0.87451785,
       0.931911  , 0.84467033, 0.86689646, 0.79982559, 0.99269406,
       0.8719935 , 0.92002084, 0.81050746, 0.99849798, 0.86392416,
       0.90898782, 0.87472172, 0.9588105 , 0.78988293, 0.81747803,
       1.03721023, 0.98996284, 0.97701025, 0.86478174, 0.85678847,
       0.94658859, 0.94069158, 0.8951468 , 0.91720123, 0.93457085,
       0.91432634, 0.82639099, 0.91747025, 0.98221416, 0.88689892,
       0.86046536, 0.84262752, 0.92581014, 0.86656357, 0.94519681,
       0.88968703, 0.83501082, 0.78745638, 0.8235377 , 0.84223665,
       0.83718723, 0.93231807, 0.91420175, 0.84205801, 0.85741031,
       0.88314397, 1.0078858 , 0.87979829, 0.93036541, 0.88774839,
       0.83156508, 0.85486765, 0.94459177, 0.92342276, 0.96086176,
       0.97351713, 0.80492353, 0.93830901, 0.89370814, 0.822787  ,
       0.96726429, 0.88440233, 0.93923284, 0.8954454 , 0.92888973,
       0.85098887, 0.75132995, 0.94952957, 0.91710967, 0.90978929,
       0.96910956, 0.77180752, 0.69553559, 0.71983266, 1.03329281,
       0.85892766, 0.81628079, 0.92254797, 0.94920627, 0.97184328,
       0.91556154, 0.91315295, 1.00700653, 0.96224155, 0.85110139,
       0.86251435, 0.96499691, 0.91947064, 0.88544805, 0.88900003,
       0.88199886, 0.76737141, 0.79644396, 0.80403202, 0.88387738,
       0.89493558, 0.7890118 , 0.91267048, 0.9540291 , 0.83876508,
       0.79569778, 0.95578317, 0.9047654 , 0.93242205, 0.87309313,
       0.87651406, 0.93986117, 0.91797332, 0.90840855, 0.88580904,
       0.82648796, 0.84952384, 0.91331375, 0.87371502, 0.83545325,
       0.86245585, 0.88021539, 0.74640852, 0.96561198, 1.0177952 ,
       0.8814424 , 3.02775724]), 'fs_0 - beta(p=7,n=3)': array([[ 1.85977057e-04, -2.68502101e-04,  2.18940028e-04,
         2.95089577e-04, -9.22091443e-05,  2.06737873e-04],
       [ 3.75514142e-04, -9.24032987e-05,  2.57835567e-04,
         1.59294594e-04,  5.73412027e-05,  2.84862624e-04],
       [-1.57281609e-04,  1.64586504e-04,  1.73345761e-04,
         1.17875627e-04,  7.36833866e-05,  3.03998721e-04],
       ...,
       [ 5.80871156e-04,  2.80524839e-05,  1.79741700e-04,
         3.35516738e-04, -3.92979986e-05,  2.51929474e-04],
       [ 1.74397059e-04,  8.19356315e-07,  8.68764124e-05,
         3.31418278e-04, -1.31904319e-04,  1.41343588e-04],
       [ 1.67598570e-04,  2.47232461e-04,  3.01221580e-06,
         6.23800179e-06,  5.40721226e-06,  1.50424431e-05]]), 'fs_1 - beta(p=365.25,n=10)': array([[ 0.01304622, -0.00709938, -0.00493201, ..., -0.02028323,
        -0.0227155 ,  0.01697006],
       [ 0.01357049, -0.00626763, -0.00554639, ..., -0.0178739 ,
        -0.02372418,  0.02778774],
       [ 0.01351486, -0.00670613, -0.00484811, ..., -0.01674326,
        -0.01185092,  0.03806009],
       ...,
       [ 0.01371627, -0.00630557, -0.00522779, ..., -0.01981466,
        -0.02619253,  0.02141757],
       [ 0.01309866, -0.00704719, -0.00490854, ..., -0.02017399,
        -0.0154663 ,  0.0200479 ],
       [ 0.00992874, -0.00540289, -0.00436716, ...,  0.00159081,
         0.00164418,  0.00011994]])}"
