,0
0,"{'priors': array([ -1.17887536,  -1.04900368,   1.66683492,   0.38494188,
        -2.16777753,  -2.89762359,  -4.78495066,  -5.17192598,
        -3.68962972,  -0.96657774,  -6.30764186,  -4.18371745,
        -1.91246919,  -2.19611794,  -3.38153098,  -6.58060953,
       -11.86961457, -10.31616028,   2.72981367,  23.04744182,
        26.16297171,   2.48275597, -25.28843348,  -8.711279  ,
         7.42667961,  -2.19071237, -33.29089567,  -2.09838416,
         1.37166713,  -1.38426547,  -0.67724294,  -0.0899882 ,
        -2.42064339,  -4.28409968,  -1.22338878,  -8.16763611,
         1.03493379,  -5.6547302 ,  -0.63590725,  -6.85336501,
        -0.61372764,  -0.80461612,  -1.10422204,   0.8210084 ,
         0.3360113 ,   2.55949019,  -3.65342155,   4.14160342,
         1.3246745 ,  -0.5150249 ,   0.17256767,  -7.50092316,
         5.50695952,   0.        ]), 'lt_0 - slope_sigma_log__': array(2.3361393), 'lt_0 - slope_z_offset': array([-1.10913618e-02, -2.36332959e-02, -1.64663259e-04, -1.07403225e-01,
        3.29467154e-02, -8.11171421e-02,  1.14937017e-02, -1.76372202e-02,
       -6.20392320e-02,  1.56121123e-02,  3.57733940e-02, -2.01027888e-01,
        1.48294858e-01,  1.90009179e-01,  7.14355810e-02, -1.55745116e-02,
       -5.29019659e-02, -3.24160588e-02, -4.90122323e-02, -9.95917472e-02,
        7.92163352e-02,  2.15582494e-02, -9.09808154e-02,  6.81230958e-02,
       -4.32370874e-02, -2.00395278e-02, -1.22928167e-02, -5.37079060e-02,
       -1.00408137e-01,  1.00761270e-02, -1.75523006e-01, -3.16779667e-03,
       -1.22962155e-01, -1.11627879e-01,  8.56471600e-03,  4.58308523e-02,
       -9.38199615e-02, -1.29489297e-01,  2.37218098e-02, -1.83042433e-02,
       -2.15292290e-01, -8.04843423e-02,  1.90415794e-01,  4.09106029e-02,
        1.67214576e-02,  4.18251752e-02,  2.08260964e-01, -1.67290955e-01,
        3.75774973e-02, -1.27803995e-01, -2.01682416e-01,  6.91410103e-02,
       -7.20497242e-03,  1.35330699e-02, -9.99974835e-02, -1.03483777e-02,
       -4.81476815e-03, -1.30949663e-01, -9.23160420e-02, -1.07969961e-01,
       -6.15546791e-02, -1.00505792e-02,  6.25066374e-02,  2.86455415e-02,
       -2.36127365e-01,  1.46485312e-02, -2.06611793e-01,  8.92025901e-02,
       -1.03604397e-02, -6.04325753e-03,  6.75931026e-02, -7.57215415e-03,
       -2.31842520e-01,  7.26918240e-02, -1.11049777e-02, -9.57353126e-03,
       -1.00054340e-01, -6.43898621e-02, -2.71567507e-01, -1.69650557e-01,
        8.29649149e-02,  1.19897774e-01, -7.07255456e-03,  6.54345996e-02,
        6.95326730e-02,  8.70731965e-02,  1.15383874e-01, -1.91031959e-01,
        2.17112150e-02,  4.04879168e-02, -1.13360425e-01,  7.20594495e-02,
        1.94923607e-01,  9.26980040e-02,  1.70333937e-01, -1.28757996e-01,
        1.00012469e-02, -2.65194980e-01, -1.09281750e-03,  1.79115178e-01,
       -4.12148303e-02, -1.37485703e-01, -3.57532082e-02, -8.89294701e-02,
       -2.68265187e-03, -4.38453890e-03,  1.08941376e-01,  2.05625916e-02,
        1.45704143e-01, -1.68667567e-02, -6.59161990e-02,  8.56091241e-02,
       -1.01474599e-01,  1.74522291e-01,  2.57186648e-02, -1.48027975e-01,
       -2.83187814e-02, -1.12657849e-01,  1.98689472e-01,  1.43299144e-01,
       -2.47752859e-02,  1.21231020e-01,  1.62759259e-01,  1.57752326e-01,
        2.08561311e-01, -2.43203695e-02, -3.58013087e-01,  7.58542253e-02,
       -1.81195355e-01, -2.98372661e-02, -1.08737166e-01, -2.05428333e-02,
        2.21591164e-01, -9.33380233e-03,  1.44081802e-01,  1.12583597e-01,
       -6.11934376e-02,  1.88432242e-02, -9.84327990e-02,  9.64989033e-02,
        3.96976253e-02,  1.63153457e-01, -4.06261771e-04,  1.76573687e-02,
        1.72309461e-01, -1.45539519e-01,  1.49533786e-01,  8.27507249e-02,
        1.93877228e-01,  2.17948918e-02, -1.24520195e-01,  1.11103528e-01,
       -8.81437540e-02, -2.93434908e-02,  1.25242575e-01, -2.95176184e-01,
       -1.05816845e-01,  1.48072212e-01, -2.92336323e-02,  4.25195215e-03,
       -1.80728705e-01, -4.64085469e-02, -6.89141344e-02,  1.26379456e-01,
       -2.02927977e-01, -1.82305431e-01, -2.37715530e-03,  3.14457248e-02,
       -8.46175976e-02,  6.70966985e-02, -5.32772930e-02,  6.26160229e-02,
       -1.25114070e-01,  2.82453791e-02,  3.46919596e-02,  4.01755998e-02,
       -1.32575935e-01,  2.14143818e-02, -1.17062932e-01,  1.11364658e-01,
       -1.31302518e-01,  1.02439161e-01, -1.85957230e-01, -5.53943261e-03,
        8.53126675e-02, -1.30106062e-02, -2.39970492e-01, -4.46510452e-02,
        5.83027766e-02, -1.54098456e-01, -6.36592837e-02,  7.37375723e-02,
       -1.99801888e-02, -1.65686830e-01,  1.80589559e-01,  6.66004936e-02,
       -5.29458031e-02,  1.13585210e-01,  5.47317690e-02, -1.41727914e-02,
        5.01130605e-02,  7.68891958e-02,  5.40182287e-03,  4.25710151e-02,
       -7.28290625e-02, -3.26867227e-01, -7.21374937e-02,  2.89081920e-02,
       -6.40336999e-02,  9.37626275e-03, -3.95188830e-02, -3.50433031e-02,
        5.12736123e-02,  1.33313335e-01,  3.88855629e-03,  4.62857813e-02,
       -8.90831849e-02, -6.62752913e-02,  3.41859656e-02,  7.57889165e-02,
        9.81588386e-02,  8.50900677e-02, -1.43965804e-01, -6.34703718e-02,
        1.51546321e-01, -9.64197722e-02, -1.71971566e-01,  1.09339679e-01,
        1.36132682e-01,  6.23877323e-02,  1.59954193e-01, -1.92675857e-01,
       -1.72484410e-01,  9.28963647e-02,  6.86594341e-02,  4.20638771e-02,
       -1.25168481e-01, -1.54673681e-02, -1.43394121e-01, -4.37138013e-02,
        3.66683625e-02,  1.99375622e-03, -3.66355164e-02, -1.13269442e-02,
        4.80834225e-02, -2.79469953e-01,  1.94526332e-01, -2.55108087e-02,
       -2.22839987e-02,  5.78055137e-02, -1.21808489e-01,  5.22537602e-02,
       -1.05816516e-01, -1.03231963e-01, -5.26088885e-02,  1.12308064e-01,
       -5.09602976e-02, -7.29047539e-02,  1.36617585e-01, -2.04714264e-02,
       -9.73957414e-02, -1.02041819e-01, -1.48231163e-02,  7.22119274e-02,
       -1.24204025e-01,  6.48380257e-02, -8.98763959e-02, -8.58147819e-02,
        1.18922344e-01,  1.04451474e-01, -1.21505220e-01,  6.99717221e-02,
        4.50832167e-02, -7.25394570e-02,  1.48225685e-01, -1.65916026e-01,
       -2.86940449e-01,  2.91329559e-02, -2.21781944e-01,  4.24432162e-02,
        3.11699109e-02, -2.93824308e-02, -7.31580351e-02, -2.79595905e-04,
       -2.46170436e-01, -1.97995076e-01,  1.34217740e-01,  2.11297998e-01,
        2.40634836e-01, -1.93637717e-01,  1.85957275e-01, -2.29296961e-02,
        8.49696654e-02, -1.29658384e-01, -2.66695423e-01,  2.02978486e-02,
       -1.71922887e-01, -2.19120050e-01, -1.31953519e-01,  3.21937132e-02,
       -7.62598854e-02,  2.70815330e-02, -1.19164819e-01, -7.31872718e-02,
       -9.66112873e-02,  2.28300908e-01, -8.91801541e-03, -4.43088780e-02,
        6.95662534e-02,  9.26991823e-04,  3.23821857e-02, -2.64646434e-03,
       -2.64924111e-01, -2.70305625e-02,  8.95230920e-02,  1.73370031e-01,
        7.25563074e-02,  1.10596705e-02, -1.97844935e-01,  1.49253909e-01,
        9.88783439e-02,  3.66060265e-02, -6.86220029e-02, -1.72862135e-01,
       -1.28410498e-02,  1.30401754e-01, -3.63885953e-02, -1.06496121e-01,
        1.69629916e-01,  4.46263125e-02, -2.59896089e-02,  1.55482780e-01,
        4.36639833e-02, -1.67062291e-01,  1.16665949e-01, -5.46442935e-02,
       -8.59833597e-02, -7.96951910e-02,  5.16298696e-02,  7.43793643e-03,
       -2.83735407e-01, -1.15802222e-01,  1.58037043e-01, -2.02807339e-01,
       -1.53690711e-01, -1.20935517e-01, -1.99151029e-01, -1.31273681e-01,
        8.49902521e-02, -7.52087659e-03,  6.54831425e-02, -5.07440048e-02,
        1.32851121e-01,  1.01309328e-01, -1.67060050e-02, -4.13269808e-02,
        2.36475957e-02, -2.14467819e-01,  1.26846314e-02,  1.02233751e-02,
        1.29579993e-01,  5.83407747e-04, -1.58821412e-01, -5.20802168e-02,
       -5.46028916e-02,  1.75059556e-01,  7.98071282e-02, -4.15639590e-02,
        5.82753039e-02, -2.66787538e-02, -1.72847412e-01, -5.68964144e-02,
        1.17343833e-01, -6.25006385e-02, -1.66348510e-01, -7.30430045e-02,
        1.14677536e-01,  1.23473472e-01,  1.88498689e-01,  1.96353373e-02,
       -4.28509139e-04, -5.63230799e-02, -9.40392664e-02, -8.91007350e-03,
       -9.35119329e-02,  1.20994641e-01,  6.87206729e-02,  8.62988518e-02,
        2.70484518e-02,  9.84370756e-02,  1.96116688e-01, -1.00906561e-02,
        1.93920684e-02,  2.46301300e-02, -1.63103157e-01,  2.04108945e-01,
       -3.51233954e-02,  4.57730298e-02, -3.39697856e-02, -1.44201478e-01,
       -8.41663443e-02, -6.04979109e-02, -1.14699610e-01,  5.47430599e-02,
       -2.78676006e-02,  4.88765177e-02,  7.91024144e-02, -1.85705125e-01,
       -6.66877981e-03,  6.67116632e-03, -2.90446610e-01, -1.20233930e-02,
       -1.81114024e-02,  3.44715754e-05, -5.74321101e-02, -4.46298217e-02,
       -3.40039100e-02,  1.44159669e-02, -8.76415234e-02, -2.50397095e-01,
        1.06200098e-01,  2.99212423e-02,  1.90792459e-01, -9.23371352e-02,
       -5.26828974e-03,  1.99645520e-02, -2.23003708e-01,  2.10773260e-01,
        6.54395093e-02, -4.91219199e-02, -8.23595392e-02,  9.85437412e-02,
       -4.37961645e-01,  1.96542541e-01, -4.37854090e-03, -2.47777901e-02,
        1.47505316e-02, -1.72095780e-01,  8.44688844e-02,  1.87431187e-01,
        8.96567959e-02,  2.45494122e-02, -4.30344419e-02,  5.12200637e-02,
        4.20488214e-02,  4.02225345e-02, -1.65369964e-01, -2.11079174e-01,
       -2.12540605e-02,  1.01912698e-01]), 'lt_0 - delta_sigma_log__': array([-9.50563218, -9.45291463, -9.31554824, -9.3193712 , -9.23811115,
       -9.13576526, -9.06100788, -8.97913965, -8.92455418, -8.82211639,
       -8.67953891, -8.64799905, -8.46961121, -8.34545862, -8.19816824,
       -8.10418786, -7.98267051, -7.91086103, -7.68346292, -7.56660757,
       -7.39669008, -7.23278273, -7.19138652, -7.66375178, -8.39239402]), 'lt_0 - delta_z_offset': array([[ 2.66907026e-11,  2.66907026e-11,  2.66907026e-11, ...,
         2.66907026e-11,  2.66907026e-11,  2.66907026e-11],
       [ 2.66907026e-11,  2.66907026e-11,  2.66907026e-11, ...,
         2.66907026e-11,  2.66907026e-11,  2.66907026e-11],
       [ 2.66907026e-11,  2.66907026e-11,  2.66907026e-11, ...,
         2.66907026e-11,  2.66907026e-11,  2.66907026e-11],
       ...,
       [ 2.66907026e-11,  2.66907026e-11,  2.66907026e-11, ...,
         2.66907026e-11,  2.66907026e-11,  2.66907026e-11],
       [ 2.66907026e-11,  2.66907026e-11,  2.66907026e-11, ...,
         2.66907026e-11,  2.66907026e-11,  2.66907026e-11],
       [-1.94660086e-02, -1.30538298e-02, -5.98602302e-03, ...,
        -5.65618870e-02,  3.38963662e-02, -1.26680494e-02]]), 'lt_0 - intercept': array([ 3.22723632e-01,  4.16707658e-01,  1.94088387e-01,  1.26971299e+00,
       -1.31569312e-01,  1.03455702e+00,  1.05369789e-01,  3.94368320e-01,
        8.04475355e-01,  5.79450684e-02, -1.32833721e-01,  2.21181706e+00,
       -1.32602006e+00, -1.75763900e+00, -5.25321764e-01,  3.46872658e-01,
        7.45839752e-01,  5.35585865e-01,  7.02385196e-01,  1.15967003e+00,
       -6.35122199e-01,  4.33976651e-03,  1.09686357e+00, -4.77165346e-01,
        6.50694082e-01,  4.11750386e-01,  3.59346302e-01,  5.96937973e-01,
        1.21490514e+00,  1.23298343e-01,  1.95636761e+00,  2.55770595e-01,
        1.44374285e+00,  1.29718863e+00,  1.35650674e-01, -2.50523144e-01,
        1.14798207e+00,  1.44998209e+00, -3.90255322e-02,  3.91513282e-01,
        2.36542959e+00,  1.03215763e+00, -1.77490328e+00, -1.94030575e-01,
        9.87137915e-03, -2.06543238e-01, -1.96229756e+00,  1.89006214e+00,
       -1.62742677e-01,  1.49718505e+00,  2.23714996e+00, -4.73625425e-01,
        2.81204129e-01,  8.18684139e-02,  1.17302025e+00,  2.95538412e-01,
        2.72210893e-01,  1.51814776e+00,  1.12634529e+00,  1.23180062e+00,
        8.11728269e-01,  3.17626158e-01, -4.08192777e-01, -6.50196882e-02,
        2.56338017e+00,  6.37406718e-02,  2.27835609e+00, -6.84734800e-01,
        3.15192100e-01,  2.56143765e-01, -4.64040388e-01,  2.69817479e-01,
        2.51747019e+00, -5.08318475e-01,  3.01345139e-01,  2.69166822e-01,
        1.20869311e+00,  8.38804173e-01,  2.86469190e+00,  1.92087205e+00,
       -6.39789183e-01, -1.04939758e+00,  2.90346101e-01, -4.62942607e-01,
       -4.99763006e-01, -6.50910385e-01, -9.42885342e-01,  2.09887825e+00,
       -3.11499638e-02, -1.99348098e-01,  1.27425568e+00, -5.58323942e-01,
       -1.82414976e+00, -7.74991928e-01, -1.55469197e+00,  1.48394304e+00,
        7.39029609e-02,  2.81773541e+00,  2.22956837e-01, -1.69005771e+00,
        6.24001283e-01,  1.60111099e+00,  5.80540131e-01,  1.04302110e+00,
        2.52719054e-01,  2.39954768e-01, -8.85267050e-01,  1.23691640e-03,
       -1.27348915e+00,  3.64856394e-01,  8.26682471e-01, -6.62916163e-01,
        1.22224047e+00, -1.59972638e+00, -4.99144604e-02,  1.69945013e+00,
        5.01799143e-01,  1.31016290e+00, -1.84699860e+00, -1.26232066e+00,
        4.41320817e-01, -1.01524761e+00, -1.46439567e+00, -1.41774030e+00,
       -1.96908907e+00,  4.53383340e-01,  3.65065266e+00, -5.86012752e-01,
        2.01964188e+00,  5.09207502e-01,  1.30137208e+00,  4.22249838e-01,
       -2.10843199e+00,  3.13123915e-01, -1.26361043e+00, -9.23020532e-01,
        8.21872349e-01,  1.02494072e-02,  1.14468492e+00, -7.71584344e-01,
       -1.78347187e-01, -1.47801188e+00,  2.12893661e-01, -4.54847655e-03,
       -1.56385170e+00,  1.62041206e+00, -1.33630522e+00, -6.49165367e-01,
       -1.85644542e+00, -2.13733649e-02,  1.44339555e+00, -9.19604591e-01,
        1.09346056e+00,  4.48771921e-01, -1.11244805e+00,  3.04065838e+00,
        1.23806390e+00, -1.30074662e+00,  4.97407245e-01,  1.52223317e-01,
        2.02522212e+00,  6.41191222e-01,  8.78050934e-01, -1.05885568e+00,
        2.19012738e+00,  1.98167215e+00,  2.27189720e-01, -9.97031596e-02,
        1.05364155e+00, -4.44000692e-01,  7.44806276e-01, -4.20173238e-01,
        1.46370073e+00, -6.84637515e-02, -1.32315705e-01, -1.93552636e-01,
        1.52063346e+00, -4.93803457e-02,  1.37374159e+00, -9.60021257e-01,
        1.47923964e+00, -8.48277947e-01,  2.07127056e+00,  2.64966197e-01,
       -6.59917728e-01,  3.57886153e-01,  2.52880730e+00,  6.48153983e-01,
       -3.72674631e-01,  1.73283040e+00,  8.35002705e-01, -5.20677391e-01,
        3.93600889e-01,  1.77294897e+00, -1.70593409e+00, -4.66687252e-01,
        7.25342145e-01, -9.36506581e-01, -3.44320634e-01,  3.67904155e-01,
       -2.89434023e-01, -5.76976952e-01,  1.66396521e-01, -2.00303644e-01,
        9.16737135e-01,  3.46689789e+00,  9.45836941e-01, -1.01833146e-01,
        8.28346426e-01,  1.29767554e-01,  6.08782771e-01,  5.71662359e-01,
       -3.17077326e-01, -1.15372368e+00,  1.69874988e-01, -2.48506227e-01,
        1.10611585e+00,  8.66266034e-01, -1.50378373e-01, -5.83755038e-01,
       -7.75196983e-01, -6.31397523e-01,  1.64750607e+00,  8.54573468e-01,
       -1.34255787e+00,  1.18472877e+00,  1.90216790e+00, -9.11281284e-01,
       -1.18738635e+00, -4.10056701e-01, -1.41656865e+00,  1.94846914e+00,
        1.91831573e+00, -7.03305507e-01, -5.00067259e-01, -2.02769102e-01,
        1.47683856e+00,  3.41683249e-01,  1.64026953e+00,  6.62132793e-01,
       -1.63986228e-01,  1.62918242e-01,  5.83342073e-01,  3.36615142e-01,
       -2.61103207e-01,  2.98922711e+00, -1.81469460e+00,  4.80447787e-01,
        4.22802299e-01, -4.44984131e-01,  1.37538191e+00, -3.47569304e-01,
        1.24268317e+00,  1.25002485e+00,  7.49894293e-01, -9.30425936e-01,
        7.05844663e-01,  9.35767142e-01, -1.18540411e+00,  4.13032047e-01,
        1.17237687e+00,  1.23357705e+00,  3.58602550e-01, -4.94592110e-01,
        1.44580294e+00, -4.91093965e-01,  1.09965055e+00,  1.07083764e+00,
       -1.00987687e+00, -8.65849830e-01,  1.38538917e+00, -4.91714487e-01,
       -2.41687062e-01,  9.38409097e-01, -1.29526956e+00,  1.83969712e+00,
        3.03513137e+00, -6.25749354e-02,  2.41017652e+00, -2.10657349e-01,
       -9.58410478e-02,  5.07739628e-01,  9.51802372e-01,  2.21960267e-01,
        2.62103426e+00,  2.20443235e+00, -1.17433818e+00, -1.98986787e+00,
       -2.44943683e+00,  2.13280193e+00, -1.71666640e+00,  4.41776571e-01,
       -6.22008832e-01,  1.47898387e+00,  2.89289794e+00, -6.00650720e-02,
        1.89216486e+00,  2.36462077e+00,  1.53817991e+00, -1.15781516e-01,
        9.70126459e-01, -5.64227078e-02,  1.37775079e+00,  9.42117298e-01,
        1.16542065e+00, -2.20997179e+00,  2.71303397e-01,  5.30326382e-01,
       -4.91159013e-01,  1.99500283e-01, -1.24029404e-01,  2.01099182e-01,
        2.81272995e+00,  4.93062463e-01, -7.31846478e-01, -1.58540714e+00,
       -4.97956695e-01,  1.08764108e-01,  2.15075899e+00, -1.31465011e+00,
       -7.97918734e-01, -1.73042553e-01,  8.72865239e-01,  1.93485416e+00,
        3.50635635e-01, -1.10250342e+00,  5.90096209e-01,  1.24216712e+00,
       -1.54894246e+00, -2.29585453e-01,  4.64260256e-01, -1.39508166e+00,
       -2.30262471e-01,  1.87940334e+00, -9.64336625e-01,  7.24289052e-01,
        9.84122353e-01,  9.60192179e-01, -3.17436435e-01,  1.12769884e-01,
        3.01255892e+00,  1.33545275e+00, -1.41418244e+00,  2.21877943e+00,
        1.74549439e+00,  1.40054820e+00,  2.21592361e+00,  1.50386219e+00,
       -6.61656343e-01,  2.86020539e-01, -4.40917429e-01,  7.23799748e-01,
       -1.14605851e+00, -8.02794887e-01,  3.81509849e-01,  6.21738114e-01,
       -1.71299284e-02,  2.35916295e+00,  8.69868223e-02,  1.03056213e-01,
       -1.10240387e+00,  1.75530689e-01,  1.80344141e+00,  7.50385691e-01,
        6.97761345e-01, -1.58644332e+00, -5.82103148e-01,  6.19318468e-01,
       -3.92184714e-01,  4.74096054e-01,  1.92484733e+00,  7.52448171e-01,
       -1.00279205e+00,  8.46188775e-01,  1.82820050e+00,  9.39202128e-01,
       -9.58074171e-01, -1.06652570e+00, -1.73573482e+00,  3.02950293e-02,
        2.26731179e-01,  7.71525247e-01,  1.15408222e+00,  2.96027494e-01,
        1.15670396e+00, -1.00987967e+00, -4.65014795e-01, -6.50554447e-01,
       -5.89667075e-02, -8.01929149e-01, -1.86822149e+00,  3.07681797e-01,
        3.00853336e-02, -3.81992215e-02,  1.83180920e+00, -1.98139367e+00,
        5.55740390e-01, -2.41866785e-01,  5.53017056e-01,  1.66072695e+00,
        1.05641935e+00,  7.70942370e-01,  1.34397051e+00, -3.30154772e-01,
        4.90993460e-01, -2.83707353e-01, -5.80060924e-01,  2.05088341e+00,
        2.36687351e-01,  1.37381767e-01,  3.08315509e+00,  3.44889106e-01,
        4.03865305e-01,  2.02290308e-01,  7.98578363e-01,  6.22004175e-01,
        5.55726352e-01,  6.78699951e-02,  1.07594379e+00,  2.69314257e+00,
       -8.75691202e-01, -9.60585795e-02, -1.77499000e+00,  1.08879953e+00,
        2.70939195e-01,  1.28604480e-02,  2.43780926e+00, -1.98702541e+00,
       -4.75890838e-01,  7.13053886e-01,  9.96817570e-01, -7.74384210e-01,
        4.43327132e+00, -1.82324314e+00,  2.56173736e-01,  4.63511681e-01,
        6.21341901e-02,  1.93051261e+00, -7.53916849e-01, -1.73275071e+00,
       -7.01970915e-01, -3.35828132e-02,  6.35267629e-01, -2.93723002e-01,
       -2.14680696e-01, -1.86190421e-01,  1.80947847e+00,  2.30014629e+00,
        4.30394160e-01, -8.82984653e-01]), 'fs_0 - beta_sigma(p=7,n=3)_log__': array([-11.13666889, -11.11573076, -11.18212424, -11.13656191,
       -11.15530511, -11.15190094]), 'fs_0 - beta_z_offset(p=7,n=3)': array([[-2.34455401e-04,  7.06704897e-06, -7.64714423e-05,
        -7.64233908e-05, -3.04481730e-06, -7.06348929e-05],
       [-9.08635682e-05,  2.22975800e-04, -2.19030191e-04,
         2.48210802e-04, -1.91488503e-04, -1.02970733e-04],
       [-5.44447263e-04,  8.85758718e-05, -1.35454477e-04,
        -1.01283330e-04,  4.11985496e-05,  3.63415593e-05],
       ...,
       [ 9.03216387e-04,  3.06111067e-04,  3.58488072e-04,
         5.36863123e-04,  4.90311997e-05,  4.35941183e-04],
       [ 1.20978303e-04, -1.53277797e-04,  1.16882319e-04,
         1.65358328e-05,  2.27217075e-05,  1.64796288e-05],
       [ 1.27307231e-02, -2.28447912e-03,  5.11989158e-03,
         5.48072051e-03, -4.77794234e-04,  1.69939841e-03]]), 'fs_1 - beta_sigma(p=365.25,n=10)_log__': array([-11.06484582, -11.10110383, -11.10059538, -11.08739827,
       -11.10283336, -11.07063851, -11.07768106, -11.12903052,
       -11.1612313 , -11.17332083, -11.09143187, -11.12688535,
       -11.12267734, -11.16603192, -11.13863492, -11.15023884,
       -11.12732139, -11.13134308, -11.11727193, -11.16515896]), 'fs_1 - beta_z_offset(p=365.25,n=10)': array([[-0.00043622,  0.00057728, -0.00076252, ..., -0.00152328,
        -0.00038757, -0.0011461 ],
       [-0.00122306,  0.00047605, -0.00198927, ..., -0.0044032 ,
         0.00123726, -0.00415896],
       [ 0.00049907, -0.00037668,  0.00110124, ...,  0.00026018,
        -0.00146147,  0.00122468],
       ...,
       [-0.01239837, -0.00081956, -0.01967363, ...,  0.00188893,
         0.00069726,  0.00290918],
       [-0.00105638,  0.00076101, -0.0013728 , ..., -0.00155496,
        -0.00199273, -0.00181892],
       [ 0.0733519 , -0.00699488,  0.10044713, ..., -0.02453469,
         0.08022371, -0.09381669]]), 'sigma_log__': array(-2.97100109), 'lt_0 - slope_sigma': array(10.34123496), 'lt_0 - delta_sigma': array([7.44314359e-05, 7.84605480e-05, 9.00137395e-05, 8.96702773e-05,
       9.72611284e-05, 1.07742627e-04, 1.16105897e-04, 1.26011215e-04,
       1.33080789e-04, 1.47435998e-04, 1.70029448e-04, 1.75477618e-04,
       2.09746435e-04, 2.37472526e-04, 2.75157131e-04, 3.02270616e-04,
       3.41326688e-04, 3.66738671e-04, 4.60377885e-04, 5.17444872e-04,
       6.13279308e-04, 7.22507521e-04, 7.53044285e-04, 4.69542483e-04,
       2.26584182e-04]), 'fs_0 - beta_sigma(p=7,n=3)': array([1.45682086e-05, 1.48764555e-05, 1.39208305e-05, 1.45697672e-05,
       1.42992265e-05, 1.43479865e-05]), 'fs_1 - beta_sigma(p=365.25,n=10)': array([1.56530336e-05, 1.50956516e-05, 1.51033289e-05, 1.53039703e-05,
       1.50695657e-05, 1.55626225e-05, 1.54534071e-05, 1.46799122e-05,
       1.42147373e-05, 1.40439223e-05, 1.52423645e-05, 1.47114369e-05,
       1.47734731e-05, 1.41466612e-05, 1.45395953e-05, 1.43718541e-05,
       1.47050235e-05, 1.46460032e-05, 1.48535460e-05, 1.41590161e-05]), 'sigma': array(0.05125198), 'prior_lt_0 - slope': array(0.71992122), 'prior_lt_0 - intercept': array(-0.04204289), 'prior_lt_0 - delta': array([-0.07308698, -0.077109  , -0.11472614, -0.09679111, -0.11853852,
       -0.10511412, -0.03390765,  0.11260339, -0.07278366,  0.00636448,
        0.06574105,  0.01333557, -0.19444967, -0.64849267, -1.31595117,
       -1.23418726,  0.05149932,  2.42478778,  3.74682439,  0.59138582,
       -4.02406814, -1.47126034,  3.16780024, -0.08216897, -2.31493461]), 'prior_fs_0 - beta(p=7,n=3)': array([-0.00163374,  0.00052597, -0.00086852, -0.00071588,  0.00017113,
       -0.00044099]), 'prior_fs_1 - beta(p=365.25,n=10)': array([-8.98776634e-05, -2.09906830e-03, -1.86290805e-02,  6.41521233e-03,
       -2.26183447e-02,  4.23127895e-03, -1.21328626e-02,  5.19844590e-04,
       -7.22525129e-03,  2.04240200e-03,  3.61678426e-03,  5.80765415e-05,
        5.40123920e-03,  1.42360942e-03,  3.41052309e-03, -2.94351581e-03,
       -2.05301186e-03,  3.11739802e-03, -1.09322932e-02,  1.41412738e-02]), 'prior_sigma': array(0.09445084), 'lt_0 - slope_shared': array(0.71992122), 'lt_0 - slope': array([ 0.60522285,  0.47552376,  0.7182184 , -0.39076076,  1.06063095,
       -0.1189302 ,  0.83878029,  0.53753059,  0.07835895,  0.88136974,
        1.0898623 , -1.3589554 ,  2.25347319,  2.68485079,  1.45865335,
        0.55886154,  0.17284956,  0.38469914,  0.21307421, -0.30998043,
        1.53911596,  0.94286015, -0.22093277,  1.42439816,  0.27279634,
        0.51268776,  0.59279832,  0.16451515, -0.31842291,  0.82412082,
       -1.09520343,  0.68716229, -0.55165932, -0.4344489 ,  0.80849096,
        1.19386884, -0.25029304, -0.61915803,  0.96523403,  0.53063274,
       -1.50646693, -0.11238627,  2.68905569,  1.14298738,  0.89284175,
        1.15244519,  2.87359679, -1.01007385,  1.10851895, -0.60172992,
       -1.36572402,  1.43492466,  0.64541291,  0.85986988, -0.31417625,
        0.61290622,  0.67013058, -0.63426001, -0.23474066, -0.39662151,
        0.08336982,  0.61598582,  1.36631705,  1.0161515 , -1.72192734,
        0.87140513, -1.41669988,  1.64238617,  0.61278148,  0.65742648,
        1.41891738,  0.6416158 , -1.67761675,  1.47164446,  0.60508204,
        0.62091909, -0.31476421,  0.05405053, -2.08842218, -1.03447504,
        1.5778809 ,  1.95981228,  0.64678228,  1.39659579,  1.43897493,
        1.62036561,  1.91313298, -1.25558515,  0.944442  ,  1.13861628,
       -0.45236557,  1.46510492,  2.73567204,  1.67853306,  2.48138449,
       -0.61159546,  0.82334647, -2.02252238,  0.70862014,  2.57219336,
        0.29370898, -0.70185073,  0.3501889 , -0.19971932,  0.69217929,
        0.67457968,  1.8465096 ,  0.93256381,  2.226682  ,  0.54549813,
        0.03826632,  1.60522529, -0.32945145,  2.52469724,  0.98588398,
       -0.81087085,  0.42707005, -0.44510007,  2.77461574,  2.20181135,
        0.46371417,  1.97359968,  2.40305297,  2.35127509,  2.87670275,
        0.46841857, -2.98237623,  1.50434759, -1.15386252,  0.41136704,
       -0.40455536,  0.50748296,  3.01144751,  0.62339818,  2.20990499,
        1.88417466,  0.08710551,  0.91478343, -0.29799548,  1.71783906,
        1.1304437 ,  2.40712946,  0.71571998,  0.90252022,  2.50181385,
       -0.78513714,  2.26628524,  1.57566591,  2.72485119,  0.94530732,
       -0.56777137,  1.86886891, -0.19159405,  0.41647329,  2.01508412,
       -2.33256505, -0.37435563,  2.25117076,  0.41760936,  0.76389166,
       -1.14903678,  0.23999954,  0.00726397,  2.02684087, -1.37860467,
       -1.16534207,  0.6953385 ,  1.04510885, -0.15512923,  1.41378395,
        0.16896822,  1.36744823, -0.57391277,  1.01201333,  1.07867893,
        1.13538654, -0.65107767,  0.94137238, -0.49065406,  1.87156932,
       -0.63790897,  1.77926866, -1.20310618,  0.66263665,  1.60215956,
        0.58537549, -1.76167001,  0.25817427,  1.32284394, -0.87364711,
        0.06160561,  1.48245879,  0.5133014 , -0.99348522,  2.58744029,
        1.40865258,  0.17239623,  1.89453257,  1.28591531,  0.57335706,
        1.23815216,  1.51505046,  0.77578274,  1.16015809, -0.03322122,
       -2.66028957, -0.02606955,  1.01886763,  0.05773369,  0.81688336,
        0.31124717,  0.35753019,  1.2501537 ,  2.09854574,  0.7601337 ,
        1.19857336, -0.20130892,  0.03455286,  1.07344633,  1.50367222,
        1.73500484,  1.59985761, -0.76886298,  0.0635592 ,  2.28709734,
       -0.2771783 , -1.05847715,  1.85062854,  2.12770128,  1.36508742,
        2.37404511, -1.27258508, -1.06378058,  1.68058436,  1.42994456,
        1.15491366, -0.57447544,  0.55996954, -0.76295108,  0.26786653,
        1.09911738,  0.74053913,  0.34106474,  0.60278663,  1.21716319,
       -2.17014322,  2.73156373,  0.45610796,  0.48947716,  1.31770162,
       -0.53972898,  1.26028964, -0.37435224, -0.34762477,  0.17588035,
        1.8813253 ,  0.19292881, -0.03400397,  2.13271577,  0.50822139,
       -0.28727102, -0.3353172 ,  0.5666319 ,  1.46668173, -0.56450179,
        1.39042648, -0.2095117 , -0.1675096 ,  1.94972513,  1.80007846,
       -0.53659281,  1.44351524,  1.18613736, -0.03022634,  2.25275786,
       -0.99585538, -2.24739738,  1.02119197, -1.57357797,  1.15883649,
        1.0422566 ,  0.4160706 , -0.03662321,  0.71702986, -1.8257851 ,
       -1.32759238,  2.10789841,  2.90500347,  3.2083826 , -1.28253191,
        2.6429491 ,  0.48279985,  1.5986125 , -0.62090659, -2.03803881,
        0.92982604, -1.05797374, -1.5460507 , -0.64464112,  1.05284398,
       -0.06870017,  0.99997772, -0.51239017, -0.03692555, -0.2791588 ,
        3.08083455,  0.62769793,  0.2617127 ,  1.4393222 ,  0.72950746,
        1.05479301,  0.69255351, -2.01972125,  0.44039183,  1.64570055,
        2.51278145,  1.47024305,  0.83429187, -1.32603973,  2.26339096,
        1.74244541,  1.09847274,  0.01028497, -1.06768673,  0.58712891,
        2.0684364 ,  0.34361821, -0.38138018,  2.47410404,  1.18141241,
        0.45115657,  2.32780518,  1.17146073, -1.00770918,  1.92639121,
        0.15483175, -0.1692529 , -0.10422547,  1.25383784,  0.79683867,
       -2.21425329, -0.47761677,  2.35421942, -1.37735712, -0.86943053,
       -0.53070137, -1.33954636, -0.63761075,  1.59882539,  0.64214607,
        1.39709779,  0.19516555,  2.09376588,  1.76758479,  0.5471605 ,
        0.29254921,  0.96446657, -1.49794089,  0.85109598,  0.82564355,
        2.05993837,  0.72595438, -0.92248831,  0.18134747,  0.15525989,
        2.53025323,  1.54522549,  0.29009856,  1.32255983,  0.44402996,
       -1.06753448,  0.13154203,  1.93340138,  0.07358744, -1.0003278 ,
       -0.03543365,  1.90582857,  1.99678941,  2.66923046,  0.92297486,
        0.71548991,  0.13747102, -0.25256093,  0.62778006, -0.24710765,
        1.97115524,  1.43057785,  1.61235793,  0.99963562,  1.73788215,
        2.74800998,  0.61557138,  0.92045916,  0.97462718, -0.96676685,
        2.83065978,  0.35670194,  1.19327088,  0.36863169, -0.77130014,
       -0.15046272,  0.09429811, -0.46621439,  1.28603207,  0.43173582,
        1.22536478,  1.53793788, -1.20049911,  0.6509578 ,  0.78890932,
       -2.28365542,  0.59558449,  0.53262696,  0.7202777 ,  0.12600228,
        0.25839375,  0.3682788 ,  0.86900012, -0.18640036, -1.86949397,
        1.81816139,  1.02934382,  2.69295087, -0.23495879,  0.6654406 ,
        0.92637935, -1.58621252,  2.89957703,  1.39664657,  0.21193991,
       -0.13177812,  1.73898521, -3.80914305,  2.75241382,  0.6746417 ,
        0.46368827,  0.87245994, -1.05976167,  1.5934338 ,  2.65819117,
        1.64708322,  0.97379246,  0.27489195,  1.24959994,  1.15475797,
        1.1358719 , -0.99020843, -1.46289811,  0.50012799,  1.77382438]), 'lt_0 - delta_shared': array([-0.07308698, -0.077109  , -0.11472614, -0.09679111, -0.11853852,
       -0.10511412, -0.03390765,  0.11260339, -0.07278366,  0.00636448,
        0.06574105,  0.01333557, -0.19444967, -0.64849267, -1.31595117,
       -1.23418726,  0.05149932,  2.42478778,  3.74682439,  0.59138582,
       -4.02406814, -1.47126034,  3.16780024, -0.08216897, -2.31493461]), 'lt_0 - delta': array([[-0.07308698, -0.077109  , -0.11472614, ...,  3.16780024,
        -0.08216897, -2.31493461],
       [-0.07308698, -0.077109  , -0.11472614, ...,  3.16780024,
        -0.08216897, -2.31493461],
       [-0.07308698, -0.077109  , -0.11472614, ...,  3.16780024,
        -0.08216897, -2.31493461],
       ...,
       [-0.07308698, -0.077109  , -0.11472614, ...,  3.16780024,
        -0.08216897, -2.31493461],
       [-0.07308698, -0.077109  , -0.11472614, ...,  3.16780024,
        -0.08216897, -2.31493461],
       [-0.07308843, -0.07711002, -0.11472668, ...,  3.16775765,
        -0.08215306, -2.31493748]]), 'fs_0 - beta_shared': array([-0.00163374,  0.00052597, -0.00086852, -0.00071588,  0.00017113,
       -0.00044099]), 'fs_0 - beta(p=7,n=3)': array([[-0.00163374,  0.00052597, -0.00086852, -0.00071588,  0.00017113,
        -0.00044099],
       [-0.00163374,  0.00052598, -0.00086852, -0.00071588,  0.00017113,
        -0.00044099],
       [-0.00163374,  0.00052598, -0.00086852, -0.00071588,  0.00017113,
        -0.00044099],
       ...,
       [-0.00163372,  0.00052598, -0.00086851, -0.00071587,  0.00017113,
        -0.00044098],
       [-0.00163373,  0.00052597, -0.00086852, -0.00071588,  0.00017113,
        -0.00044099],
       [-0.00163355,  0.00052594, -0.00086845, -0.0007158 ,  0.00017113,
        -0.00044096]]), 'fs_1 - beta_shared': array([-8.98776634e-05, -2.09906830e-03, -1.86290805e-02,  6.41521233e-03,
       -2.26183447e-02,  4.23127895e-03, -1.21328626e-02,  5.19844590e-04,
       -7.22525129e-03,  2.04240200e-03,  3.61678426e-03,  5.80765415e-05,
        5.40123920e-03,  1.42360942e-03,  3.41052309e-03, -2.94351581e-03,
       -2.05301186e-03,  3.11739802e-03, -1.09322932e-02,  1.41412738e-02]), 'fs_1 - beta(p=365.25,n=10)': array([[-8.98844915e-05, -2.09905959e-03, -1.86290920e-02, ...,
         3.11737571e-03, -1.09322990e-02,  1.41412576e-02],
       [-8.98968080e-05, -2.09906111e-03, -1.86291106e-02, ...,
         3.11733353e-03, -1.09322748e-02,  1.41412149e-02],
       [-8.98698515e-05, -2.09907399e-03, -1.86290639e-02, ...,
         3.11740183e-03, -1.09323149e-02,  1.41412911e-02],
       ...,
       [-9.00717355e-05, -2.09908067e-03, -1.86293777e-02, ...,
         3.11742568e-03, -1.09322829e-02,  1.41413150e-02],
       [-8.98941989e-05, -2.09905681e-03, -1.86291013e-02, ...,
         3.11737524e-03, -1.09323228e-02,  1.41412480e-02],
       [-8.87294836e-05, -2.09917389e-03, -1.86275634e-02, ...,
         3.11703868e-03, -1.09311016e-02,  1.41399454e-02]])}"
