,0
0,"{'lt_0 - slope_sigma_log__': array(-0.55050546), 'lt_0 - slope_z_offset': array([2.85577029e-02, 8.52107016e-03, 1.72872433e-02, 2.84409833e-02,
       1.77911392e-02, 2.53549470e-02, 3.57610919e-02, 3.13624308e-02,
       3.36822658e-02, 3.06457395e-02, 2.90967867e-02, 2.71656369e-02,
       2.05933637e-02, 1.95893862e-02, 3.29316488e-02, 3.34939057e-02,
       3.04803511e-02, 3.14515796e-02, 2.92738629e-02, 2.88785376e-02,
       3.67335689e-02, 3.22754652e-02, 2.14017359e-02, 2.74169737e-02,
       3.66642594e-02, 1.03202750e-02, 2.88754292e-02, 2.34332213e-02,
       3.02488557e-02, 1.69214762e-02, 2.46256347e-02, 2.74364581e-02,
       4.14213399e-02, 1.11294316e-02, 3.09382613e-02, 3.13026252e-02,
       3.19065401e-02, 2.99928579e-02, 2.77796673e-02, 2.67407542e-02,
       3.81091703e-02, 2.02648821e-02, 2.76416658e-02, 2.27703358e-02,
       2.77674157e-02, 3.36869447e-02, 2.64567754e-02, 2.71418987e-02,
       3.46445931e-02, 2.42292008e-02, 3.20398789e-02, 2.80975138e-02,
       2.37841426e-02, 2.64968575e-02, 2.73545598e-02, 1.58912032e-02,
       3.92779649e-02, 3.66247653e-02, 3.30870352e-02, 3.53585887e-02,
       2.95027593e-02, 2.42849801e-02, 3.62388941e-02, 2.38571315e-02,
       3.31401013e-02, 2.44750041e-02, 3.22518322e-02, 3.59230039e-02,
       2.72992860e-02, 3.02784575e-02, 2.67904398e-02, 1.22326339e-02,
       3.94813608e-02, 2.30422010e-02, 2.89350666e-02, 2.78156238e-02,
       2.92583202e-02, 2.89718309e-02, 1.78444712e-02, 3.31882417e-02,
       2.65634828e-02, 1.40216762e-02, 4.29682569e-02, 3.20541431e-02,
       2.60266147e-02, 2.75810919e-02, 2.68517870e-02, 3.64689619e-02,
       3.50255233e-02, 2.87472604e-02, 1.09186044e-02, 2.32080129e-02,
       1.77380403e-02, 2.94947039e-02, 2.01182402e-02, 2.78860599e-02,
       3.46329935e-02, 2.88564316e-02, 3.30272017e-02, 2.80424449e-02,
       2.70699019e-02, 3.69988359e-02, 2.76517207e-02, 3.19745885e-02,
       2.55250524e-02, 2.79039465e-02, 2.82858075e-02, 3.16099613e-02,
       2.24503045e-02, 8.24975972e-03, 3.65550636e-02, 3.14557912e-02,
       2.88367409e-02, 2.80015705e-02, 2.29355185e-02, 2.91648899e-02,
       2.39573262e-02, 3.60549628e-02, 1.70570137e-02, 3.08252510e-02,
       3.28010907e-02, 3.26968336e-02, 2.60974995e-02, 2.05280334e-02,
       2.10617073e-02, 3.21564238e-02, 3.63555823e-02, 2.60473962e-02,
       2.48896474e-02, 2.98901992e-02, 3.24950132e-02, 3.06001988e-02,
       1.80676973e-02, 3.30172534e-02, 2.09689382e-02, 3.79915400e-02,
       2.79082522e-02, 2.64449814e-02, 3.51575045e-02, 3.28647549e-02,
       2.17238810e-02, 1.80229024e-02, 2.33702111e-02, 3.15135497e-02,
       1.78886915e-02, 2.07439196e-02, 1.98706696e-02, 2.37704264e-02,
       2.64538305e-02, 2.15008375e-02, 2.73559176e-02, 3.08307446e-02,
       3.00320744e-02, 2.01439688e-02, 4.01718155e-02, 2.59172101e-02,
       2.22556896e-02, 2.86969140e-02, 2.45486597e-02, 3.67349136e-02,
       2.49418743e-02, 2.67856284e-02, 2.19620164e-02, 3.32753200e-02,
       3.73669920e-02, 3.04177480e-02, 3.07706206e-02, 1.67806302e-02,
       3.26687537e-02, 3.19074428e-02, 1.52734339e-02, 2.83163445e-02,
       3.05393141e-02, 3.11300677e-02, 2.46174804e-02, 3.09639269e-02,
       1.67720317e-02, 3.08571836e-02, 3.09246461e-02, 3.78070489e-02,
       3.15909462e-02, 3.00481614e-02, 2.65650746e-02, 2.31343727e-02,
       2.78076939e-02, 3.12038770e-02, 2.79743627e-02, 2.83602105e-02,
       3.18079831e-02, 3.04660345e-02, 2.96911707e-02, 1.25083609e-02,
       2.93811359e-02, 2.65613409e-02, 1.63942938e-02, 1.76201780e-02,
       2.46357247e-02, 3.31083028e-02, 3.31916891e-02, 8.48764717e-03,
       2.87331207e-02, 2.66535167e-02, 1.35059823e-02, 1.73939857e-02,
       2.38444630e-02, 3.28066698e-02, 2.71315820e-02, 2.69588311e-02,
       3.23115586e-02, 2.84218621e-02, 2.33898494e-02, 2.02669172e-02,
       2.04213785e-02, 2.80128851e-02, 3.23113601e-02, 2.38584034e-02,
       2.14695092e-02, 2.33239258e-02, 3.02691004e-02, 2.64162572e-02,
       3.65783412e-02, 3.34527628e-02, 3.05290304e-02, 3.43580190e-02,
       2.25672220e-02, 1.70883450e-02, 1.56490740e-02, 2.64575398e-02,
       2.57589655e-02, 3.30899368e-02, 2.74692554e-02, 2.89056114e-02,
       3.09191561e-02, 2.00000824e-02, 2.60171904e-02, 2.83091154e-02,
       2.40053671e-02, 4.07694669e-02, 3.00521065e-02, 2.91226055e-02,
       1.87449799e-02, 2.48549616e-02, 3.35651751e-02, 1.75024093e-02,
       2.84224403e-02, 1.68486715e-02, 3.04298197e-02, 1.21186097e-02,
       2.19669138e-02, 4.14592669e-02, 2.85227934e-02, 3.05501589e-02,
       2.27039515e-02, 2.58737827e-02, 3.41723332e-02, 3.11305783e-02,
       2.61620141e-02, 2.51312373e-02, 3.53896205e-02, 3.54769259e-02,
       2.51389161e-02, 3.52301584e-02, 2.11808867e-02, 1.99715038e-02,
       2.77612516e-02, 3.22925225e-02, 3.51479282e-02, 3.27866464e-02,
       2.92872723e-02, 2.30710478e-02, 3.54574064e-02, 2.07844992e-02,
       1.40350090e-02, 2.82086260e-02, 2.53652962e-02, 3.05066809e-02,
       3.42870367e-02, 4.01348616e-02, 1.99963518e-02, 3.25017346e-02,
       2.83851402e-02, 1.57611366e-02, 2.89493771e-02, 3.35325450e-02,
       2.02517340e-02, 2.94438693e-02, 1.70951317e-02, 2.99683805e-02,
       2.91109254e-02, 2.48400027e-02, 2.36588889e-02, 2.49005203e-02,
       2.49644707e-02, 2.74129044e-02, 2.60335700e-02, 3.50573367e-02,
       3.82634566e-02, 2.95425485e-02, 3.35770131e-02, 2.79710272e-02,
       3.08290542e-02, 2.95819708e-02, 1.33009272e-02, 2.12473414e-02,
       3.18120522e-02, 2.91763264e-02, 2.83452285e-02, 3.67594935e-02,
       2.82245003e-02, 2.79257298e-02, 2.74320794e-02, 2.63586227e-02,
       2.18473090e-02, 2.62384403e-02, 3.07873193e-02, 3.21366972e-02,
       2.17792844e-02, 2.74260787e-02, 2.47535961e-02, 2.28331987e-02,
       1.46029185e-02, 1.99613316e-02, 2.18959179e-02, 3.23600070e-02,
       2.37620635e-02, 1.70449681e-02, 2.26778088e-02, 2.47270632e-02,
       2.38478572e-02, 2.49686355e-02, 3.13256643e-02, 2.35401471e-02,
       3.26230853e-02, 2.25737048e-02, 3.34768736e-02, 3.25449664e-02,
       1.04587309e-02, 2.51337214e-02, 2.24457593e-02, 2.14169773e-02,
       3.60242190e-02, 1.98340327e-02, 3.36187863e-02, 5.05573447e-03,
       2.25685574e-02, 2.70353877e-02, 3.24781396e-02, 3.27629817e-02,
       3.06516042e-02, 3.12366975e-02, 2.52775509e-02, 2.36379630e-02,
       3.07309019e-02, 4.00299986e-02, 2.75823775e-02, 2.90320674e-02,
       3.54484274e-02, 3.20574370e-02, 2.42485002e-02, 3.66879967e-02,
       2.97596743e-02, 1.69392113e-02, 2.23324467e-02, 3.31734674e-02,
       2.29345281e-02, 2.77026523e-02, 3.03121446e-02, 2.05016812e-02,
       3.11052802e-02, 3.02386059e-02, 2.58014465e-02, 2.29809715e-02,
       2.40276632e-02, 2.65166948e-02, 3.63200597e-02, 2.76407303e-02,
       2.72778111e-02, 3.20201519e-02, 2.63525576e-02, 2.57048479e-02,
       3.11409414e-02, 3.03652071e-02, 3.17103722e-02, 2.76709453e-02,
       2.07396581e-02, 3.60717805e-02, 2.54926617e-02, 2.83157905e-02,
       2.71688702e-02, 2.35984339e-02, 3.99802862e-02, 2.39143043e-02,
       2.73539538e-02, 8.62021636e-03, 2.27881955e-02, 2.82919994e-02,
       3.07775170e-02, 2.25342578e-02, 4.45879482e-03, 2.54483330e-02,
       3.01529536e-02, 3.01217629e-02, 2.38627693e-02, 3.45177592e-02,
       1.47856912e-02, 2.84267116e-02, 3.17933514e-02, 3.09073725e-02,
       3.03303641e-02, 2.54722242e-02, 2.31576451e-02, 3.76911973e-02,
       2.23644296e-02, 3.79879091e-02, 3.33766517e-02, 2.17199062e-02,
       1.78900999e-02, 2.63843157e-02, 3.52664289e-02, 2.52665762e-02,
       3.03570880e-02, 3.13559325e-02, 1.61391013e-02, 1.65484523e-02,
       1.85467555e-02, 3.06726627e-02, 2.02161847e-02, 2.37324045e-02,
       3.28282881e-02, 2.32805648e-02, 2.53267371e-02, 2.55344725e-02,
       3.43215226e-02, 1.48360520e-02, 1.38354432e-03, 1.81764190e-02,
       2.72659779e-02, 2.45144784e-02, 1.29940799e-02, 3.34128515e-02,
       3.68280768e-02, 2.43713923e-02, 3.00913537e-02, 3.78875700e-02,
       2.54046160e-02, 2.87936875e+00]), 'lt_0 - delta': array([ 3.36399194e-04, -6.35763500e-03, -1.22400863e-01, -8.57003529e-03,
       -3.25192576e-01,  1.44912277e-03, -6.45538042e-05, -3.05750761e-01,
        4.23424561e-01, -1.38606124e-01, -2.35422656e-02, -1.51718575e-01,
        6.10938664e-02,  2.91034329e-01, -1.33896691e+00, -1.21140302e+00,
       -1.63792982e+00, -1.79507772e-02,  4.43153430e+00,  5.77039482e+00,
       -4.84471935e+00, -3.68050947e+00,  1.20024368e-01,  6.59681769e+00,
       -5.51361248e+00]), 'lt_0 - intercept': array([ 0.98479766,  0.93710275,  0.95996585,  0.98772032,  0.95492039,
        0.99827231,  0.98367513,  0.98894628,  0.95468702,  1.01062283,
        1.0006666 ,  0.96505619,  0.9743982 ,  0.96103916,  0.97961914,
        0.99600166,  0.96884197,  0.96717013,  0.9985916 ,  0.94367392,
        0.9392592 ,  0.96838967,  0.98814944,  1.01891174,  0.99222882,
        0.93577168,  0.99808627,  0.8877489 ,  0.99995761,  0.96434126,
        0.98189255,  1.01067605,  0.90124865,  0.9356803 ,  1.00117537,
        0.98908753,  0.99056874,  0.94501802,  1.00344496,  0.97841542,
        0.96326298,  0.98180209,  0.99578062,  0.99014671,  0.91498658,
        0.99588845,  1.00387055,  0.96705587,  0.97048873,  0.9943924 ,
        0.98412507,  1.00775103,  0.9413423 ,  0.99698084,  1.00268853,
        0.89133568,  0.96789256,  0.96975956,  0.97232972,  0.95760362,
        1.00310772,  0.96169132,  0.99223676,  0.95330712,  0.98410727,
        0.9987302 ,  0.98928966,  0.98146476,  0.99636838,  0.97959137,
        1.00874589,  0.95551481,  0.96192785,  1.01311629,  0.96275914,
        0.98563354,  0.98847869,  0.90595279,  0.98582713,  0.99567718,
        1.01093077,  0.97473598,  0.9544957 ,  0.95349776,  0.9920371 ,
        1.01029049,  1.01396808,  0.99224696,  0.99299197,  0.95623183,
        0.96382152,  0.99681397,  0.97212868,  0.91620683,  0.9648118 ,
        0.98763517,  0.96692148,  0.97559047,  0.99588884,  0.99870132,
        1.01286251,  0.93591934,  0.98621182,  0.9693268 ,  0.99034234,
        0.97442402,  1.01084174,  0.98667272,  0.97454453,  0.97901826,
        0.97426413,  1.00453589,  0.98308162,  0.98513099,  0.98339159,
        0.95557032,  1.00630599,  0.97544863,  0.95395411,  0.97194969,
        0.98397567,  0.95573808,  0.96790031,  0.95739322,  0.94324134,
        0.9705765 ,  0.95318711,  0.95555313,  0.93471414,  0.98968839,
        0.98718842,  0.99717144,  0.94439532,  0.97468332,  0.97206665,
        0.99078691,  0.98308655,  1.01200568,  0.96863272,  0.94396624,
        0.98098787,  0.96076195,  0.98209734,  0.98674436,  0.9520131 ,
        0.95234515,  0.942315  ,  0.97249726,  0.98064687,  0.97639501,
        0.99195193,  0.99709429,  0.9306497 ,  0.96681429,  0.89250136,
        0.99389774,  0.93119418,  0.97379321,  0.9958708 ,  0.9842785 ,
        0.96128943,  0.96549997,  0.98865794,  0.94203892,  0.9181485 ,
        1.00098208,  0.95073742,  0.99974002,  0.98999826,  0.98947711,
        0.97038236,  0.96364285,  0.98571019,  0.9878291 ,  1.00313985,
        0.95391444,  0.90755003,  0.97579611,  0.9930246 ,  0.93051073,
        0.88470041,  0.99072658,  0.94973672,  0.96530102,  0.99202352,
        0.96337944,  0.99072631,  0.9802617 ,  0.95997113,  0.98488997,
        1.01463799,  0.92468423,  0.98916569,  1.01744781,  0.93761846,
        0.98195957,  0.95029671,  0.9680724 ,  0.98599437,  0.97416797,
        1.00228764,  0.98812056,  0.97990642,  0.8548526 ,  0.97848323,
        0.984473  ,  0.99010282,  0.99350688,  0.93849891,  0.98335646,
        0.95424854,  0.95049285,  1.01717526,  1.00508158,  0.9907056 ,
        0.94075817,  0.95955683,  0.99500446,  0.99096718,  1.01438918,
        0.93365569,  0.97356749,  1.00507664,  0.99489654,  0.95886549,
        0.98587216,  0.96007827,  1.00297305,  0.97924983,  0.94319644,
        0.99478115,  0.9801279 ,  1.00220894,  0.96402105,  0.99383504,
        0.95821225,  0.98638741,  0.95759431,  0.99573866,  0.96349437,
        0.97341992,  0.99752983,  0.98717726,  0.9578412 ,  0.99553827,
        0.95813459,  0.9457845 ,  0.97726229,  0.96066193,  0.89795447,
        0.99802754,  0.99390017,  0.99410582,  0.99073504,  1.01618116,
        0.99638167,  0.9696472 ,  1.00667901,  0.96735143,  0.97790603,
        1.00414533,  0.99612159,  0.97508159,  0.96782267,  0.99611279,
        0.9931009 ,  0.96713804,  0.96791486,  1.0115646 ,  1.00309525,
        0.95986061,  0.9761293 ,  0.9363602 ,  0.9761093 ,  1.00289353,
        0.99759193,  0.9693475 ,  0.92060618,  0.95842012,  0.98236953,
        0.99225821,  0.92758226,  0.94067652,  1.00425721,  0.9916408 ,
        0.95818294,  0.86399514,  1.00897151,  0.98798902,  0.98426137,
        0.98443297,  0.96925472,  0.9825908 ,  0.98661388,  0.97560729,
        0.98728462,  0.99196665,  0.95853566,  1.01389606,  1.00328717,
        0.96886249,  0.96481465,  0.97514371,  0.96672405,  0.96472974,
        0.99963149,  1.00879639,  0.95674695,  0.97843306,  0.9280532 ,
        0.98207186,  0.9753194 ,  1.01103819,  0.99949019,  0.99674858,
        1.00786218,  1.00049613,  0.99539401,  1.00219219,  0.96515125,
        0.95721671,  0.98947995,  0.97560669,  0.98787232,  0.98151032,
        0.95333222,  0.99421275,  0.99501374,  0.98621029,  0.85456702,
        1.00750865,  0.99909816,  0.98424805,  0.98416811,  0.9977557 ,
        0.97342385,  0.89668899,  0.96191582,  0.99260634,  0.93705724,
        0.99227235,  0.97998468,  0.9885101 ,  0.86750567,  0.92732966,
        0.9957696 ,  0.96873941,  0.9978199 ,  0.97094506,  1.01156923,
        0.99095583,  0.99080464,  0.95525926,  0.98690924,  0.97469825,
        1.00802577,  0.99400154,  0.94886497,  0.99375327,  0.97688795,
        1.00087181,  0.93612167,  0.99307828,  0.97731727,  1.00690499,
        0.98491626,  0.99540433,  0.95540578,  0.98983988,  1.00466402,
        0.92882356,  0.96064248,  0.99670435,  0.99664322,  0.99270465,
        0.99706449,  0.99528332,  0.97822305,  0.98901293,  0.9775504 ,
        0.98791709,  0.99257308,  0.9821236 ,  0.99652398,  0.98223391,
        0.97650992,  0.97463879,  0.99953878,  0.9996775 ,  0.98052436,
        0.92939071,  0.97654877,  1.01318564,  0.90974043,  0.98515669,
        0.99787177,  0.94467441,  0.92574103,  0.96043966,  0.98094894,
        0.96244826,  0.95749427,  0.97154243,  1.00253431,  0.9620579 ,
        1.01067476,  0.97003474,  1.00553049,  0.99761855,  0.99660428,
        0.95581312,  0.98954355,  1.00361566,  0.95975717,  0.96420949,
        0.9306179 ,  0.96888967,  0.85681927,  0.99780407,  0.95621294,
        1.00782543,  0.93164258,  0.93037168,  0.94740685,  0.98190779,
        1.00903464,  0.96674439,  0.99437921,  0.96026034,  0.98302065,
        1.00551458,  0.94653141,  0.96365228,  0.98955012,  0.88977868,
        0.97469128,  0.97213519,  0.9985187 ,  0.96320187,  1.00012902,
        0.94549885,  0.99931036,  0.95981359,  0.98000214,  0.99924815,
       -0.82327048]), 'fs_0 - beta_shared': array([ 3.37394716e-04, -3.18385507e-04,  3.45461864e-04, -7.33498513e-05,
        1.24545784e-04,  8.86841792e-05]), 'fs_0 - beta_sigma(p=7,n=3)_log__': array([-4.22333976, -4.28915708, -4.44332585, -4.39051092, -4.74582512,
       -4.54802465]), 'fs_0 - beta_z_offset(p=7,n=3)': array([[ 0.01467968, -0.0161475 , -0.02000227,  0.03392863, -0.03905955,
        -0.03475415],
       [ 0.10520841, -0.04048432,  0.04083082, -0.14938193,  0.03163121,
        -0.13152912],
       [-0.10304357, -0.10884021, -0.00728472, -0.05191377, -0.00921555,
        -0.04113428],
       ...,
       [ 0.06730172,  0.04273292, -0.00699032,  0.03636307, -0.01550016,
        -0.00508517],
       [ 0.0080623 ,  0.02172337, -0.02335398,  0.02803117, -0.02526665,
        -0.01976939],
       [-0.02502472,  0.03324882, -0.0313804 ,  0.00577763, -0.01195812,
        -0.00601697]]), 'fs_1 - beta_shared': array([ 0.00749716, -0.04448654, -0.10750986,  0.03009594,  0.02238938,
       -0.01906078, -0.08972515, -0.01771889, -0.04902888, -0.0032647 ,
       -0.01353906, -0.06063464, -0.05712807, -0.00144801, -0.00413753,
       -0.03014127, -0.03713079, -0.06355446,  0.04892   , -0.01500488]), 'fs_1 - beta_sigma(p=365.25,n=10)_log__': array([-4.59227718, -3.19781105, -2.6078455 , -3.1525961 , -2.94557579,
       -3.82820026, -3.01596653, -3.47980846, -2.61483616, -3.55075375,
       -3.61691426, -3.25202449, -3.47765655, -3.86622723, -3.0041561 ,
       -2.76536639, -3.6502501 , -3.20850757, -2.96549517, -3.0433106 ]), 'fs_1 - beta_z_offset(p=365.25,n=10)': array([[ 0.02037049, -0.05907475, -0.05705032, ..., -0.10078035,
         0.00622215,  0.06172057],
       [-0.02717066,  0.18463606,  0.39841521, ..., -0.12845313,
         1.15836263, -0.45702937],
       [-0.04389311,  0.19126483,  0.41770312, ..., -0.08683111,
         0.03426048, -0.04874155],
       ...,
       [ 0.03442269, -0.19511593, -0.38999016, ...,  0.1678092 ,
        -0.43245272,  0.31640154],
       [ 0.01506304, -0.00365952,  0.06971752, ..., -0.05752839,
         0.17532739,  0.13318505],
       [ 0.67370899,  1.07957998,  1.45404139, ...,  1.59317364,
        -0.90436429,  0.30443733]]), 'sigma_log__': array(-3.50707613), 'lt_0 - slope_sigma': array(0.57665826), 'fs_0 - beta_sigma(p=7,n=3)': array([0.01464964, 0.01371648, 0.01175677, 0.0123944 , 0.00868789,
       0.0105881 ]), 'fs_1 - beta_sigma(p=365.25,n=10)': array([0.01012976, 0.04085153, 0.07369314, 0.04274102, 0.05257178,
       0.02174872, 0.04899845, 0.03081331, 0.07317978, 0.028703  ,
       0.02686545, 0.03869579, 0.03087969, 0.02093721, 0.04958058,
       0.06295303, 0.02598463, 0.04041689, 0.05153494, 0.04767679]), 'sigma': array(0.02998446), 'lt_0 - slope': array([1.64680353e-02, 4.91374550e-03, 9.96883167e-03, 1.64007280e-02,
       1.02594074e-02, 1.46211397e-02, 2.06219290e-02, 1.80854048e-02,
       1.94231568e-02, 1.76721188e-02, 1.67789024e-02, 1.56652889e-02,
       1.18753333e-02, 1.12963814e-02, 1.89903073e-02, 1.93145374e-02,
       1.75767462e-02, 1.81368132e-02, 1.68810149e-02, 1.66530473e-02,
       2.11827159e-02, 1.86119136e-02, 1.23414878e-02, 1.58102244e-02,
       2.11427481e-02, 5.95127185e-03, 1.66512548e-02, 1.35129607e-02,
       1.74432525e-02, 9.75790905e-03, 1.42005757e-02, 1.58214602e-02,
       2.38859578e-02, 6.41787866e-03, 1.78408040e-02, 1.80509174e-02,
       1.83991699e-02, 1.72956293e-02, 1.60193746e-02, 1.54202768e-02,
       2.19759679e-02, 1.16859117e-02, 1.59397949e-02, 1.31307022e-02,
       1.60123097e-02, 1.94258549e-02, 1.52565181e-02, 1.56516001e-02,
       1.99780908e-02, 1.39719688e-02, 1.84760609e-02, 1.62026634e-02,
       1.37153223e-02, 1.52796318e-02, 1.57742329e-02, 9.16379361e-03,
       2.26499629e-02, 2.11199734e-02, 1.90799121e-02, 2.03898222e-02,
       1.70130099e-02, 1.40041344e-02, 2.08974576e-02, 1.37574120e-02,
       1.91105132e-02, 1.41137133e-02, 1.85982855e-02, 2.07152970e-02,
       1.57423588e-02, 1.74603226e-02, 1.54489284e-02, 7.05404940e-03,
       2.27672528e-02, 1.32874755e-02, 1.66856452e-02, 1.60401092e-02,
       1.68720520e-02, 1.67068456e-02, 1.02901617e-02, 1.91382737e-02,
       1.53180518e-02, 8.08571543e-03, 2.47780003e-02, 1.84842864e-02,
       1.50084623e-02, 1.59048645e-02, 1.54843048e-02, 2.10301281e-02,
       2.01977574e-02, 1.65773452e-02, 6.29630342e-03, 1.33830924e-02,
       1.02287875e-02, 1.70083646e-02, 1.16013494e-02, 1.60807268e-02,
       1.99714018e-02, 1.66402996e-02, 1.90454087e-02, 1.61709075e-02,
       1.56100825e-02, 2.13356843e-02, 1.59455932e-02, 1.84384106e-02,
       1.47192323e-02, 1.60910413e-02, 1.63112445e-02, 1.82281453e-02,
       1.29461535e-02, 4.75729209e-03, 2.10797794e-02, 1.81392418e-02,
       1.66289449e-02, 1.61473370e-02, 1.32259562e-02, 1.68181747e-02,
       1.38151901e-02, 2.07913921e-02, 9.83606785e-03, 1.77756356e-02,
       1.89150199e-02, 1.88548992e-02, 1.50493387e-02, 1.18376600e-02,
       1.21454075e-02, 1.85432674e-02, 2.09647469e-02, 1.50204462e-02,
       1.43528208e-02, 1.72364303e-02, 1.87385178e-02, 1.76458574e-02,
       1.04188869e-02, 1.90396719e-02, 1.20919114e-02, 2.19081354e-02,
       1.60935242e-02, 1.52497170e-02, 2.02738654e-02, 1.89517324e-02,
       1.25272554e-02, 1.03930555e-02, 1.34766253e-02, 1.81725488e-02,
       1.03156617e-02, 1.19621526e-02, 1.14585858e-02, 1.37074127e-02,
       1.52548199e-02, 1.23986356e-02, 1.57750158e-02, 1.77788036e-02,
       1.73182438e-02, 1.16161860e-02, 2.31654092e-02, 1.49453733e-02,
       1.28339272e-02, 1.65483125e-02, 1.41561874e-02, 2.11834914e-02,
       1.43829379e-02, 1.54461539e-02, 1.26645781e-02, 1.91884882e-02,
       2.15479846e-02, 1.75406457e-02, 1.77441326e-02, 9.67668904e-03,
       1.88387067e-02, 1.83996905e-02, 8.80755185e-03, 1.63288540e-02,
       1.76107477e-02, 1.79514107e-02, 1.41958734e-02, 1.78556042e-02,
       9.67173060e-03, 1.77940498e-02, 1.78329526e-02, 2.18017470e-02,
       1.82171801e-02, 1.73275205e-02, 1.53189697e-02, 1.33406271e-02,
       1.60355364e-02, 1.79939734e-02, 1.61316474e-02, 1.63541497e-02,
       1.83423362e-02, 1.75684904e-02, 1.71216588e-02, 7.21304966e-03,
       1.69428747e-02, 1.53168167e-02, 9.45390495e-03, 1.01608212e-02,
       1.42063941e-02, 1.90921763e-02, 1.91402617e-02, 4.89447185e-03,
       1.65691914e-02, 1.53699706e-02, 7.78833628e-03, 1.00303855e-02,
       1.37501065e-02, 1.89182371e-02, 1.56456509e-02, 1.55460327e-02,
       1.86327272e-02, 1.63897016e-02, 1.34879498e-02, 1.16870852e-02,
       1.17761566e-02, 1.61538616e-02, 1.86326127e-02, 1.37581454e-02,
       1.23805698e-02, 1.34499345e-02, 1.74549268e-02, 1.52331529e-02,
       2.10932026e-02, 1.92908120e-02, 1.76048176e-02, 1.98128354e-02,
       1.30135750e-02, 9.85413529e-03, 9.02416777e-03, 1.52569589e-02,
       1.48541203e-02, 1.90815854e-02, 1.58403730e-02, 1.66686596e-02,
       1.78297868e-02, 1.15332127e-02, 1.50030278e-02, 1.63246852e-02,
       1.38428933e-02, 2.35100499e-02, 1.73297954e-02, 1.67937910e-02,
       1.08094475e-02, 1.43328189e-02, 1.93556355e-02, 1.00929089e-02,
       1.63900350e-02, 9.71592559e-03, 1.75476069e-02, 6.98829641e-03,
       1.26674023e-02, 2.39078287e-02, 1.64479044e-02, 1.76170015e-02,
       1.30924212e-02, 1.49203305e-02, 1.97057582e-02, 1.79517051e-02,
       1.50865416e-02, 1.44921356e-02, 2.04077170e-02, 2.04580624e-02,
       1.44965636e-02, 2.03157619e-02, 1.22141333e-02, 1.15167326e-02,
       1.60087550e-02, 1.86217499e-02, 2.02683431e-02, 1.89066905e-02,
       1.68887475e-02, 1.33041103e-02, 2.04468063e-02, 1.19855532e-02,
       8.09340390e-03, 1.62667372e-02, 1.46271076e-02, 1.75919296e-02,
       1.97719029e-02, 2.31440995e-02, 1.15310615e-02, 1.87423938e-02,
       1.63685255e-02, 9.08878962e-03, 1.66938974e-02, 1.93368191e-02,
       1.16783297e-02, 1.69790505e-02, 9.85804893e-03, 1.72815142e-02,
       1.67870556e-02, 1.43241927e-02, 1.36430937e-02, 1.43590907e-02,
       1.43959683e-02, 1.58078778e-02, 1.50124732e-02, 2.02161028e-02,
       2.20649383e-02, 1.70359546e-02, 1.93624619e-02, 1.61297239e-02,
       1.77778288e-02, 1.70586878e-02, 7.67008954e-03, 1.22524549e-02,
       1.83446827e-02, 1.68247696e-02, 1.63455102e-02, 2.11976656e-02,
       1.62758913e-02, 1.61036028e-02, 1.58189352e-02, 1.51999175e-02,
       1.25984312e-02, 1.51306133e-02, 1.77537620e-02, 1.85318919e-02,
       1.25592042e-02, 1.58154749e-02, 1.42743656e-02, 1.31669527e-02,
       8.42089359e-03, 1.15108667e-02, 1.26264619e-02, 1.86606654e-02,
       1.37025902e-02, 9.82912166e-03, 1.30773457e-02, 1.42590653e-02,
       1.37520639e-02, 1.43983699e-02, 1.80642031e-02, 1.35746203e-02,
       1.88123716e-02, 1.30173133e-02, 1.93047157e-02, 1.87673237e-02,
       6.03111357e-03, 1.44935681e-02, 1.29435325e-02, 1.23502769e-02,
       2.07736635e-02, 1.14374588e-02, 1.93865508e-02, 2.91543105e-03,
       1.30143450e-02, 1.55901796e-02, 1.87287875e-02, 1.88930441e-02,
       1.76755007e-02, 1.80128996e-02, 1.45765085e-02, 1.36310266e-02,
       1.77212285e-02, 2.30836294e-02, 1.59056059e-02, 1.67415815e-02,
       2.04416285e-02, 1.84861859e-02, 1.39830980e-02, 2.11564364e-02,
       1.71611620e-02, 9.76813615e-03, 1.28781899e-02, 1.91297540e-02,
       1.32253851e-02, 1.59749633e-02, 1.74797486e-02, 1.18224638e-02,
       1.79371168e-02, 1.74373419e-02, 1.48786173e-02, 1.32521670e-02,
       1.38557505e-02, 1.52910711e-02, 2.09442624e-02, 1.59392555e-02,
       1.57299751e-02, 1.84646851e-02, 1.51964200e-02, 1.48229129e-02,
       1.79576811e-02, 1.75103475e-02, 1.82860481e-02, 1.59566792e-02,
       1.19596952e-02, 2.08010902e-02, 1.47005540e-02, 1.63285345e-02,
       1.56671534e-02, 1.36082318e-02, 2.30549623e-02, 1.37903811e-02,
       1.57738834e-02, 4.97091897e-03, 1.31410012e-02, 1.63148152e-02,
       1.77481094e-02, 1.29945659e-02, 2.57120086e-03, 1.46749914e-02,
       1.73879498e-02, 1.73699634e-02, 1.37606631e-02, 1.99049510e-02,
       8.52629098e-03, 1.63924981e-02, 1.83338987e-02, 1.78229916e-02,
       1.74902550e-02, 1.46887685e-02, 1.33540474e-02, 2.17349403e-02,
       1.28966331e-02, 2.19060416e-02, 1.92469219e-02, 1.25249633e-02,
       1.03164739e-02, 1.52147336e-02, 2.03366775e-02, 1.45701799e-02,
       1.75056655e-02, 1.80816575e-02, 9.30674607e-03, 9.54280171e-03,
       1.06951397e-02, 1.76876443e-02, 1.16578299e-02, 1.36854871e-02,
       1.89307035e-02, 1.34249300e-02, 1.46048722e-02, 1.47246645e-02,
       1.97917895e-02, 8.55533196e-03, 7.97832261e-04, 1.04815822e-02,
       1.57231514e-02, 1.41364765e-02, 7.49314351e-03, 1.92677968e-02,
       2.12372147e-02, 1.40539647e-02, 1.73524277e-02, 2.18481802e-02,
       1.46497816e-02, 1.66041178e+00]), 'fs_0 - beta(p=7,n=3)': array([[ 5.52446721e-04, -5.39872359e-04,  1.10299704e-04,
         3.47174939e-04, -2.14799342e-04, -2.79296176e-04],
       [ 1.87865960e-03, -8.73687899e-04,  8.25500563e-04,
        -1.92484855e-03,  3.99354238e-04, -1.30395916e-03],
       [-1.17215609e-03, -1.81129034e-03,  2.59817029e-04,
        -7.16789600e-04,  4.44820606e-05, -3.46849699e-04],
       ...,
       [ 1.32334048e-03,  2.67759808e-04,  2.63278292e-04,
         3.77348448e-04, -1.01178672e-05,  3.48418507e-05],
       [ 4.55504453e-04, -2.04173544e-05,  7.08944778e-05,
         2.74079515e-04, -9.49681198e-05, -1.20636122e-04],
       [-2.92083581e-05,  1.37671396e-04, -2.34703579e-05,
        -1.73962628e-06,  2.06549655e-05,  2.49758635e-05]]), 'fs_1 - beta(p=365.25,n=10)': array([[ 7.70350580e-03, -4.68998291e-02, -1.11714075e-01, ...,
        -6.76276880e-02,  4.92406615e-02, -1.20622397e-02],
       [ 7.22192515e-03, -3.69438696e-02, -7.81493877e-02, ...,
        -6.87461354e-02,  1.08616157e-01, -3.67945712e-02],
       [ 7.05253073e-03, -3.66730746e-02, -7.67280011e-02, ...,
        -6.70639029e-02,  5.06856154e-02, -1.73287192e-02],
       ...,
       [ 7.84585129e-03, -5.24573192e-02, -1.36249459e-01, ...,
        -5.67721344e-02,  2.66335768e-02,  8.01313964e-05],
       [ 7.64974258e-03, -4.46360319e-02, -1.02372154e-01, ...,
        -6.58795781e-02,  5.79554906e-02, -8.65504263e-03],
       [ 1.43216711e-02, -3.84042945e-04, -3.56975180e-04, ...,
         8.36660105e-04,  2.31364030e-03, -4.90284106e-04]])}"
