,0
0,"{'lt_0 - slope_sigma_log__': array(4.65637988), 'lt_0 - slope_z_offset': array([ 5.47678886e-03,  3.97560605e-03,  2.02318654e-02,  5.65670156e-04,
        1.56277331e-02,  1.42200537e-02,  1.70582606e-02,  1.35721931e-02,
       -3.24448848e-03, -2.81469449e-03,  2.92746002e-03,  2.53003366e-03,
        1.28668814e-02,  1.25634183e-02,  3.48638935e-03,  1.06426053e-02,
        1.73462801e-02,  2.39226218e-02,  7.83285122e-03,  5.32597217e-03,
       -9.53736201e-03,  1.23162585e-02,  2.79729720e-02,  6.92580106e-03,
        1.10981974e-02, -7.54877131e-03,  7.43682083e-03, -1.18360585e-02,
        1.02457828e-02,  1.54440174e-02,  7.42158753e-03,  1.45306872e-02,
        2.95326958e-02,  2.52144555e-02,  1.47172959e-02,  9.47289968e-03,
        8.82086598e-03, -1.77937233e-02,  4.98480072e-03,  5.97073459e-03,
       -4.27217085e-03,  1.02834720e-02,  1.36919492e-02,  1.52805857e-02,
       -1.60461602e-05,  1.11863987e-02,  8.70879708e-03,  6.20481478e-03,
        1.15570098e-02,  1.04551308e-02,  1.66447518e-02,  1.92109033e-02,
        1.28976552e-03,  1.68705003e-02, -2.97572862e-03, -8.79930660e-03,
        1.25551503e-02,  1.07970401e-02,  1.51826604e-02, -4.31904021e-03,
        5.49054463e-04,  7.37895218e-03,  1.17496762e-02,  5.97592639e-03,
       -1.45607209e-02,  2.79923771e-03,  1.55925407e-02,  2.68823399e-02,
        5.43320613e-03, -2.31285542e-03,  1.15088192e-02,  1.80357097e-02,
        9.12462999e-03,  1.06229213e-02,  2.07924084e-02,  1.35369305e-02,
        8.42745724e-03,  4.06369330e-03,  5.62351829e-03,  7.79405240e-03,
        1.41413020e-02,  1.69849534e-02,  1.46852788e-02,  1.58526917e-02,
        1.92680182e-02,  1.13218120e-02,  1.61696138e-02,  4.92739739e-03,
        1.67078998e-02,  1.34960438e-02,  2.69136813e-02, -5.16635256e-04,
        1.22028608e-02,  6.10919037e-03,  3.77060639e-03,  6.86803168e-03,
        6.55645149e-03, -1.38853645e-02,  1.23451384e-02,  1.52660029e-02,
        1.21763918e-02,  8.13218695e-03,  6.38644828e-03, -5.29576059e-03,
        1.04620101e-02,  8.74934962e-03,  1.82979883e-02, -8.96717532e-03,
        1.14306402e-02,  1.42831124e-02, -4.69257857e-05,  1.42927790e-02,
        3.57873005e-03,  1.77776677e-02,  7.22686627e-03,  1.80921915e-02,
        1.49156185e-02,  1.51665571e-02,  1.06161269e-02,  1.12595770e-02,
       -8.95057340e-03,  1.35043383e-02,  2.30464224e-02,  1.30386499e-02,
        8.30568681e-03,  4.83839158e-03, -2.08882130e-02,  5.49284160e-03,
        3.04440996e-02,  2.67246076e-02,  2.14698646e-02,  9.00185476e-03,
        1.50487049e-02,  1.23506379e-02,  1.00182047e-02,  1.11781078e-02,
        8.92661210e-03, -1.04672774e-02, -7.83597479e-03,  1.48057542e-02,
        1.31831772e-02,  1.15838750e-02,  1.32104707e-02, -9.45704952e-03,
        2.71795105e-03,  9.94768073e-03,  1.44214123e-02,  2.39301889e-02,
        2.84095359e-03,  8.68404321e-03,  1.72504817e-02,  1.61069470e-02,
        6.13095894e-03, -8.42543943e-03,  5.78812510e-03, -3.92920821e-02,
        3.37322658e-03,  5.01904829e-03,  1.10088866e-02,  1.23982914e-02,
        1.35692948e-02, -9.03557105e-03, -1.00712589e-02,  1.22375461e-02,
       -1.65982144e-02,  2.55510610e-02,  1.71448134e-02,  4.73191979e-03,
        1.32937198e-02,  1.53608339e-02,  1.80143887e-02, -6.62292687e-03,
       -4.97432006e-03,  2.77011373e-02,  2.95896106e-02,  4.83738665e-03,
        1.54892690e-02, -3.91440232e-04,  8.79988506e-03,  1.64395538e-03,
       -2.92501779e-03,  2.00030586e-02,  1.43624992e-02,  6.61965620e-03,
        2.42168672e-02,  1.45995946e-02, -7.19752693e-03,  2.44804709e-02,
        4.68687743e-03, -1.46103224e-03,  2.26667629e-02,  9.55750154e-03,
       -2.80602357e-03,  1.49156477e-02,  1.39831629e-02,  8.27580858e-03,
        7.66100707e-03,  3.89602501e-03,  2.24630662e-03,  7.84147102e-03,
        1.51544788e-02,  5.76183438e-03,  8.73731376e-03,  1.47356716e-02,
        9.45050787e-03, -5.68347873e-03,  1.08881685e-02, -1.63950554e-03,
        1.11592588e-02,  2.14605349e-04,  2.04152316e-02, -7.66198825e-03,
        1.59863658e-02,  1.12302519e-02,  3.43288142e-03,  3.31144696e-03,
        5.17775560e-03,  4.84961395e-03,  1.85057413e-03,  1.77665619e-02,
        8.28254778e-03,  1.05388170e-02,  1.37300703e-02,  1.61624136e-02,
        9.37358459e-03, -2.47944984e-03,  1.40489958e-02, -3.81330463e-03,
        1.55923189e-02, -1.16056486e-02, -4.87233842e-03,  1.15079875e-02,
        1.62229974e-02,  2.80690759e-03,  8.42809112e-03,  1.34521876e-02,
        1.96254332e-02,  1.44097063e-02,  1.42675379e-02,  2.22262638e-03,
        1.98003042e-02,  2.09295051e-02,  1.87528114e-02,  6.33456446e-03,
        1.13839887e-02,  7.15917013e-03,  1.01919901e-04, -8.32758800e-03,
        5.93563787e-03,  1.90891980e-02, -3.11705973e-03, -1.65921365e-05,
        1.50032308e-02,  1.59485032e-02,  6.36602324e-04,  1.60905290e-02,
        1.17833407e-02, -3.95821410e-03,  1.41061990e-03,  1.22429218e-02,
        2.02198834e-02,  1.07297884e-02,  1.49436207e-02,  2.70891565e-02,
        1.08304236e-02,  1.72639885e-02,  1.58161145e-02,  2.22521178e-02,
        1.74625098e-02,  9.17987712e-03,  2.55091744e-03,  2.44928467e-02,
        1.91957582e-02,  4.83265268e-03,  1.72944082e-02,  7.86032141e-03,
        1.11500193e-02,  1.63318031e-02,  8.37493936e-03,  1.38855135e-02,
        1.74493735e-02,  1.10346683e-02, -3.01253543e-02,  1.94128831e-02,
        1.08789597e-02,  1.48270223e-02, -3.22115971e-02,  3.45557345e-02,
        1.21165025e-03,  2.12949884e-02,  1.80590415e-02, -1.08284895e-02,
        1.02667084e-02, -1.16264711e-02, -5.03480192e-03, -1.42430209e-04,
        1.28247807e-02,  8.72935022e-06,  6.34364033e-03,  1.79577133e-02,
        1.73009776e-02,  2.89235232e-03,  3.96243776e-03,  1.36421235e-02,
        1.03758611e-02, -4.73594832e-03,  5.79202628e-03, -2.59026336e-03,
        1.90994560e-02, -1.22115163e-03,  6.95732812e-03,  5.30471955e-03,
        8.02850449e-03,  8.09243760e-03,  1.24721296e-02,  1.35251837e-02,
        1.57478802e-02,  8.47395225e-03,  2.27873953e-02, -6.01892506e-04,
        1.44111169e-02,  1.05973586e-02,  1.13235333e-02,  1.36766216e-02,
        1.33720087e-02,  6.04410444e-03,  1.39561929e-02,  1.42218764e-02,
        1.19784212e-03,  1.13022599e-02,  7.01592153e-03,  1.36328600e-02,
        1.69822692e-02,  1.15800098e-02,  1.64804614e-02, -5.01937701e-03,
       -1.43932221e-03, -1.90783420e-02,  2.39644117e-02,  8.64143861e-03,
        2.06034752e-02,  1.22207904e-02,  6.95652259e-03,  1.05526189e-02,
        1.72439607e-03,  5.48131530e-03,  2.82129612e-03,  2.61884950e-02,
        5.15573442e-03,  1.86045604e-02,  1.53001035e-02, -8.56679870e-03,
        1.40069540e-02,  2.11596037e-02,  1.89491857e-02,  1.83693653e-02,
        3.73213785e-03,  1.07175689e-03, -8.05061465e-04,  5.21122199e-03,
        1.54463366e-02,  1.27971730e-02,  1.32400547e-02,  1.33871182e-02,
        6.96856029e-03,  5.31392305e-03,  1.14876603e-02,  8.67111006e-03,
       -3.35411438e-03,  1.11782870e-02,  1.23699809e-02, -3.89250879e-03,
        1.69650203e-02,  1.61695618e-02,  7.60778722e-03,  1.14171771e-02,
        5.64651242e-03,  1.10848969e-02,  1.08280713e-02, -4.86522800e-03,
       -2.67993344e-03,  1.22390114e-02,  1.50545447e-02,  1.18953448e-02,
        1.51411387e-02,  1.57045399e-02,  1.59964568e-02, -6.30776838e-03,
        4.65146339e-03,  1.47430949e-02,  1.44116990e-02,  1.27108860e-02,
        1.02225282e-02, -1.96350347e-03,  2.37709565e-02, -1.42192354e-03,
        1.68471951e-03,  2.45543278e-02,  3.05187060e-02,  1.27559309e-02,
        1.51837497e-02,  2.26574979e-02,  2.00003765e-02,  1.25708904e-02,
        1.22698057e-02,  4.94360787e-04,  9.10459071e-03, -2.74700060e-02,
        1.39319931e-02,  1.71223651e-02,  1.77011292e-02,  2.27910559e-02,
        1.27182189e-02,  4.58845937e-03,  1.41480736e-02,  1.89369523e-02,
        1.65334351e-02,  9.59806852e-03, -1.25720875e-02,  5.84100321e-03,
        6.34436728e-03,  7.86191819e-03,  2.14292660e-02, -9.00615810e-03,
        1.35309309e-02,  6.42567443e-03,  1.29888706e-02, -4.46929504e-04,
        1.23520090e-02,  1.28551125e-02,  4.94894588e-03,  2.42104219e-02,
        2.02706608e-02, -3.53641130e-03,  3.71583015e-03,  5.88951441e-03,
        1.32348775e-02,  6.42049393e-04,  1.51520279e-02,  4.74381782e-03,
        2.09613070e-03,  3.46816863e-03, -1.72836828e-04,  2.58277851e-03,
        1.34207226e-02,  9.23696834e-03, -5.53630070e-04]), 'lt_0 - delta_sigma_log__': array(-4.4745912), 'lt_0 - delta_z_offset': array([[-1.24453158e-01, -1.24985259e-01, -1.25221776e-01, ...,
        -1.33911130e-01, -1.35015023e-01, -1.25923772e-01],
       [-1.22443945e-01, -1.23118869e-01, -1.23732940e-01, ...,
        -1.34931743e-01, -1.36938494e-01,  9.93287579e-02],
       [-1.20942329e-01, -1.19016183e-01, -1.17243119e-01, ...,
        -8.16398177e-02, -8.03997189e-02,  1.56882129e-01],
       ...,
       [-1.22790607e-01, -1.22136260e-01, -1.21186329e-01, ...,
        -1.07194230e-01, -1.06068487e-01, -9.83019238e-02],
       [-1.24113724e-01, -1.23744733e-01, -1.23343766e-01, ...,
        -1.20876845e-01, -1.21735656e-01, -8.89182977e-02],
       [-5.16882468e-02,  1.40036590e+00,  2.94952126e+00, ...,
         2.92495176e+01,  4.39685789e+01,  6.06868903e+01]]), 'lt_0 - intercept': array([ 0.38315683,  0.44597098, -1.24627813,  0.90451042, -0.67485841,
       -0.5208141 , -0.83832068, -0.46649609,  1.28278614,  1.24706911,
        0.65215429,  0.65436524, -0.4196334 , -0.36405164,  0.59737301,
       -0.14016967, -0.85094925, -1.62742429,  0.16173033,  0.39610659,
        1.90485822, -0.33883329, -2.06266968,  0.24528727, -0.18961212,
        1.73300543,  0.22262288,  2.08951057, -0.0989213 , -0.70645425,
        0.20343654, -0.57049487, -2.26116179, -1.73145611, -0.57172088,
       -0.01002829,  0.04292702,  2.74433676,  0.44599623,  0.35677914,
        1.39121071, -0.09510107, -0.49486178, -0.65146908,  0.92261183,
       -0.20368311,  0.03931852,  0.32841828, -0.27907895, -0.11880285,
       -0.79277177, -1.11011002,  0.81743539, -0.82564274,  1.26911628,
        1.84368992, -0.33073057, -0.17016046, -0.70675781,  1.39904937,
        0.90318891,  0.18367574, -0.30053361,  0.34427607,  2.45402101,
        0.65632537, -0.6903399 , -1.88974434,  0.40195203,  1.19838271,
       -0.24523793, -0.95114911,  0.02486754, -0.14688648, -1.24686542,
       -0.48024554,  0.03856134,  0.52213197,  0.36757654,  0.14902569,
       -0.53377369, -0.86190125, -0.60101897, -0.7744672 , -1.08822457,
       -0.20929765, -0.77725189,  0.43020311, -0.81104353, -0.4460625 ,
       -1.95233066,  1.00199161, -0.33386809,  0.27599544,  0.56099526,
        0.22353734,  0.28452146,  2.37946535, -0.31902826, -0.64660624,
       -0.29434211,  0.11683082,  0.29772489,  1.49705755, -0.1171292 ,
        0.01912995, -0.97629491,  1.85241944, -0.26352912, -0.58137842,
        0.96192554, -0.52933729,  0.59959774, -0.89901442,  0.18424188,
       -0.99448765, -0.61159677, -0.65100156, -0.14795142, -0.2157004 ,
        1.85713146, -0.46694308, -1.48853079, -0.43004143,  0.10019739,
        0.46617242,  3.06942026,  0.39443578, -2.38604734, -1.89033434,
       -1.32270267,  0.03572015, -0.66330409, -0.3342835 , -0.07960039,
       -0.19250576,  0.00831374,  2.01615738,  1.76196259, -0.61226144,
       -0.41712595, -0.27004149, -0.41035536,  1.92730414,  0.66642981,
       -0.25011618, -0.59462635, -1.59566836,  0.66859547,  0.04986819,
       -0.93444939, -0.7855737 ,  0.33208749,  1.80498529,  0.36993312,
        4.90334894,  0.59660968,  0.43005213, -0.21447899, -0.38911081,
       -0.44893575,  1.86309913,  1.97698477, -0.30985529,  2.65327946,
       -1.80312457, -0.8419709 ,  0.48599258, -0.44095872, -0.65483173,
       -0.94300935,  1.62481851,  1.45495758, -2.04676186, -2.25461034,
        0.46981948, -0.6991766 ,  0.98797346,  0.04389232,  0.79830404,
        1.2503577 , -1.17253349, -0.52916904,  0.25931307, -1.608691  ,
       -0.57621703,  1.6902295 , -1.66672927,  0.47074301,  1.110389  ,
       -1.47082849, -0.01724516,  1.21723628, -0.61255825, -0.4860633 ,
        0.08252343,  0.16399321,  0.49216489,  0.73106247,  0.15154181,
       -0.7120184 ,  0.37570682,  0.04579707, -0.64326104, -0.06883236,
        1.50647663, -0.16256736,  1.11247716, -0.20940117,  0.91105644,
       -1.21344169,  1.68939049, -0.76362087, -0.20912287,  0.6067834 ,
        0.61447699,  0.42091831,  0.45114222,  0.7724909 , -0.91645911,
        0.10608501, -0.13890976, -0.46736368, -0.76501688, -0.01123567,
        1.15987409, -0.52273318,  1.33769198, -0.68726326,  2.12506413,
        1.45568871, -0.2332274 , -0.74444233,  0.66937256,  0.04730745,
       -0.45081707, -1.11973023, -0.55359683, -0.53442577,  0.7401563 ,
       -1.12343389, -1.26439712, -1.03253202,  0.29802339, -0.22181276,
        0.20382999,  0.95082463,  1.79505891,  0.23963447, -1.06180278,
        1.27490111,  0.95620978, -0.60466249, -0.73945166,  0.88819608,
       -0.78562242, -0.25633055,  1.34372394,  0.81325382, -0.3048393 ,
       -1.23501218, -0.14866574, -0.60110707, -1.95072435, -0.26366676,
       -0.86776138, -0.71263579, -1.41944229, -0.94363342,  0.02329381,
        0.70333471, -1.68129454, -1.08575113,  0.45926077, -0.90782232,
        0.15244962, -0.19636998, -0.77278928,  0.09213347, -0.5336525 ,
       -0.87087069, -0.18328397,  3.95948668, -1.11470374, -0.186652  ,
       -0.60963918,  4.21761585, -2.82570035,  0.81225016, -1.29962923,
       -0.95004071,  2.06294132, -0.11072481,  2.13047101,  1.45086786,
        0.93583848, -0.36141251,  0.93856025,  0.23192919, -0.96135708,
       -0.86965207,  0.64696533,  0.53895082, -0.47262572, -0.13561397,
        1.38111567,  0.34295881,  1.21167158, -1.0836493 ,  1.0803825 ,
        0.19980103,  0.40918235,  0.13869504,  0.10980148, -0.33834483,
       -0.45779937, -0.72190794,  0.08527415, -1.45602758,  1.00862379,
       -0.56290687, -0.16877042, -0.22004505, -0.4619519 , -0.42384212,
        0.29204006, -0.53116093, -0.5192017 ,  0.83848477, -0.24288366,
        0.22843026, -0.45991534, -0.85824833, -0.25231712, -0.76397422,
        1.47298283,  1.09422851,  2.88930486, -1.62850934,  0.06076007,
       -1.25501815, -0.30968748,  0.25171243, -0.12865455,  0.76857596,
        0.39083716,  0.68195811, -1.83751329,  0.44465443, -1.00450376,
       -0.6563203 ,  1.83900692, -0.53236615, -1.29730792, -1.04424014,
       -0.99343353,  0.57436368,  0.83215887,  1.03907066,  0.40368236,
       -0.65942338, -0.35922163, -0.45090451, -0.45449685,  0.24334436,
        0.41013546, -0.2472562 ,  0.06807187,  1.26393416, -0.23347426,
       -0.31209503,  1.3374016 , -0.84264987, -0.74442484,  0.12969945,
       -0.22018639,  0.37563126, -0.20675534, -0.17898956,  1.45338547,
        1.23118486, -0.3025551 , -0.61501088, -0.28250859, -0.62616031,
       -0.6954015 , -0.73540117,  1.58542864,  0.48319377, -0.59026786,
       -0.5447319 , -0.40200961, -0.11423675,  1.16928301, -1.58613177,
        1.09617629,  0.78958279, -1.65654764, -2.3379484 , -0.43859879,
       -0.63766003, -1.44039707, -1.15362354, -0.34873714, -0.31296505,
        0.90742521,  0.01922237,  3.70363844, -0.48918986, -0.8627946 ,
       -0.9139151 , -1.49720151, -0.40094345,  0.48698063, -0.52747755,
       -1.06855551, -0.81752112, -0.04418194,  2.24576243,  0.35756996,
        0.30410308,  0.15063769, -1.31855805,  1.84255231, -0.48767305,
        0.28935619, -0.37942032,  0.99260637, -0.35037399, -0.45480954,
        0.41199893, -1.61706996, -1.17797716,  1.30196652,  0.58196437,
        0.33678065, -0.44328715,  0.8953428 , -0.65800082,  0.46893703,
        0.75449538,  0.59559633,  0.98701247,  0.67342083, -0.45523068,
       -0.03322968,  0.05842039]), 'fs_0 - beta_shared': array([ 4.20751200e-04,  1.40452512e-03, -5.33667846e-06,  4.16450477e-04,
        5.72642019e-05,  7.02790947e-05]), 'fs_0 - beta_sigma(p=7,n=3)_log__': array([-14.38436477, -14.38436476, -14.38436477, -14.38436478,
       -14.38436478, -14.38436478]), 'fs_0 - beta_z_offset(p=7,n=3)': array([[-5.73082163e-06, -1.43180858e-05, -1.20797849e-05,
        -1.74555654e-06, -6.04158063e-06,  6.95063475e-06],
       [-1.48268195e-05, -3.83384845e-05, -6.87925874e-06,
        -1.20450383e-05, -5.60588429e-07,  1.64049450e-05],
       [ 1.37797537e-05,  3.24822947e-05,  2.82833909e-05,
         5.15017168e-06,  1.38858973e-05, -1.45139072e-05],
       ...,
       [-1.18835281e-05,  2.00656706e-05,  1.82877844e-06,
        -9.82586436e-06,  9.11022167e-06, -2.60256138e-06],
       [ 4.75657367e-06,  1.75923801e-05,  3.94936814e-06,
         4.62890402e-06,  4.56381652e-06,  7.14260600e-06],
       [-9.13448477e-05, -2.89361521e-04,  1.90310710e-05,
        -1.04830130e-04,  1.46831841e-07, -3.54598256e-05]]), 'fs_1 - beta_shared': array([ 1.33954128e-02, -8.56287252e-03, -6.79328235e-04,  7.60396709e-03,
       -3.53863142e-03,  4.07684432e-03,  6.01217206e-04, -3.23909234e-03,
        8.74650201e-04,  2.37564117e-03,  9.30505454e-05, -6.09393251e-04,
        2.23234634e-04,  8.09594580e-04, -1.26693290e-03,  3.76921852e-03,
        1.16225485e-03, -1.74425493e-03, -2.01873529e-04, -4.91263672e-03]), 'fs_1 - beta_sigma(p=365.25,n=10)_log__': array([-14.38436379, -14.38436477, -14.38436204, -14.38436466,
       -14.38436154, -14.38436439, -14.38436266, -14.38436414,
       -14.38436402, -14.38436413, -14.38436452, -14.38436432,
       -14.38436439, -14.38436449, -14.38436435, -14.38436454,
       -14.38436455, -14.38436458, -14.38436469, -14.38436456]), 'fs_1 - beta_z_offset(p=365.25,n=10)': array([[ 7.35707350e-05,  1.96680302e-05, -1.09562984e-04, ...,
        -5.55690690e-05, -4.91127365e-05,  5.51254470e-05],
       [ 7.64238520e-05,  3.30724195e-05, -1.08932005e-04, ...,
        -1.09580672e-04, -7.55233756e-05,  3.53742543e-05],
       [-2.35715488e-04, -1.07718990e-05,  3.85705862e-04, ...,
         2.44525385e-05,  1.30182822e-05,  1.54615336e-05],
       ...,
       [-9.07668498e-05, -4.12455983e-05,  1.30076166e-04, ...,
         1.93085390e-04,  1.78977962e-05, -1.54013306e-04],
       [-5.89842838e-06, -1.51898872e-05, -3.73920041e-06, ...,
         1.06321303e-04, -3.70039558e-05, -5.93298416e-05],
       [ 3.69264253e-04, -6.47534020e-05, -4.76139730e-04, ...,
         6.10045079e-04,  4.76066662e-04,  1.08420825e-03]]), 'sigma_log__': array(-2.99765302), 'lt_0 - slope_sigma': array(105.25435778), 'lt_0 - delta_sigma': array(0.01139488), 'fs_0 - beta_sigma(p=7,n=3)': array([5.66173780e-07, 5.66173789e-07, 5.66173780e-07, 5.66173779e-07,
       5.66173779e-07, 5.66173779e-07]), 'fs_1 - beta_sigma(p=365.25,n=10)': array([5.66174336e-07, 5.66173784e-07, 5.66175330e-07, 5.66173846e-07,
       5.66175611e-07, 5.66173997e-07, 5.66174977e-07, 5.66174141e-07,
       5.66174205e-07, 5.66174147e-07, 5.66173922e-07, 5.66174035e-07,
       5.66173997e-07, 5.66173938e-07, 5.66174021e-07, 5.66173915e-07,
       5.66173904e-07, 5.66173888e-07, 5.66173830e-07, 5.66173903e-07]), 'sigma': array(0.04990405), 'lt_0 - slope': array([ 5.76455894e-01,  4.18449862e-01,  2.12949200e+00,  5.95392490e-02,
        1.64488701e+00,  1.49672262e+00,  1.79545626e+00,  1.42853247e+00,
       -3.41496551e-01, -2.96258861e-01,  3.08127925e-01,  2.66297068e-01,
        1.35429534e+00,  1.32235453e+00,  3.66957672e-01,  1.12018059e+00,
        1.82577157e+00,  2.51796020e+00,  8.24441725e-01,  5.60581780e-01,
       -1.00384891e+00,  1.29633988e+00,  2.94427720e+00,  7.28970743e-01,
        1.16813364e+00, -7.94541076e-01,  7.82757801e-01, -1.24579673e+00,
        1.07841329e+00,  1.62555013e+00,  7.81154430e-01,  1.52941815e+00,
        3.10844493e+00,  2.65393133e+00,  1.54905952e+00,  9.97063972e-01,
        9.28434584e-01, -1.87286692e+00,  5.24671999e-01,  6.28445835e-01,
       -4.49664600e-01,  1.08238024e+00,  1.44113732e+00,  1.60834823e+00,
       -1.68892829e-03,  1.17741721e+00,  9.16638844e-01,  6.53083795e-01,
        1.21642565e+00,  1.10044808e+00,  1.75193266e+00,  2.02203129e+00,
        1.35753441e-01,  1.77569367e+00, -3.13208405e-01, -9.26165365e-01,
        1.32148428e+00,  1.13643552e+00,  1.59804117e+00, -4.54597803e-01,
        5.77903749e-02,  7.76666873e-01,  1.23670462e+00,  6.28992295e-01,
       -1.53257933e+00,  2.94631968e-01,  1.64118285e+00,  2.82948342e+00,
        5.71868621e-01, -2.43438112e-01,  1.21135338e+00,  1.89833704e+00,
        9.60407070e-01,  1.11810876e+00,  2.18849160e+00,  1.42482092e+00,
        8.87026599e-01,  4.27721429e-01,  5.91899806e-01,  8.20357980e-01,
        1.48843366e+00,  1.78774036e+00,  1.54568958e+00,  1.66856489e+00,
        2.02804288e+00,  1.19167006e+00,  1.70192232e+00,  5.18630048e-01,
        1.75857926e+00,  1.42051742e+00,  2.83278224e+00, -5.43781121e-02,
        1.28440428e+00,  6.43018909e-01,  3.96872754e-01,  7.22890264e-01,
        6.90095091e-01, -1.46149512e+00,  1.29937962e+00,  1.60681333e+00,
        1.28161830e+00,  8.55948115e-01,  6.72201512e-01, -5.57401880e-01,
        1.10117215e+00,  9.20907175e-01,  1.92594300e+00, -9.43834280e-01,
        1.20312469e+00,  1.50335982e+00, -4.93914343e-03,  1.50437728e+00,
        3.76676933e-01,  1.87117700e+00,  7.60659168e-01,  1.90428200e+00,
        1.56993384e+00,  1.59634622e+00,  1.11739362e+00,  1.18511955e+00,
       -9.42086855e-01,  1.42139046e+00,  2.42573639e+00,  1.37237472e+00,
        8.74209732e-01,  5.09261799e-01, -2.19857544e+00,  5.78145515e-01,
        3.20437415e+00,  2.81288141e+00,  2.25979681e+00,  9.47484442e-01,
        1.58394177e+00,  1.29995846e+00,  1.05445970e+00,  1.17654456e+00,
        9.39564823e-01, -1.10172656e+00, -8.24770494e-01,  1.55837015e+00,
        1.38758685e+00,  1.21925332e+00,  1.39045961e+00, -9.95395673e-01,
        2.86076192e-01,  1.04703675e+00,  1.51791649e+00,  2.51875667e+00,
        2.99022745e-01,  9.14033391e-01,  1.81568837e+00,  1.69532636e+00,
        6.45310146e-01, -8.86814217e-01,  6.09225390e-01, -4.13566286e+00,
        3.55046797e-01,  5.28276705e-01,  1.15873329e+00,  1.30497420e+00,
        1.42822741e+00, -9.51033228e-01, -1.06004389e+00,  1.28805505e+00,
       -1.74703440e+00,  2.68936051e+00,  1.80456632e+00,  4.98055178e-01,
        1.39922194e+00,  1.61679471e+00,  1.89609292e+00, -6.97091915e-01,
       -5.23568864e-01,  2.91566542e+00,  3.11443546e+00,  5.09156025e-01,
        1.63031307e+00, -4.12007902e-02,  9.26226251e-01,  1.73033468e-01,
       -3.07870869e-01,  2.10540908e+00,  1.51171563e+00,  6.96747662e-01,
        2.54893080e+00,  1.53667095e+00, -7.57571074e-01,  2.57667624e+00,
        4.93314274e-01, -1.53780010e-01,  2.38577558e+00,  1.00596869e+00,
       -2.95346209e-01,  1.56993692e+00,  1.47178883e+00,  8.71064917e-01,
        8.06354379e-01,  4.10073610e-01,  2.36433560e-01,  8.25348996e-01,
        1.59507493e+00,  6.06458177e-01,  9.19640348e-01,  1.55099365e+00,
        9.94707137e-01, -5.98210904e-01,  1.14602719e+00, -1.72565103e-01,
        1.17456061e+00,  2.25881482e-02,  2.14879209e+00, -8.06457653e-01,
        1.68263466e+00,  1.18203295e+00,  3.61325729e-01,  3.48544223e-01,
        5.44981340e-01,  5.10443001e-01,  1.94780992e-01,  1.87000806e+00,
        8.71774248e-01,  1.10925641e+00,  1.44514973e+00,  1.70116446e+00,
        9.86610626e-01, -2.60972900e-01,  1.47871803e+00, -4.01366930e-01,
        1.64115951e+00, -1.22154509e+00, -5.12834851e-01,  1.21126584e+00,
        1.70754117e+00,  2.95439255e-01,  8.87093318e-01,  1.41590137e+00,
        2.06566236e+00,  1.51668439e+00,  1.50172054e+00,  2.33941112e-01,
        2.08406830e+00,  2.20292162e+00,  1.97381512e+00,  6.66740514e-01,
        1.19821442e+00,  7.53533854e-01,  1.07275138e-02, -8.76514927e-01,
        6.24751752e-01,  2.00922127e+00, -3.28084120e-01, -1.74639467e-03,
        1.57915542e+00,  1.67864946e+00,  6.70051688e-02,  1.69359829e+00,
        1.24024796e+00, -4.16619283e-01,  1.48473891e-01,  1.28862087e+00,
        2.12823084e+00,  1.12935699e+00,  1.57288120e+00,  2.85125177e+00,
        1.13994928e+00,  1.81711003e+00,  1.66471497e+00,  2.34213237e+00,
        1.83800525e+00,  9.66222070e-01,  2.68495177e-01,  2.57797885e+00,
        2.02043720e+00,  5.08657754e-01,  1.82031183e+00,  8.27333082e-01,
        1.17358812e+00,  1.71899345e+00,  8.81498864e-01,  1.46151081e+00,
        1.83662260e+00,  1.16144693e+00, -3.17082482e+00,  2.04329054e+00,
        1.14505792e+00,  1.56060871e+00, -3.39041097e+00,  3.63714165e+00,
        1.27531469e-01,  2.24139033e+00,  1.90079281e+00, -1.13974571e+00,
        1.08061580e+00, -1.22373675e+00, -5.29934843e-01, -1.49914002e-02,
        1.34986406e+00,  9.18802152e-04,  6.67695788e-01,  1.89012758e+00,
        1.82100328e+00,  3.04432686e-01,  4.17063842e-01,  1.43589295e+00,
        1.09210460e+00, -4.98479199e-01,  6.09636006e-01, -2.72636507e-01,
        2.01030098e+00, -1.28531531e-01,  7.32289103e-01,  5.58344849e-01,
        8.45035084e-01,  8.51764322e-01,  1.31274599e+00,  1.42358452e+00,
        1.65753301e+00,  8.91920402e-01,  2.39847266e+00, -6.33518092e-02,
        1.51683285e+00,  1.11541817e+00,  1.19185123e+00,  1.43952402e+00,
        1.40746218e+00,  6.36168332e-01,  1.46895012e+00,  1.49691446e+00,
        1.26078103e-01,  1.18961211e+00,  7.38456315e-01,  1.43491793e+00,
        1.78745783e+00,  1.21884649e+00,  1.73464038e+00, -5.28311304e-01,
       -1.51494935e-01, -2.00807863e+00,  2.52235877e+00,  9.09549071e-01,
        2.16860555e+00,  1.28629144e+00,  7.32204317e-01,  1.11070913e+00,
        1.81500201e-01,  5.76932322e-01,  2.96953712e-01,  2.75645322e+00,
        5.42663516e-01,  1.95821106e+00,  1.61040257e+00, -9.01692896e-01,
        1.47429294e+00,  2.22714050e+00,  1.99448438e+00,  1.93345574e+00,
        3.92823772e-01,  1.12807084e-01, -8.47362275e-02,  5.48503824e-01,
        1.62579423e+00,  1.34695822e+00,  1.39357345e+00,  1.40905252e+00,
        7.33471338e-01,  5.59313558e-01,  1.20912630e+00,  9.12672121e-01,
       -3.53035155e-01,  1.17656342e+00,  1.30199440e+00, -4.09703512e-01,
        1.78564232e+00,  1.70191684e+00,  8.00752758e-01,  1.20170765e+00,
        5.94320038e-01,  1.16673370e+00,  1.13970169e+00, -5.12086449e-01,
       -2.82074673e-01,  1.28820928e+00,  1.58455644e+00,  1.25203688e+00,
        1.59367083e+00,  1.65297126e+00,  1.68369679e+00, -6.63920110e-01,
        4.89586791e-01,  1.55177499e+00,  1.51689412e+00,  1.33787614e+00,
        1.07596564e+00, -2.06667297e-01,  2.50199677e+00, -1.49663649e-01,
        1.77324070e-01,  2.58445000e+00,  3.21222680e+00,  1.34261732e+00,
        1.59815582e+00,  2.38480039e+00,  2.10512678e+00,  1.32314100e+00,
        1.29145052e+00,  5.20336271e-02,  9.58297848e-01, -2.89133784e+00,
        1.46640299e+00,  1.80220354e+00,  1.86312099e+00,  2.39885796e+00,
        1.33864796e+00,  4.82955344e-01,  1.48914640e+00,  1.99319676e+00,
        1.74021609e+00,  1.01023854e+00, -1.32326699e+00,  6.14791042e-01,
        6.67772303e-01,  8.27501150e-01,  2.25552363e+00, -9.47937387e-01,
        1.42418944e+00,  6.76330235e-01,  1.36713523e+00, -4.70412779e-02,
        1.30010277e+00,  1.35305661e+00,  5.20898121e-01,  2.54825241e+00,
        2.13357539e+00, -3.72222700e-01,  3.91107316e-01,  6.19897057e-01,
        1.39302853e+00,  6.75784965e-02,  1.59481697e+00,  4.99307498e-01,
        2.20626891e-01,  3.65039862e-01, -1.81918293e-02,  2.71848694e-01,
        1.41258954e+00,  9.72231171e-01, -5.82719775e-02]), 'lt_0 - delta': array([[-1.41812873e-03, -1.42419195e-03, -1.42688704e-03, ...,
        -1.52590118e-03, -1.53847990e-03, -1.43488620e-03],
       [-1.39523399e-03, -1.40292467e-03, -1.40992193e-03, ...,
        -1.53753094e-03, -1.56039763e-03,  1.13183922e-03],
       [-1.37812325e-03, -1.35617505e-03, -1.33597120e-03, ...,
        -9.30275878e-04, -9.16145102e-04,  1.78765295e-03],
       ...,
       [-1.39918416e-03, -1.39172795e-03, -1.38090361e-03, ...,
        -1.22146532e-03, -1.20863762e-03, -1.12013857e-03],
       [-1.41426092e-03, -1.41005631e-03, -1.40548734e-03, ...,
        -1.37737707e-03, -1.38716312e-03, -1.01321328e-03],
       [-5.88981339e-04,  1.59570006e-02,  3.36094391e-02, ...,
         3.33294726e-01,  5.01016654e-01,  6.91519797e-01]]), 'fs_0 - beta(p=7,n=3)': array([[ 4.20751197e-04,  1.40452511e-03, -5.33668530e-06,
         4.16450476e-04,  5.72641985e-05,  7.02790986e-05],
       [ 4.20751192e-04,  1.40452510e-03, -5.33668235e-06,
         4.16450470e-04,  5.72642016e-05,  7.02791040e-05],
       [ 4.20751208e-04,  1.40452514e-03, -5.33666244e-06,
         4.16450480e-04,  5.72642097e-05,  7.02790864e-05],
       ...,
       [ 4.20751193e-04,  1.40452513e-03, -5.33667742e-06,
         4.16450471e-04,  5.72642070e-05,  7.02790932e-05],
       [ 4.20751203e-04,  1.40452513e-03, -5.33667622e-06,
         4.16450479e-04,  5.72642045e-05,  7.02790987e-05],
       [ 4.20751148e-04,  1.40452496e-03, -5.33666768e-06,
         4.16450417e-04,  5.72642020e-05,  7.02790746e-05]]), 'fs_1 - beta(p=365.25,n=10)': array([[ 0.01339541, -0.00856287, -0.00067933, ..., -0.00174425,
        -0.00020187, -0.00491264],
       [ 0.01339541, -0.00856287, -0.00067933, ..., -0.00174425,
        -0.00020187, -0.00491264],
       [ 0.01339541, -0.00856287, -0.00067933, ..., -0.00174425,
        -0.00020187, -0.00491264],
       ...,
       [ 0.01339541, -0.00856287, -0.00067933, ..., -0.00174425,
        -0.00020187, -0.00491264],
       [ 0.01339541, -0.00856287, -0.00067933, ..., -0.00174425,
        -0.00020187, -0.00491264],
       [ 0.01339541, -0.00856287, -0.00067933, ..., -0.00174425,
        -0.00020187, -0.00491264]])}"
