,0
0,"{'lt_0 - slope_shared': array(0.67387981), 'lt_0 - slope_sigma_log__': array(1.11611076), 'lt_0 - slope_z_offset': array([ 2.44384483e-02, -7.19876827e-03,  1.52064098e-03, -1.66674490e-01,
        4.97104086e-02, -1.08974671e-01,  3.49879358e-02, -1.25209157e-02,
       -8.68031780e-02,  4.65518324e-02,  8.92876690e-02, -3.00890029e-01,
        2.76923330e-01,  3.47988509e-01,  1.39914246e-01, -1.52124957e-02,
       -6.41872923e-02, -4.63613959e-02, -5.13963376e-02, -1.62980444e-01,
        1.66708173e-01,  5.64305041e-02, -1.06095562e-01,  1.53362792e-01,
       -4.15628229e-02,  4.83602906e-03,  1.20934778e-02, -3.03895324e-02,
       -1.42953796e-01,  3.98500390e-02, -2.91241838e-01,  8.26258401e-03,
       -1.81652159e-01, -1.55655731e-01,  4.67438838e-02,  1.16156268e-01,
       -1.20552955e-01, -2.31708770e-01,  6.94018759e-02,  1.84463008e-03,
       -3.22678303e-01, -1.03660161e-01,  3.59566723e-01,  8.54482909e-02,
        1.02483999e-01,  1.02869326e-01,  3.85490498e-01, -2.59097398e-01,
        8.01729048e-02, -1.90156600e-01, -3.13428223e-01,  1.38977720e-01,
        1.69893080e-02,  5.53242642e-02, -1.75142353e-01,  7.45224727e-03,
        1.91795226e-02, -2.01790223e-01, -1.21561815e-01, -1.76866530e-01,
       -8.70506873e-02,  1.78679369e-02,  1.31563572e-01,  7.81160544e-02,
       -3.56062368e-01,  4.78979773e-02, -3.25709517e-01,  1.74014316e-01,
        1.23703936e-02,  1.36512368e-02,  1.42327109e-01, -8.01799023e-03,
       -3.78602718e-01,  1.48047071e-01,  3.82606444e-04,  9.53461798e-03,
       -1.50288807e-01, -1.04002983e-01, -4.79855107e-01, -2.44511530e-01,
        1.80313398e-01,  2.14785736e-01,  7.05488425e-03,  1.45785757e-01,
        1.59144576e-01,  1.74349645e-01,  2.21965606e-01, -3.19860265e-01,
        5.30763001e-02,  1.02924737e-01, -1.92370723e-01,  1.35712025e-01,
        3.63011853e-01,  1.70976594e-01,  3.09748089e-01, -1.96463022e-01,
        3.15035084e-02, -4.74821711e-01,  2.79295926e-02,  3.57618626e-01,
       -1.62925952e-02, -2.11594251e-01, -2.53980495e-02, -1.47553614e-01,
        3.11505214e-02, -1.49520405e-02,  2.06320923e-01,  6.31207703e-02,
        2.52572753e-01,  1.47478224e-02, -7.15425916e-02,  1.88387649e-01,
       -1.57065218e-01,  3.35736927e-01,  6.51352107e-02, -2.14993557e-01,
       -2.31401656e-02, -1.83473673e-01,  3.57225968e-01,  2.87111854e-01,
       -1.18548122e-02,  2.33913179e-01,  3.00343670e-01,  2.89826647e-01,
        3.88720756e-01, -3.18696107e-02, -7.87112816e-01,  1.64120322e-01,
       -2.99152410e-01, -3.60905909e-02, -1.65930045e-01, -3.12619420e-03,
        4.03655271e-01,  1.20605505e-02,  2.68106641e-01,  2.29872267e-01,
       -8.23239646e-02,  5.18911711e-02, -1.69469769e-01,  1.70262079e-01,
        8.09580550e-02,  2.99561370e-01,  2.21635395e-02,  4.85619404e-02,
        3.16280132e-01, -2.13051164e-01,  2.84344166e-01,  1.74241556e-01,
        3.64021531e-01,  5.75438276e-02, -1.72378539e-01,  2.07226506e-01,
       -1.22818176e-01, -4.16423266e-02,  2.62597897e-01, -5.99151357e-01,
       -1.72963869e-01,  2.83903145e-01, -3.87487171e-02,  1.29128388e-02,
       -2.67832227e-01, -6.08674737e-02, -1.08767510e-01,  2.24093899e-01,
       -3.68627233e-01, -3.21081288e-01,  2.19108376e-02,  8.20716785e-02,
       -1.18968847e-01,  1.45311269e-01, -7.22331946e-02,  1.29225518e-01,
       -1.87020504e-01,  7.42190098e-02,  8.26436643e-02,  1.02585879e-01,
       -2.11176866e-01,  6.25164192e-02, -1.80571939e-01,  2.29300093e-01,
       -2.16312894e-01,  1.64253713e-01, -2.91877093e-01, -1.61624161e-02,
        1.60456192e-01,  1.52618995e-02, -4.58696755e-01, -4.66028231e-02,
        1.19182871e-01, -2.43407055e-01, -9.02132358e-02,  1.50540940e-01,
        1.92398009e-02, -3.09614943e-01,  3.71534102e-01,  1.45955011e-01,
       -5.95071777e-02,  2.33124850e-01,  1.24130127e-01,  8.89758132e-03,
        8.68923088e-02,  1.63933971e-01,  4.12327639e-02,  9.64061496e-02,
       -9.86481869e-02, -5.34137832e-01, -7.66971382e-02,  6.96034493e-02,
       -9.82498054e-02,  3.73065182e-02, -2.90156469e-02, -3.34529283e-02,
        1.08952350e-01,  2.41509091e-01,  3.76951426e-02,  1.23560646e-01,
       -1.31174216e-01, -7.82764661e-02,  8.58915064e-02,  1.37948703e-01,
        1.84638275e-01,  1.74833978e-01, -2.36808279e-01, -7.38712768e-02,
        2.94264905e-01, -1.26563733e-01, -2.82482304e-01,  1.96212566e-01,
        2.47181218e-01,  1.34892085e-01,  2.92674108e-01, -4.85720793e-01,
       -2.63643191e-01,  1.85779384e-01,  1.70232277e-01,  1.00044661e-01,
       -1.90169515e-01,  2.45065030e-03, -2.15638587e-01, -4.34983063e-02,
        7.05918116e-02,  1.72384802e-02, -4.25142178e-02,  4.96304089e-03,
        9.58089975e-02, -4.79544303e-01,  3.64968283e-01, -1.53333151e-02,
        1.00589386e-02,  1.23956236e-01, -1.99750902e-01,  1.08432423e-01,
       -1.64043011e-01, -1.56725937e-01, -5.96110523e-02,  2.01004485e-01,
       -7.03014344e-02, -9.78243034e-02,  2.56716110e-01, -9.91656207e-03,
       -1.24150113e-01, -1.51478608e-01, -4.41077536e-03,  1.43905901e-01,
       -2.05548335e-01,  1.39856343e-01, -1.38518791e-01, -1.09742185e-01,
        2.36771117e-01,  2.14241000e-01, -2.02922173e-01,  1.54693391e-01,
        1.08836597e-01, -1.01082121e-01,  2.70850358e-01, -2.69301503e-01,
       -5.10966431e-01,  6.53121433e-02, -3.58752154e-01,  1.01933033e-01,
        8.42433985e-02, -2.76630399e-02, -8.73748788e-02,  2.48360845e-02,
       -4.25952273e-01, -2.90561092e-01,  2.47119131e-01,  3.83874568e-01,
        5.40372900e-01, -3.07531707e-01,  3.33663559e-01, -9.11959515e-03,
        1.63295387e-01, -2.24072524e-01, -4.29931070e-01,  1.96955663e-02,
       -2.81282230e-01, -3.74246600e-01, -1.99601976e-01,  8.86513299e-02,
       -7.96336141e-02,  7.68716016e-02, -1.65038450e-01, -1.11826726e-01,
       -1.61487468e-01,  4.34098157e-01,  1.31051557e-02, -1.36937039e-01,
        1.56260312e-01,  2.48862465e-02,  7.04279062e-02,  4.51191936e-03,
       -4.78237334e-01, -1.04762477e-02,  1.72136961e-01,  3.13999107e-01,
        1.48029281e-01,  4.28890258e-02, -3.41128115e-01,  2.88112511e-01,
        1.96690723e-01,  8.79949486e-02, -9.86943215e-02, -2.73304354e-01,
        2.48282280e-03,  2.47235171e-01, -2.98872571e-02, -1.78172545e-01,
        3.15480439e-01,  1.04750659e-01, -2.49722755e-02,  2.89921180e-01,
        7.66353645e-02, -2.67052744e-01,  2.14685438e-01, -9.54838527e-02,
       -1.68683570e-01, -1.18672586e-01,  1.17579593e-01,  3.43610399e-02,
       -4.71810105e-01, -1.71653487e-01,  2.81790267e-01, -3.41848882e-01,
       -2.34843310e-01, -2.05663082e-01, -2.86865419e-01, -2.29227314e-01,
        1.57367496e-01,  2.26576006e-02,  1.32209615e-01, -6.08167221e-02,
        2.72276414e-01,  1.91508600e-01, -5.05849800e-03, -4.58476493e-02,
        5.34710888e-02, -3.28219691e-01,  5.24828848e-02,  4.42428840e-02,
        2.53679645e-01,  1.46399243e-02, -2.58931875e-01, -5.89383267e-02,
       -9.28664208e-02,  3.17075033e-01,  1.52523024e-01, -3.18157641e-02,
        1.09348919e-01, -2.38735997e-02, -2.78478778e-01, -4.39552919e-02,
        2.07890049e-01, -6.50533252e-02, -2.52057475e-01, -1.12099092e-01,
        2.10526736e-01,  2.42915901e-01,  3.44851686e-01,  5.87256600e-02,
        1.28156096e-03, -6.42425682e-02, -1.35678299e-01,  1.05327140e-02,
       -1.23787044e-01,  2.21039458e-01,  1.43106915e-01,  1.75906024e-01,
        6.18670807e-02,  1.64603276e-01,  3.78357697e-01,  2.73503130e-03,
        6.02761271e-02,  5.97259241e-02, -2.46297295e-01,  4.38253845e-01,
       -4.31022294e-02,  1.19690847e-01, -2.29477158e-02, -2.22294786e-01,
       -1.12198296e-01, -8.77760512e-02, -1.47188974e-01,  1.12753459e-01,
       -2.94754255e-02,  1.19960879e-01,  1.64364733e-01, -3.14383443e-01,
       -4.04244271e-03,  3.88798356e-02, -5.03678414e-01,  9.94373856e-03,
       -8.30017769e-03,  3.02445851e-02, -8.32170486e-02, -5.58129132e-02,
       -2.73731345e-02,  5.92438636e-02, -1.02210813e-01, -4.25706873e-01,
        1.96323988e-01,  6.93830394e-02,  3.57362123e-01, -1.47724049e-01,
        1.11144304e-02,  5.90892014e-02, -3.46502330e-01,  3.83743725e-01,
        1.29227769e-01, -5.51994572e-02, -1.28958274e-01,  1.85117398e-01,
       -9.96925265e-01,  3.51155137e-01,  3.44997293e-02, -1.46361025e-02,
        4.76248888e-02, -2.70425968e-01,  2.05250472e-01,  3.41771697e-01,
        1.72171687e-01,  7.01010020e-02, -4.58003777e-02,  1.21060396e-01,
        1.01824896e-01,  6.78579163e-02, -2.74842466e-01, -3.51062811e-01,
       -1.22443749e-02,  5.87267587e-01]), 'lt_0 - delta': array([ 1.13642575e-02, -1.80673002e-01, -2.24926160e-01, -8.09077308e-02,
        3.28619285e-02, -3.76663615e-01,  5.34467512e-01, -4.72471518e-01,
        1.28925610e-01,  3.30357108e-02,  1.47055525e-02, -4.30654838e-01,
        5.67885445e-01, -4.04832110e-01, -1.84952481e+00, -1.18119411e+00,
       -7.95187674e-01,  1.61851492e+00,  7.35954610e+00,  2.31200682e-01,
       -8.90114062e+00,  4.08041246e+00, -5.13697868e+00,  1.36172338e+01,
       -1.07378984e+01]), 'lt_0 - intercept': array([ 1.89390972e-01,  2.49894703e-01,  2.43632562e-01,  7.24879646e-01,
        1.13082636e-01,  5.85793602e-01,  1.73406159e-01,  3.06995231e-01,
        4.84179558e-01,  1.22437517e-01,  1.95874728e-02,  1.11061748e+00,
       -5.84726228e-01, -8.02575806e-01, -1.59470672e-01,  2.87726843e-01,
        4.51690426e-01,  3.99222638e-01,  4.08579278e-01,  6.83109564e-01,
       -2.71384018e-01,  1.10588441e-01,  5.36316404e-01, -1.79063505e-01,
        3.86933424e-01,  2.45614279e-01,  2.51823677e-01,  1.89581071e-01,
        6.70343080e-01,  1.61672822e-01,  1.08919729e+00,  2.54397178e-01,
        7.84875708e-01,  6.75094599e-01,  1.37282817e-01, -7.66801756e-02,
        6.02660494e-01,  8.75461747e-01,  4.93920354e-02,  2.52092345e-01,
        1.18308330e+00,  5.73906066e-01, -8.51469473e-01,  2.37328856e-02,
       -7.53364084e-02, -3.34882143e-02, -9.33534898e-01,  1.01012408e+00,
        3.61327271e-02,  8.14359461e-01,  1.16824751e+00, -1.28237547e-01,
        2.10141356e-01,  1.08682678e-01,  7.30094500e-01,  2.21851813e-01,
        2.19880440e-01,  8.37793467e-01,  5.98743283e-01,  7.11619172e-01,
        4.97007190e-01,  2.15024766e-01, -1.08886355e-01,  4.81240473e-02,
        1.26769145e+00,  1.25105393e-01,  1.19557624e+00, -2.39368880e-01,
        2.26420696e-01,  2.07035412e-01, -1.45072424e-01,  2.72019999e-01,
        1.33545431e+00, -1.53739386e-01,  2.41616655e-01,  1.96455430e-01,
        6.90254086e-01,  5.47349080e-01,  1.55213284e+00,  9.72148101e-01,
       -2.71349513e-01, -4.07551514e-01,  2.51745362e-01, -1.76436162e-01,
       -2.07744761e-01, -2.28236931e-01, -3.73262986e-01,  1.15852643e+00,
        8.64071354e-02, -4.01173001e-02,  7.45344487e-01, -1.73799565e-01,
       -8.64388994e-01, -2.83290342e-01, -6.85952877e-01,  8.09295973e-01,
        1.35919986e-01,  1.58525778e+00,  1.82110208e-01, -8.49512688e-01,
        3.03018587e-01,  8.83742564e-01,  3.43873949e-01,  6.29626806e-01,
        1.86195793e-01,  2.96581288e-01, -3.34341763e-01,  7.65105316e-02,
       -4.83940561e-01,  2.01212216e-01,  4.19144053e-01, -2.76395574e-01,
        7.09823660e-01, -7.67553356e-01,  7.30149312e-02,  8.83526301e-01,
        3.35818226e-01,  7.62480676e-01, -8.30535150e-01, -6.04593376e-01,
        2.76456254e-01, -4.22154756e-01, -6.45016398e-01, -6.18065729e-01,
       -9.47056945e-01,  3.55789030e-01,  2.40701602e+00, -2.47379741e-01,
        1.11842984e+00,  3.67604477e-01,  7.41350805e-01,  2.75125453e-01,
       -9.97187068e-01,  2.35941193e-01, -5.38724577e-01, -4.06805599e-01,
        4.96695340e-01,  1.01544981e-01,  7.00653415e-01, -2.38771444e-01,
        4.09818550e-02, -6.52309910e-01,  1.97567356e-01,  8.39955217e-02,
       -6.94781536e-01,  8.22279676e-01, -6.05200267e-01, -2.46440468e-01,
       -9.11043711e-01,  8.33222180e-02,  7.39023862e-01, -3.48942721e-01,
        6.13788602e-01,  3.26571824e-01, -5.52694287e-01,  1.87339219e+00,
        7.28734753e-01, -5.83067259e-01,  3.69868700e-01,  2.12511286e-01,
        1.03285230e+00,  4.02210087e-01,  5.53560985e-01, -3.81927267e-01,
        1.27498427e+00,  1.13439939e+00,  1.91197582e-01,  3.02458383e-02,
        5.98874728e-01, -1.39164636e-01,  4.71017156e-01, -1.12759810e-01,
        7.98584480e-01,  5.25624071e-02,  2.95207974e-02, -3.69027230e-02,
        8.51565605e-01,  8.63835825e-02,  7.72350846e-01, -4.42166489e-01,
        8.38962909e-01, -2.35948765e-01,  1.09817406e+00,  3.12991447e-01,
       -2.12643172e-01,  2.32629879e-01,  1.50612687e+00,  3.84532316e-01,
       -7.92895398e-02,  9.39695859e-01,  5.08970538e-01, -1.61326093e-01,
        1.84027848e-01,  1.06208113e+00, -9.18666558e-01, -1.57445334e-01,
        4.15088746e-01, -4.15778782e-01, -1.02209506e-01,  2.50263803e-01,
        1.91051919e-02, -2.28123502e-01,  1.51797728e-01,  1.55179107e-03,
        5.21851382e-01,  1.77925311e+00,  4.90941328e-01,  3.90984518e-02,
        5.22195481e-01,  1.69015308e-01,  3.44746374e-01,  3.67939932e-01,
       -5.36475582e-02, -4.58635317e-01,  1.50667134e-01, -8.94784468e-02,
        6.42691691e-01,  4.76058977e-01, -4.70956524e-03, -1.66874096e-01,
       -2.69544672e-01, -2.30624691e-01,  9.39803795e-01,  4.80491224e-01,
       -6.10173558e-01,  6.31570581e-01,  1.04479111e+00, -3.25594739e-01,
       -4.80560699e-01, -1.21619322e-01, -6.02653030e-01,  1.49504014e+00,
        9.97007943e-01, -2.55447615e-01, -2.55262964e-01, -1.81547779e-02,
        8.21700000e-01,  2.29117733e-01,  8.73581716e-01,  4.00207490e-01,
        5.59373170e-02,  1.86186110e-01,  3.90923183e-01,  2.60932257e-01,
       -1.00199733e-03,  1.62401179e+00, -8.65126870e-01,  3.19719203e-01,
        2.17913617e-01, -1.56553834e-01,  7.82354483e-01, -6.63503677e-02,
        7.05991853e-01,  7.19097870e-01,  4.44693248e-01, -3.28414304e-01,
        4.49264450e-01,  5.36655283e-01, -5.02690359e-01,  2.87730860e-01,
        6.01842153e-01,  6.98200444e-01,  2.75195343e-01, -1.31997341e-01,
        8.47046862e-01, -1.93120405e-01,  6.49933474e-01,  5.75535334e-01,
       -4.44001497e-01, -3.86523025e-01,  8.04609319e-01, -1.79535120e-01,
       -5.32147634e-02,  5.54163259e-01, -5.35865733e-01,  1.00401218e+00,
        1.68855790e+00,  9.51238754e-02,  1.27131677e+00, -2.79896300e-02,
        2.46289618e-02,  3.44489181e-01,  5.18868822e-01,  1.99082805e-01,
        1.43472894e+00,  1.10368644e+00, -4.79635205e-01, -9.24489254e-01,
       -1.56182575e+00,  1.12784414e+00, -7.59729935e-01,  2.88403891e-01,
       -1.87049497e-01,  8.80068636e-01,  1.50944640e+00,  1.45329436e-01,
        1.03027505e+00,  1.29961377e+00,  8.41199339e-01,  1.23406096e-03,
        4.81521537e-01,  4.44232048e-02,  7.06488892e-01,  5.84212575e-01,
        7.17228282e-01, -1.12348977e+00,  1.93590699e-01,  5.46260670e-01,
       -1.94657127e-01,  1.88509779e-01,  5.09056680e-02,  2.14914559e-01,
        1.59319025e+00,  3.01341551e-01, -2.56477337e-01, -6.98435091e-01,
       -1.44723853e-01,  1.48391115e-01,  1.20456126e+00, -5.97627060e-01,
       -3.09269759e-01, -8.71299994e-03,  5.20544833e-01,  1.04043209e+00,
        2.66710693e-01, -4.43477944e-01,  3.61682606e-01,  7.41362317e-01,
       -7.05064201e-01, -3.28652741e-02,  3.27550784e-01, -6.19361134e-01,
        4.28709844e-02,  1.02568490e+00, -3.59164529e-01,  5.06708333e-01,
        6.65438723e-01,  5.54476865e-01, -8.78719736e-02,  1.39934825e-01,
        1.57815631e+00,  7.20272486e-01, -5.86913182e-01,  1.22494252e+00,
        9.31281452e-01,  8.35878367e-01,  1.09181502e+00,  9.04269236e-01,
       -2.09317696e-01,  1.94160650e-01, -1.12969472e-01,  4.41233096e-01,
       -5.50807994e-01, -2.77309244e-01,  2.80369457e-01,  3.91119097e-01,
        1.19904077e-01,  1.20299734e+00,  1.13058641e-01,  1.28886175e-01,
       -4.83850266e-01,  1.91783461e-01,  1.01080353e+00,  4.49053593e-01,
        4.72739162e-01, -6.91088362e-01, -1.67667742e-01,  3.42607907e-01,
       -6.84963678e-02,  3.27896680e-01,  1.04554371e+00,  3.53989046e-01,
       -3.69924664e-01,  4.55336367e-01,  9.35115393e-01,  5.83208072e-01,
       -3.60794809e-01, -4.65802846e-01, -7.86722730e-01,  1.10293544e-01,
        2.74700187e-01,  4.41211589e-01,  6.52965175e-01,  2.27877905e-01,
        6.24721628e-01, -3.79366463e-01, -1.36685657e-01, -2.41032671e-01,
        8.75479902e-02, -2.31843209e-01, -9.43990471e-01,  2.50634802e-01,
        1.02099188e-01,  8.91400030e-02,  9.56193772e-01, -1.14400416e+00,
        3.79990487e-01, -7.90783311e-02,  3.27664062e-01,  9.06682945e-01,
        5.86081215e-01,  4.68356865e-01,  6.64256670e-01, -5.28584104e-02,
        3.49393284e-01, -8.88208110e-02, -2.09177315e-01,  1.14880241e+00,
        2.35171130e-01,  1.42852347e-01,  1.67822806e+00,  2.46143440e-01,
        2.98239875e-01,  1.65477127e-01,  5.16242621e-01,  3.86126390e-01,
        3.44654470e-01,  9.19272281e-02,  5.37662240e-01,  1.46365537e+00,
       -3.22089224e-01,  5.80718660e-02, -8.40707738e-01,  6.40701699e-01,
        2.38733492e-01,  9.48337078e-02,  1.24970402e+00, -9.26695189e-01,
       -1.38278627e-01,  4.30353613e-01,  5.94902086e-01, -2.61044764e-01,
        3.00874504e+00, -8.10232451e-01,  1.60953796e-01,  3.08236164e-01,
        1.20530142e-01,  1.03501155e+00, -4.20690702e-01, -7.85346866e-01,
       -2.39036051e-01,  6.20579264e-02,  3.86539370e-01, -7.90316902e-02,
       -3.59441629e-02,  7.86764561e-02,  9.94737449e-01,  1.24807534e+00,
        3.04646851e-01, -1.52296455e+00]), 'fs_0 - beta_shared': array([-1.67295554e-03, -9.11473432e-05, -2.64313779e-04, -8.04007711e-04,
        3.14137505e-04,  1.34780742e-05]), 'fs_0 - beta_sigma(p=7,n=3)_log__': array([-8.73634489, -8.73767713, -8.72568271, -8.73894882, -8.71595608,
       -8.72929567]), 'fs_0 - beta_z_offset(p=7,n=3)': array([[-1.76970152e-03, -7.25413490e-04,  1.58274586e-04,
        -7.27446667e-04,  5.37342839e-04,  5.51404252e-04],
       [-2.32383166e-04,  1.81992241e-03, -1.83061274e-03,
         3.21870502e-03, -1.95466848e-03, -1.19003609e-05],
       [-8.12265739e-03,  2.56807182e-03, -3.99676700e-03,
        -1.70441766e-03, -4.19164953e-04, -1.16866273e-03],
       ...,
       [ 2.86027250e-03,  7.07289838e-03, -3.75894410e-03,
         3.70532564e-03, -2.98430577e-03, -2.28752273e-03],
       [ 4.31870184e-04, -9.91152957e-04, -4.07498202e-05,
        -2.12576827e-04, -3.65152102e-04, -8.82791150e-04],
       [ 1.50789609e-01,  1.29964132e-02,  2.64358145e-02,
         6.70812852e-02, -2.45319955e-02,  2.06279495e-04]]), 'fs_1 - beta_shared': array([ 0.01004535, -0.00987436, -0.02747139,  0.00230211, -0.03408683,
        0.00121799, -0.00395265,  0.0051022 , -0.00216292,  0.0039884 ,
        0.00253951,  0.00177061,  0.00195557, -0.0007658 ,  0.00136782,
       -0.00467644, -0.00197638, -0.00229128, -0.00838777,  0.02169684]), 'fs_1 - beta_sigma(p=365.25,n=10)_log__': array([-7.17880373, -8.5657362 , -4.35696422, -8.46689699, -4.1978143 ,
       -7.48934961, -6.72205186, -5.00558683, -8.25101338, -5.31455562,
       -8.26151681, -7.84001244, -7.08798535, -8.37191754, -7.79359522,
       -8.43806072, -8.53110139, -8.20080171, -7.80671015, -5.45140354]), 'fs_1 - beta_z_offset(p=365.25,n=10)': array([[ 5.12365175e-03,  8.42785991e-03,  1.16155383e-01, ...,
        -2.38861997e-02,  1.44516737e-03, -7.04445702e-02],
       [-1.04479082e-02,  7.18925343e-03, -1.18732826e-01, ...,
        -6.56192234e-02,  2.28155140e-02, -2.34712349e-01],
       [-7.97722500e-04, -5.95010423e-03,  6.27636650e-02, ...,
         5.35156416e-03, -2.45595914e-02,  6.26107692e-02],
       ...,
       [-1.72879871e-01, -1.12613823e-02, -2.72110685e+00, ...,
         3.67915452e-02,  5.93389850e-03,  1.56291402e-01],
       [-1.44544075e-02,  1.02427221e-02, -1.47163668e-01, ...,
        -2.20912512e-02, -2.62842920e-02, -1.07981161e-01],
       [ 8.20772894e-01,  3.27495315e-01,  1.92534369e+00, ...,
        -1.86461344e-01,  1.24974929e+00, -4.34895849e+00]]), 'sigma_log__': array(-3.36256105), 'lt_0 - slope_sigma': array(3.0529574), 'fs_0 - beta_sigma(p=7,n=3)': array([0.00016064, 0.00016043, 0.00016236, 0.00016022, 0.00016395,
       0.00016178]), 'fs_1 - beta_sigma(p=365.25,n=10)': array([0.00076258, 0.00019052, 0.01281724, 0.00021032, 0.01502839,
       0.00055901, 0.00120407, 0.00670041, 0.00026099, 0.00491946,
       0.00025827, 0.00039366, 0.00083508, 0.00023127, 0.00041237,
       0.00021647, 0.00019724, 0.00027443, 0.00040699, 0.00429028]), 'sigma': array(0.03464641), 'lt_0 - slope': array([ 0.74848935,  0.65190228,  0.67852226,  0.16502969,  0.82564357,
        0.34118478,  0.78069649,  0.63565399,  0.40887341,  0.81600057,
        0.94647126, -0.24472463,  1.51931494,  1.7362739 ,  1.10103204,
        0.62743671,  0.47791874,  0.53234044,  0.51696898,  0.17630746,
        1.18283276,  0.84615974,  0.34997458,  1.14208988,  0.54699028,
        0.688644  ,  0.71080068,  0.58110186,  0.23744796,  0.79554028,
       -0.21526911,  0.69910513,  0.11930351,  0.1986695 ,  0.8165869 ,
        1.02849995,  0.30583677, -0.03351719,  0.88576078,  0.67951139,
       -0.3112433 ,  0.35740976,  1.7716217 ,  0.9347498 ,  0.98675909,
        0.98793548,  1.85076588, -0.11713351,  0.91864427,  0.09333981,
       -0.2830032 ,  1.09817287,  0.72574744,  0.84278243,  0.13917767,
        0.6966312 ,  0.73243408,  0.05782286,  0.30275677,  0.13391383,
        0.40811777,  0.72842986,  1.07553779,  0.9123648 , -0.41316343,
        0.82011029, -0.32049747,  1.2051381 ,  0.7116461 ,  0.71555645,
        1.10839841,  0.64940123, -0.48197816,  1.12586121,  0.67504789,
        0.70298859,  0.21505449,  0.35636314, -0.79109739, -0.07260347,
        1.22436893,  1.32961151,  0.69541807,  1.11895752,  1.15974142,
        1.20616185,  1.35153135, -0.30263995,  0.83591949,  0.98810465,
        0.08658019,  1.08820284,  1.78213953,  1.19586407,  1.61952753,
        0.07408657,  0.77005868, -0.77573064,  0.75914767,  1.76567424,
        0.62413921,  0.02789158,  0.59634065,  0.22340491,  0.76898103,
        0.62823187,  1.3037688 ,  0.86658483,  1.44497366,  0.71890428,
        0.45546333,  1.24901928,  0.19436639,  1.69887034,  0.87273483,
        0.01751364,  0.60323387,  0.1137425 ,  1.76447547,  1.55042007,
        0.63768757,  1.38800678,  1.59081624,  1.55870821,  1.86062772,
        0.57658325, -1.72914208,  1.17493216, -0.23941975,  0.56369677,
        0.16730245,  0.66433567,  1.90622215,  0.71070016,  1.49239796,
        1.37567005,  0.42254825,  0.83230134,  0.15649583,  1.19368268,
        0.9210413 ,  1.58842791,  0.74154415,  0.82213735,  1.63946958,
        0.02344368,  1.54197044,  1.20583186,  1.78522203,  0.84955866,
        0.14761548,  1.3065335 ,  0.29892115,  0.54674756,  1.47558   ,
       -1.15530376,  0.14582849,  1.54062402,  0.55558163,  0.71330216,
       -0.14380057,  0.48805401,  0.34181724,  1.35802894, -0.45152343,
       -0.30636768,  0.74077266,  0.92444115,  0.31067299,  1.11750892,
        0.45335494,  1.06839981,  0.10291418,  0.90046729,  0.9261874 ,
        0.98707013,  0.02916584,  0.86473977,  0.12260137,  1.37392323,
        0.01348576,  1.1753394 , -0.21720852,  0.62453664,  1.16374573,
        0.72047374, -0.72650184,  0.53160338,  1.03774004, -0.06923156,
        0.39846264,  1.13347489,  0.7326181 , -0.27136142,  1.8081576 ,
        1.11947424,  0.49220693,  1.38560004,  1.0528438 ,  0.70104375,
        0.93915833,  1.17436324,  0.79976168,  0.96820368,  0.3727111 ,
       -0.95682023,  0.43972672,  0.88637618,  0.37392734,  0.78777502,
        0.58529628,  0.57174945,  1.00650669,  1.41119678,  0.78896147,
        1.0511052 ,  0.27341052,  0.43490509,  0.93610292,  1.09503132,
        1.2375726 ,  1.2076405 , -0.04908578,  0.44835395,  1.57225803,
        0.28748613, -0.18852663,  1.27290842,  1.42851354,  1.0856996 ,
        1.56740139, -0.80900508, -0.13101162,  1.24105635,  1.1935917 ,
        0.9793119 ,  0.09330038,  0.68136154,  0.01554439,  0.54108133,
        0.8893936 ,  0.72650816,  0.54408571,  0.68903176,  0.9663806 ,
       -0.79014852,  1.78811243,  0.62706785,  0.70458932,  1.05231292,
        0.06404882,  1.00491938,  0.17306349,  0.1954022 ,  0.49188981,
        1.28753794,  0.45925253,  0.37522638,  1.45762316,  0.64360497,
        0.29485481,  0.21142207,  0.6604139 ,  1.1132184 ,  0.0463495 ,
        1.10085527,  0.25098784,  0.33884159,  1.39673194,  1.32794846,
        0.05436706,  1.14615214,  1.0061533 ,  0.3652804 ,  1.50077442,
       -0.1482862 , -0.88607893,  0.873275  , -0.42137523,  0.98507702,
        0.93107132,  0.58942573,  0.40712803,  0.74970332, -0.62653433,
       -0.21319082,  1.42832399,  1.84583251,  2.32361525, -0.26500139,
        1.69254044,  0.64603808,  1.17241367, -0.01020406, -0.63868143,
        0.73400954, -0.18486285, -0.46867911,  0.06450348,  0.94452854,
        0.43076178,  0.90856554,  0.17002445,  0.33247758,  0.18086545,
        1.99916299,  0.71388929,  0.25581686,  1.15093589,  0.74985646,
        0.88889321,  0.68765451, -0.78615839,  0.64189627,  1.19940662,
        1.63250571,  1.1258069 ,  0.80481818, -0.36756979,  1.55347503,
        1.27436821,  0.94252464,  0.37257025, -0.16050674,  0.68145976,
        1.42867825,  0.58263529,  0.12992662,  1.63702815,  0.99367911,
        0.59764052,  1.55899682,  0.90784431, -0.14142084,  1.32930531,
        0.38237168,  0.15889606,  0.31157746,  1.0328453 ,  0.7787826 ,
       -0.76653634,  0.14982903,  1.53417349, -0.36977026, -0.04308681,
        0.04599918, -0.20190809, -0.02594141,  1.15431607,  0.7430525 ,
        1.07751013,  0.48820895,  1.5051281 ,  1.25854741,  0.65843643,
        0.53390889,  0.83712477, -0.32816092,  0.83410782,  0.80895145,
        1.44835296,  0.71857488, -0.11662817,  0.49394361,  0.39036258,
        1.64189638,  1.1395261 ,  0.57674764,  1.0077174 ,  0.60099473,
       -0.17630403,  0.53968618,  1.30855927,  0.47527478, -0.09564092,
        0.33164606,  1.31660897,  1.41549171,  1.72669732,  0.85316675,
        0.67779236,  0.47774999,  0.25965975,  0.70603574,  0.29596324,
        1.34870386,  1.11077913,  1.21091341,  0.86275737,  1.1764066 ,
        1.82898974,  0.68222974,  0.85790026,  0.85622051, -0.07805534,
        2.01185013,  0.54229054,  1.03929087,  0.60382141, -0.0047767 ,
        0.33134319,  0.40590327,  0.22451814,  1.01811132,  0.58389259,
        1.04011526,  1.17567834, -0.28591945,  0.66153841,  0.79257829,
       -0.86382893,  0.70423762,  0.64853972,  0.76621524,  0.41982171,
        0.50348536,  0.5903108 ,  0.8547488 ,  0.36183455, -0.62578514,
        1.27324858,  0.88570327,  1.76489115,  0.22288458,  0.70781169,
        0.85427662, -0.38397704,  1.84543305,  1.06840668,  0.50535822,
        0.2801757 ,  1.23903534, -2.36969055,  1.74594148,  0.77920601,
        0.62919641,  0.81927657, -0.15171915,  1.30050076,  1.71729424,
        1.19951263,  0.88789518,  0.53405321,  1.04347204,  0.98474688,
        0.88104714, -0.16520253, -0.39789999,  0.63649826,  2.46678273]), 'fs_0 - beta(p=7,n=3)': array([[-1.67323983e-03, -9.12637185e-05, -2.64288081e-04,
        -8.04124265e-04,  3.14225602e-04,  1.35672784e-05],
       [-1.67299287e-03, -9.08553801e-05, -2.64611001e-04,
        -8.03492003e-04,  3.13817040e-04,  1.34761490e-05],
       [-1.67426037e-03, -9.07353574e-05, -2.64962702e-04,
        -8.04280797e-04,  3.14068784e-04,  1.32890122e-05],
       ...,
       [-1.67249607e-03, -9.00126657e-05, -2.64924088e-04,
        -8.03414036e-04,  3.13648232e-04,  1.31080071e-05],
       [-1.67288617e-03, -9.13063500e-05, -2.64320395e-04,
        -8.04041771e-04,  3.14077639e-04,  1.33352595e-05],
       [-1.64873271e-03, -8.90623793e-05, -2.60021610e-04,
        -7.93259799e-04,  3.10115513e-04,  1.35114454e-05]]), 'fs_1 - beta(p=365.25,n=10)': array([[ 0.01004926, -0.00987276, -0.02598259, ..., -0.00229784,
        -0.00838718,  0.02139461],
       [ 0.01003739, -0.00987299, -0.02899321, ..., -0.00230929,
        -0.00837848,  0.02068985],
       [ 0.01004474, -0.0098755 , -0.02666693, ..., -0.00228981,
        -0.00839776,  0.02196545],
       ...,
       [ 0.00991352, -0.00987651, -0.06234846, ..., -0.00228118,
        -0.00838535,  0.02236737],
       [ 0.01003433, -0.00987241, -0.02935762, ..., -0.00229734,
        -0.00839846,  0.02123357],
       [ 0.01067126, -0.00981197, -0.0027938 , ..., -0.00234245,
        -0.00787913,  0.00303859]])}"
