,0
0,"{'priors': array([-1.67500709e+01,  2.57804671e+00, -1.06953780e+00,  2.92735011e+00,
       -7.36191781e-01, -2.06332979e+00, -3.21450618e+00, -1.91027882e+00,
       -4.42799069e+00, -1.54219949e+00, -3.04560036e+00, -4.05102823e+00,
       -5.11920726e+00, -4.30297335e+00, -3.06784649e+00, -3.37277685e-01,
       -1.20902021e+01, -8.49511874e+00, -5.46882392e+00,  6.43316123e+00,
        3.45575809e+01,  1.42929747e+01, -1.81770250e+01, -1.39630888e+01,
       -3.19305965e+00,  7.18479516e+00, -4.51390784e+01, -3.44692917e-01,
        2.95134567e+00, -1.88592556e+00,  2.61775625e+00,  1.67535246e+00,
        2.00309230e+00, -8.95414197e-01, -1.10928333e+00,  1.69201535e+00,
       -6.11802982e-01, -2.39391805e+00, -3.58280819e+00,  2.61899875e+00,
       -1.14367959e-01, -1.25939028e+00, -1.11458770e+00,  1.78079464e-02,
       -1.44391554e+00,  2.80800987e+00, -1.59613693e+00,  8.94923809e-01,
       -3.36521066e+00,  5.45561086e+00, -5.95900595e-02,  3.04242725e+00,
        7.22668179e+00,  0.00000000e+00]), 'lt_0 - slope_sigma_log__': array(3.77002153), 'lt_0 - slope_z_offset': array([-1.20532823e-01,  8.31077280e-02,  2.10424601e-01, -5.89590096e-02,
       -2.55638209e-01, -2.26337560e-01,  6.13862848e-02,  1.07741962e-01,
       -2.84569805e-03, -5.45640969e-02,  1.10984419e-01, -1.02269492e-01,
        1.81585150e-01,  1.10946580e-01, -2.40655726e-01, -8.56422661e-03,
       -7.09490140e-02,  1.91529717e-01, -1.12425255e-01,  6.83451597e-02,
       -1.01695570e-01, -9.16880078e-02,  1.73535478e-01, -1.08188725e-01,
        2.63472350e-02, -1.26091793e-01, -5.69531544e-02,  5.86314957e-02,
        6.80279837e-02, -1.22043258e-01, -1.43013276e-01, -1.11146543e-02,
        1.63301317e-01, -3.04227850e-01,  4.06319298e-02, -1.06972942e-01,
        5.11772552e-02, -1.14183902e-01,  4.76979148e-02, -3.84555604e-02,
        9.78931167e-02,  1.43088143e-02,  1.98347718e-01,  1.27835219e-01,
        2.43161439e-02,  9.67722265e-03,  2.09247443e-01,  5.62190508e-02,
        2.17502220e-01, -2.32834308e-02, -1.31550786e-01, -1.15654533e-01,
        3.44883713e-01, -4.96727560e-02, -2.36383631e-01, -2.07564402e-01,
       -5.36943074e-02, -7.20255691e-02,  1.60649947e-01, -1.54305568e-02,
       -7.57481663e-02, -5.62619201e-02,  1.61729673e-01,  1.82107956e-02,
       -1.74574926e-01,  1.95339160e-02, -1.47131136e-01, -1.23667301e-02,
       -4.67480356e-03, -1.24883144e-01,  4.04750576e-02,  2.24312153e-01,
       -1.67827752e-01,  5.81799315e-02,  4.76412691e-02,  1.78279941e-01,
        3.42433898e-01,  4.25638296e-03, -2.43278214e-01, -1.14120347e-01,
        9.18429707e-02,  1.85751644e-01,  1.07746644e-01, -3.47687374e-02,
        1.13317880e-01,  2.75269102e-03,  1.57895856e-01, -1.22712644e-01,
       -1.90997476e-02, -1.12746335e-02,  1.37276737e-01, -1.09207585e-01,
        1.52536082e-01, -2.58086647e-01,  3.60874178e-02, -1.19199118e-01,
       -2.07576975e-01,  2.61128322e-02,  1.21043198e-01,  1.76229302e-01,
        1.97681988e-02,  1.04448816e-01, -6.45978594e-03, -8.90244322e-02,
        1.25970086e-01,  1.15866691e-01, -6.71516218e-02, -5.33971220e-02,
        9.29452232e-02,  1.55499141e-01, -2.87850543e-02, -2.32083349e-01,
       -1.02012152e-02, -1.28740493e-01, -1.34027143e-01,  2.39335486e-01,
        4.95140818e-02, -1.14017188e-01,  1.10396576e-01, -2.11545117e-01,
       -2.61760697e-02,  2.35115647e-02, -6.20891116e-03,  1.20580157e-01,
        4.86394793e-02, -4.46838790e-02, -2.28950396e-01,  1.41725160e-03,
        1.19706394e-01, -3.06619123e-02, -8.70456524e-02,  1.08538291e-01,
        1.90584632e-01,  9.44366418e-02,  1.88132322e-01, -7.02933671e-02,
       -8.93725286e-02, -1.01252384e-01,  1.20017004e-01,  1.62977792e-01,
        9.24741214e-02,  1.34735733e-01,  9.17086257e-02, -1.57676839e-01,
       -2.78201433e-02, -2.88665380e-01,  1.66929484e-01,  1.94787694e-03,
       -1.20334311e-02,  1.83827257e-01,  2.27672753e-01,  2.02176837e-01,
        4.33689780e-02,  1.56533785e-01, -5.29475916e-02, -1.34672034e-01,
       -1.18196587e-01, -2.09286354e-02, -1.86068135e-02,  2.19733528e-01,
       -7.94155853e-02, -7.53297584e-02, -3.44895993e-01,  1.17869043e-01,
        4.02106740e-02,  1.98994212e-02,  9.99869092e-03,  9.11531566e-02,
       -1.35756550e-01,  7.06567738e-02, -1.76762562e-02, -1.44714810e-02,
        1.15509307e-01,  7.62160624e-02,  7.53857166e-02,  1.40785593e-02,
        2.45168280e-01, -1.33769396e-01, -1.45805588e-01,  3.99891137e-02,
       -4.44073464e-02, -8.77820082e-03, -5.16358957e-02, -6.16951629e-02,
       -1.59709011e-01,  1.44647131e-01, -2.48523163e-02,  5.80684745e-02,
        1.45357978e-02, -9.28475741e-02,  8.45804863e-02, -1.34356669e-02,
       -8.03139627e-02,  2.28831214e-01, -3.02270513e-02, -1.84851751e-01,
        1.56264407e-01,  8.31522065e-02, -6.21157357e-02,  1.06712622e-01,
        2.32350973e-01,  2.96663352e-02, -2.24090643e-03, -3.12595201e-01,
        1.51392364e-01,  1.90473534e-01, -2.01547802e-01, -1.78061815e-01,
        4.80201101e-02, -4.92445051e-02, -2.22466169e-03,  1.17867773e-01,
       -4.69328324e-02,  4.98236495e-02, -1.68749915e-02, -1.78730213e-01,
       -5.00571239e-03, -8.78855569e-02, -1.74337229e-02,  1.42096367e-01,
        2.02986034e-03,  8.41702902e-02, -9.07316245e-02,  1.75063562e-01,
       -1.16285317e-01,  1.95837525e-01, -2.04317507e-02,  9.65107147e-02,
        7.13485894e-02,  5.38933669e-02, -1.29010191e-01, -6.38903839e-02,
        7.32967700e-02,  2.68802300e-02, -1.22369413e-04,  1.92619721e-01,
       -1.39239692e-01,  4.56166851e-02, -4.96421217e-02, -6.74198839e-02,
       -5.54824870e-02, -1.94027494e-02,  8.16146680e-02,  1.44653477e-01,
       -1.93871474e-01,  1.98046964e-02,  1.50545714e-01, -5.04337340e-02,
       -8.18266831e-02,  2.27658187e-01, -2.43260782e-01,  1.00068772e-02,
        2.00652988e-02,  3.21329227e-02,  1.70586735e-01,  3.79352744e-02,
        2.21258703e-01,  1.39575880e-01,  1.40551612e-01, -1.84146689e-01,
       -9.51955825e-02,  9.72726613e-02, -6.37577439e-02, -1.82706742e-01,
        5.67528696e-02,  1.58584735e-01,  6.88375883e-02,  1.14788910e-01,
        5.35416321e-02,  1.39620018e-01, -5.94107915e-02,  9.24064897e-03,
       -4.71974401e-02,  1.53077231e-01, -3.10745993e-01, -1.48993352e-01,
       -1.32800869e-01, -2.20173040e-01, -7.39651254e-02,  5.96021229e-02,
        3.23159790e-01, -5.88762382e-02, -1.60206640e-01, -1.05152469e-01,
        8.62610917e-02,  1.33945137e-01,  3.99389516e-03, -1.21851366e-02,
       -3.70847845e-02,  2.13089690e-01,  2.08460890e-01,  1.08686617e-01,
       -2.03845657e-02, -2.00630844e-02, -3.59387501e-01, -3.21839705e-03,
        1.13292479e-01, -1.11940107e-01, -5.44950477e-02,  3.78811748e-01,
        2.35185044e-01,  7.04176889e-02, -1.52697506e-02, -7.53751828e-02,
        9.87766033e-02, -7.00518728e-02,  2.26350263e-02, -1.36895910e-02,
       -2.20152565e-02,  1.61761568e-01,  8.19617046e-02,  2.35073556e-01,
        1.25470844e-01, -1.77953204e-01,  1.21840450e-01,  7.27684175e-02,
       -2.46252198e-02, -9.58708044e-02, -6.67082649e-02,  1.30333824e-01,
       -4.95103531e-02,  7.90137498e-02, -1.26728690e-02,  7.90470223e-02,
        3.19957744e-02, -7.38596079e-02, -1.44282906e-01,  1.56209582e-01,
        1.74690189e-01, -1.50129000e-01,  1.49352322e-01, -1.37158248e-01,
       -1.36775899e-01,  1.86091012e-01,  9.94843574e-02, -4.20862565e-02,
       -2.56427276e-02, -1.78461955e-01, -1.25437270e-01, -4.11343688e-01,
        2.18087287e-01,  1.00799440e-01, -8.55056656e-02, -1.25897356e-01,
       -3.35904901e-02, -1.84478435e-01, -7.11629492e-02, -3.51939860e-02,
       -1.29744349e-01,  3.09213523e-02,  7.79181121e-03, -3.58937762e-02,
        1.08639947e-01, -9.49378271e-02, -4.93216663e-02,  1.37298198e-01,
       -2.31449583e-01, -3.35480206e-02, -1.09195528e-01,  2.25363419e-01,
       -1.20185992e-01,  3.54346575e-02,  2.88454736e-02, -2.30283422e-02,
        1.22238004e-01,  1.21150457e-01, -1.30426838e-01, -4.49201978e-03,
        3.34041417e-02, -1.13657769e-01,  1.15520724e-02,  2.55800728e-01,
       -3.07796309e-03, -1.30882975e-01, -6.80193435e-02,  4.63384982e-02,
        2.58490984e-01,  1.63313464e-02,  3.01109568e-01,  4.21646771e-02,
       -1.60469978e-01,  7.83911501e-02,  4.28366628e-02, -1.09197987e-01,
        1.11686845e-02,  3.95159941e-02,  1.63451979e-01, -7.75991778e-02,
        1.74526226e-01,  9.48179226e-03, -6.98415568e-02,  3.73442235e-02,
       -3.97240252e-02, -3.28402893e-02,  1.58549343e-01, -2.07513750e-01,
        1.49382121e-02,  7.29429438e-02, -4.97040738e-02,  2.79713564e-01,
        2.14169836e-01,  5.93372086e-02,  1.26462119e-01, -4.87108180e-02,
        7.92327623e-02,  6.22419435e-02, -9.70126221e-02,  1.72440072e-02,
        1.28461055e-01, -2.56705714e-02, -6.44797200e-02,  5.44519669e-02,
        6.19746076e-03, -1.22397876e-02,  1.49480040e-01,  1.74191379e-02,
        1.27314781e-01,  1.93391685e-01, -1.49593546e-01, -3.47674860e-01,
       -3.88740390e-01,  3.51946994e-03,  3.90010019e-03, -6.20684822e-02,
       -6.43361895e-02,  8.78624477e-02,  1.91882640e-01,  9.85649315e-02,
       -8.70132161e-02, -6.61120291e-02,  1.54805254e-01, -2.66395127e-01,
       -8.41601474e-02,  5.31556038e-02, -5.10378025e-02,  3.31794410e-02,
       -4.86974006e-02, -5.40741027e-01,  1.47802501e-01,  2.08349004e-03,
        7.45164824e-02, -2.64167321e-03,  2.62073122e-02, -1.24329698e-01,
       -6.78459592e-02, -3.87896104e-01, -7.99521634e-02, -1.11388847e-01,
        2.98641884e-02]), 'lt_0 - intercept': array([ 5.68910612e+00, -3.09087464e+00, -8.61267096e+00,  2.99502570e+00,
        1.15125838e+01,  1.02516878e+01, -2.14093978e+00, -4.15331852e+00,
        6.07506300e-01,  2.86354312e+00, -4.29626709e+00,  4.88890368e+00,
       -7.35613301e+00, -4.28111621e+00,  1.08627792e+01,  8.69112617e-01,
        3.57565099e+00, -7.78056344e+00,  5.35779619e+00, -2.43714418e+00,
        4.84407606e+00,  4.42437129e+00, -6.98966926e+00,  5.14021935e+00,
       -6.26646389e-01,  5.88593183e+00,  2.96838798e+00, -2.11096474e+00,
       -2.43776279e+00,  5.72712457e+00,  6.66074409e+00,  9.78198689e-01,
       -6.55702477e+00,  1.35948820e+01, -1.24599846e+00,  5.12329163e+00,
       -1.72017788e+00,  5.32851377e+00, -1.56555370e+00,  2.16395329e+00,
       -3.72984867e+00, -1.02768646e-01, -8.07568372e+00, -5.01635467e+00,
       -5.61747597e-01,  8.59410071e-02, -8.56159440e+00, -1.91831680e+00,
       -8.88518743e+00,  1.50759859e+00,  6.16834531e+00,  5.45384291e+00,
       -1.44541881e+01,  2.64131107e+00,  1.06347049e+01,  9.30626899e+00,
        2.82955302e+00,  3.59524529e+00, -6.45429930e+00,  1.15063431e+00,
        3.74469205e+00,  2.89042819e+00, -6.48630850e+00, -2.73480844e-01,
        7.95906416e+00, -3.30859091e-01,  6.82815914e+00,  1.04703359e+00,
        7.19950522e-01,  5.85166906e+00, -1.23966636e+00, -9.19050680e+00,
        7.72640766e+00, -2.00126334e+00, -1.53985261e+00, -7.19374080e+00,
       -1.43508244e+01,  2.81671648e-01,  1.09446503e+01,  5.39954831e+00,
       -3.45330908e+00, -7.52242197e+00, -4.14124126e+00,  1.98134885e+00,
       -4.38204446e+00,  3.91348765e-01, -6.32072026e+00,  5.75464923e+00,
        1.30633635e+00,  1.00311478e+00, -5.40716539e+00,  5.21846992e+00,
       -6.08083418e+00,  1.15900388e+01, -1.06461932e+00,  5.57909432e+00,
        9.44865043e+00, -7.01350378e-01, -4.73323367e+00, -7.09538335e+00,
       -3.27045522e-01, -4.01919658e+00,  7.81438282e-01,  4.30465757e+00,
       -4.92831372e+00, -4.51329713e+00,  3.39546074e+00,  2.75793039e+00,
       -3.52148016e+00, -6.21221382e+00,  1.67155878e+00,  1.04831354e+01,
        9.24828876e-01,  6.06112280e+00,  6.28384641e+00, -9.85579613e+00,
       -1.62129894e+00,  5.38015928e+00, -4.28716559e+00,  9.60354098e+00,
        1.63099336e+00, -5.22849472e-01,  7.75615613e-01, -4.70480963e+00,
       -1.59935873e+00,  2.44236668e+00,  1.02648401e+01,  4.41891230e-01,
       -4.72418242e+00,  1.82614782e+00,  4.26189542e+00, -4.19280050e+00,
       -7.72045991e+00, -3.57104738e+00, -7.62747352e+00,  3.52305834e+00,
        4.34851749e+00,  4.84337950e+00, -4.73770644e+00, -6.53091111e+00,
       -3.48881334e+00, -5.31318186e+00, -3.43910655e+00,  7.25745516e+00,
        1.70029215e+00,  1.27887271e+01, -6.71650163e+00,  4.08169676e-01,
        1.00460007e+00, -7.43184282e+00, -9.35923280e+00, -8.22736002e+00,
       -1.36927141e+00, -6.31339981e+00,  2.78965443e+00,  6.06381353e+00,
        5.59438026e+00,  1.40020356e+00,  1.28467833e+00, -8.99244029e+00,
        3.93201355e+00,  3.72477767e+00,  1.53316871e+01, -4.59021987e+00,
       -1.27881695e+00, -3.82169915e-01,  7.90121956e-02, -3.46684723e+00,
        6.35070909e+00, -2.52849688e+00,  1.27260809e+00,  1.10629771e+00,
       -4.51147113e+00, -2.78213356e+00, -2.74843893e+00, -9.98787912e-02,
       -1.01844872e+01,  6.19038655e+00,  6.77629202e+00, -1.21005543e+00,
        2.39623711e+00,  8.77730349e-01,  2.74040420e+00,  3.11855479e+00,
        7.38842618e+00, -5.73736801e+00,  1.52892934e+00, -2.00016379e+00,
       -1.18379288e-01,  4.47617194e+00, -3.16116128e+00,  1.09406334e+00,
        3.94901353e+00, -9.40699557e+00,  1.82177083e+00,  8.42046043e+00,
       -6.24793011e+00, -3.06115988e+00,  3.13830468e+00, -4.09516945e+00,
       -9.55140426e+00, -7.84238675e-01,  6.01253140e-01,  1.39086130e+01,
       -6.12078198e+00, -7.77039053e+00,  9.16706595e+00,  8.16787330e+00,
       -1.56390966e+00,  2.58451082e+00,  6.04419265e-01, -4.60553920e+00,
        2.50845321e+00, -1.64123914e+00,  1.21846912e+00,  8.19759109e+00,
        6.97192316e-01,  4.28619492e+00,  1.26694960e+00, -5.64336495e+00,
        4.34034846e-01, -3.17184507e+00,  4.41560386e+00, -7.04443448e+00,
        5.51108421e+00, -7.97329524e+00,  1.38368203e+00, -3.67750974e+00,
       -2.59138124e+00, -1.81608938e+00,  6.00862120e+00,  3.23061671e+00,
       -2.65109890e+00, -6.50361112e-01,  5.22624958e-01, -7.83731784e+00,
        6.48738259e+00, -1.47845079e+00,  2.64726892e+00,  3.41458315e+00,
        2.88247059e+00,  1.35781109e+00, -3.02847190e+00, -5.73099272e+00,
        8.83480219e+00, -3.53129529e-01, -6.00370000e+00,  2.66048371e+00,
        3.99458219e+00, -9.35651284e+00,  1.09501529e+01,  1.15334496e-02,
       -3.72453852e-01, -8.67348439e-01, -6.85831137e+00, -1.14893649e+00,
       -9.07349176e+00, -5.52242151e+00, -5.59009338e+00,  8.40632239e+00,
        4.61485350e+00, -3.72396836e+00,  3.25662013e+00,  8.36030486e+00,
       -1.94864002e+00, -6.39265215e+00, -2.46632282e+00, -4.43832389e+00,
       -1.79953549e+00, -5.54345926e+00,  3.08170007e+00,  9.82214369e-02,
        2.51455973e+00, -6.11571366e+00,  1.38749888e+01,  6.88322862e+00,
        6.22795898e+00,  9.96859335e+00,  3.68212863e+00, -2.06443761e+00,
       -1.34824467e+01,  3.04825773e+00,  7.38654619e+00,  4.96984291e+00,
       -3.21439493e+00, -5.26759818e+00,  3.25954753e-01,  8.81105038e-01,
        2.03886471e+00, -8.73883800e+00, -8.53643518e+00, -4.18179993e+00,
        1.35141281e+00,  1.36191489e+00,  1.59459062e+01,  6.32586099e-01,
       -4.40905037e+00,  5.33345658e+00,  2.83491504e+00, -1.59642108e+01,
       -9.65008767e+00, -2.52575067e+00,  1.14474551e+00,  3.73254358e+00,
       -3.73891848e+00,  3.50621439e+00, -5.13252854e-01,  1.10669345e+00,
        1.44988489e+00, -6.47139625e+00, -3.04344833e+00, -9.69191697e+00,
       -4.92924507e+00,  8.17143684e+00, -4.75054620e+00, -2.62399498e+00,
        1.56600187e+00,  4.60724538e+00,  3.35621002e+00, -5.11982172e+00,
        2.65030642e+00, -2.92402140e+00,  1.03545091e+00, -2.91380441e+00,
       -8.56645588e-01,  3.69613286e+00,  6.69515706e+00, -6.23597060e+00,
       -7.05203661e+00,  6.90477754e+00, -5.95147052e+00,  6.41603973e+00,
        6.38918741e+00, -7.53825186e+00, -3.78866386e+00,  2.32882616e+00,
        1.55448378e+00,  8.15006666e+00,  5.89455524e+00,  1.80570779e+01,
       -8.94341717e+00, -3.84768010e+00,  4.17057708e+00,  5.92035134e+00,
        1.94326370e+00,  8.43889023e+00,  3.51942196e+00,  2.01707869e+00,
        6.07213916e+00, -8.33400122e-01,  1.57148466e-01,  2.02609902e+00,
       -4.17927972e+00,  4.52999724e+00,  2.60561533e+00, -5.43452035e+00,
        1.04623592e+01,  1.94279816e+00,  5.19127087e+00, -9.23162050e+00,
        5.67443617e+00, -1.01594192e+00, -7.38311680e-01,  1.49578662e+00,
       -4.77193805e+00, -4.72690081e+00,  6.11524220e+00,  6.88056705e-01,
       -9.19485917e-01,  5.39425480e+00, -6.28805835e-03, -1.05815271e+01,
        6.49281550e-01,  6.08326085e+00,  3.42949810e+00, -1.48519122e+00,
       -1.06778271e+01, -1.82719415e-01, -1.26063279e+01, -1.31900274e+00,
        7.39294477e+00, -2.86111272e+00, -1.33892226e+00,  5.20682272e+00,
        3.37466478e-02, -1.20490507e+00, -6.57094563e+00,  3.84483050e+00,
       -7.04511951e+00,  7.93549548e-02,  3.51049844e+00, -1.09351476e+00,
        2.21936914e+00,  1.88169934e+00, -6.37376573e+00,  9.38833446e+00,
       -1.42394401e-01, -2.64904504e+00,  2.64379457e+00, -1.16703359e+01,
       -8.76377813e+00, -2.06801616e+00, -4.96627438e+00,  2.61043690e+00,
       -2.90485615e+00, -2.17197759e+00,  4.67905801e+00, -2.56740054e-01,
       -5.03472310e+00,  1.50053718e+00,  3.29256663e+00, -1.84012359e+00,
        2.45571225e-01,  9.96961503e-01, -5.96985045e+00, -2.34488888e-01,
       -5.00862626e+00, -7.87213611e+00,  6.93092743e+00,  1.54184826e+01,
        1.71164734e+01,  3.70462129e-01,  3.31669300e-01,  3.17580203e+00,
        3.28032407e+00, -3.30266604e+00, -7.79510762e+00, -3.73586203e+00,
        4.26489494e+00,  3.33768217e+00, -6.18432647e+00,  1.19144936e+01,
        4.12915224e+00, -1.78425843e+00,  2.71165030e+00, -9.40733918e-01,
        2.60707806e+00,  2.37344066e+01, -5.87483701e+00,  4.01578523e-01,
       -2.71864053e+00,  6.05535936e-01, -6.43596205e-01,  5.85842775e+00,
        3.43702497e+00,  1.71198390e+01,  3.94344699e+00,  5.30029877e+00,
       -8.67528686e-01]), 'fs_0 - beta_sigma(p=7,n=3)_log__': array([-11.98653078, -11.99477038, -11.98134147, -11.99959296,
       -11.99724685, -11.96000426]), 'fs_0 - beta_z_offset(p=7,n=3)': array([[-2.45981388e-04,  4.93991931e-04, -3.12125299e-04,
         1.60663824e-04, -9.97086048e-05, -4.95940036e-05],
       [-5.50427891e-04,  2.19185943e-04,  2.08582430e-04,
        -1.50610105e-04,  4.22762060e-04,  6.41485314e-04],
       [ 3.63343024e-04, -7.79518895e-05,  3.67162115e-04,
         4.64998456e-06,  2.29878196e-04,  3.02405836e-04],
       ...,
       [-6.61421319e-04,  9.49172673e-04, -5.17956372e-04,
         2.29638959e-04, -7.57396866e-05,  1.18724880e-04],
       [ 4.75481585e-04,  4.34543519e-04,  6.18496273e-05,
         1.76569398e-04,  3.93369585e-05,  8.32474287e-05],
       [-8.41654711e-03, -1.39432075e-02,  5.08340383e-03,
        -1.02545653e-02,  5.34937879e-03, -8.82967977e-04]]), 'fs_1 - beta_sigma(p=365.25,n=10)_log__': array([-11.95025692, -11.7964254 , -11.93569947, -11.79122547,
       -11.77935964, -11.9270897 , -11.82797937, -11.8897583 ,
       -11.97005535, -11.92223966, -11.96105974, -11.90153436,
       -11.93699228, -11.99685121, -11.93769085, -11.96678377,
       -11.96605958, -11.93986013, -11.93188925, -11.88877762]), 'fs_1 - beta_z_offset(p=365.25,n=10)': array([[ 4.09387621e-03, -5.84888392e-03,  3.22789030e-03, ...,
         1.22172614e-03, -2.29206863e-03,  2.56817656e-03],
       [-2.59726097e-03,  3.30865973e-03, -1.13476231e-03, ...,
        -5.57975224e-03,  3.51722858e-03,  7.81325946e-03],
       [-6.10131796e-03,  9.27408944e-03, -5.78080521e-03, ...,
        -8.69443491e-04,  6.16519674e-05, -3.45972320e-03],
       ...,
       [ 2.85006193e-03, -3.94799476e-03,  1.89047601e-03, ...,
         2.18266282e-03, -2.35090429e-03,  5.60380466e-04],
       [ 3.26619684e-03, -5.88860251e-03,  4.83378370e-03, ...,
         6.33243939e-04, -8.15515119e-04,  2.54875324e-03],
       [-5.36522502e-03,  1.12747992e-03,  2.06450076e-02, ...,
         1.33071758e-02, -5.21178296e-02, -1.74176920e-01]]), 'sigma_log__': array(-3.1776818), 'lt_0 - slope_sigma': array(43.38099896), 'fs_0 - beta_sigma(p=7,n=3)': array([6.22752993e-06, 6.17642844e-06, 6.25993054e-06, 6.14671379e-06,
       6.16115160e-06, 6.39493518e-06]), 'fs_1 - beta_sigma(p=365.25,n=10)': array([6.45757356e-06, 7.53143169e-06, 6.55226694e-06, 7.57069662e-06,
       7.66106431e-06, 6.60892403e-06, 7.29749537e-06, 6.86030744e-06,
       6.33098105e-06, 6.64105540e-06, 6.38818899e-06, 6.77999387e-06,
       6.54380156e-06, 6.16358966e-06, 6.53923187e-06, 6.35172725e-06,
       6.35632881e-06, 6.52506180e-06, 6.57728012e-06, 6.86703854e-06]), 'sigma': array(0.04168217), 'prior_lt_0 - slope': array(0.43990222), 'prior_lt_0 - intercept': array(-0.01023882), 'prior_lt_0 - delta': array([-1.35703182e-01, -3.48411062e-02, -8.38043155e-02, -1.03968124e-01,
       -8.27307301e-02, -2.72957641e-02, -9.77712323e-03,  8.70526736e-02,
        5.67137213e-02, -2.44451103e-03, -2.82937331e-02, -1.59616087e-01,
       -8.07825470e-02, -2.04202496e-01, -1.22581495e+00, -1.09696995e+00,
       -7.43097291e-01,  4.37904014e-01,  4.40278457e+00,  2.31626451e+00,
       -2.78393175e+00, -1.76841584e+00,  6.41282281e-01,  1.89036993e+00,
       -2.93326893e+00]), 'prior_fs_0 - beta(p=7,n=3)': array([-0.00286934,  0.00616237,  0.00163025, -0.00167519, -0.00164713,
        0.00180871]), 'prior_fs_1 - beta(p=365.25,n=10)': array([ 0.00628104, -0.01310474, -0.00345371,  0.01118929, -0.00832231,
       -0.00451059,  0.01172726,  0.00335259, -0.00544318,  0.00614733,
       -0.00254483,  0.00148182, -0.00101788, -0.0040908 ,  0.00491992,
       -0.00028223,  0.00045528, -0.00153468,  0.00507306,  0.02027025]), 'prior_sigma': array(0.08801908), 'lt_0 - slope_shared': array(0.43990222), 'lt_0 - slope': array([-4.78893206e+00,  4.04519848e+00,  9.56833163e+00, -2.11779851e+00,
       -1.06499387e+01, -9.37884723e+00,  3.10290058e+00,  5.11385618e+00,
        3.16452997e-01, -1.92714281e+00,  5.25451720e+00, -3.99665052e+00,
        8.31724742e+00,  5.25287570e+00, -9.99998359e+00,  6.83775154e-02,
       -2.63793688e+00,  8.74865268e+00, -4.43721766e+00,  3.40478352e+00,
       -3.97175320e+00, -3.53761515e+00,  7.96804460e+00, -4.25343273e+00,
        1.58287159e+00, -5.03008573e+00, -2.03078251e+00,  2.98339508e+00,
        3.39102411e+00, -4.85445622e+00, -5.76415657e+00, -4.22625851e-02,
        7.52407649e+00, -1.27578058e+01,  2.20255593e+00, -4.20069087e+00,
        2.66002268e+00, -4.51350951e+00,  2.50908541e+00, -1.22833841e+00,
        4.68660341e+00,  1.06063288e+00,  9.04442437e+00,  5.98552171e+00,
        1.49476083e+00,  8.59709807e-01,  9.51726534e+00,  2.87874081e+00,
        9.87536582e+00, -5.70156266e-01, -5.26690228e+00, -4.57730696e+00,
        1.54013022e+01, -1.71495156e+00, -9.81465583e+00, -8.56444890e+00,
       -1.88941047e+00, -2.68463892e+00,  7.40905739e+00, -2.29490747e-01,
       -2.84612890e+00, -2.00079608e+00,  7.45589698e+00,  1.22990473e+00,
       -7.13333247e+00,  1.28730301e+00, -5.94279345e+00, -9.65788841e-02,
        2.37104573e-01, -4.97765334e+00,  2.19575065e+00,  1.01707875e+01,
       -6.84063333e+00,  2.96380577e+00,  2.50662807e+00,  8.17386416e+00,
        1.52950268e+01,  6.24548366e-01, -1.01137497e+01, -4.51075245e+00,
        4.42414204e+00,  8.49799408e+00,  5.11405928e+00, -1.06840034e+00,
        5.35574507e+00,  5.59316708e-01,  7.28958220e+00, -4.88349485e+00,
       -3.88663908e-01, -4.92026436e-02,  6.39510420e+00, -4.29763190e+00,
        7.05706983e+00, -1.07561544e+01,  2.00541045e+00, -4.73107460e+00,
       -8.56499432e+00,  1.57270297e+00,  5.69087705e+00,  8.08490541e+00,
        1.29746643e+00,  4.97099618e+00,  1.59670254e-01, -3.42206658e+00,
        5.90461040e+00,  5.46631503e+00, -2.47320221e+00, -1.87651827e+00,
        4.47195885e+00,  7.18561031e+00, -8.08822190e-01, -9.62810528e+00,
       -2.63668439e-03, -5.14498896e+00, -5.37432915e+00,  1.08225147e+01,
        2.58787255e+00, -4.50627731e+00,  5.22901599e+00, -8.73713630e+00,
       -6.95641831e-01,  1.45985739e+00,  1.70553453e-01,  5.67078990e+00,
        2.54993142e+00, -1.49852909e+00, -9.49219468e+00,  5.01384011e-01,
        5.63288517e+00, -8.90242163e-01, -3.33622513e+00,  5.14840170e+00,
        8.70765396e+00,  4.53665808e+00,  8.60127031e+00, -2.60949426e+00,
       -3.43716735e+00, -3.95252734e+00,  5.64635975e+00,  7.51004166e+00,
        4.45152199e+00,  6.28487290e+00,  4.41831402e+00, -6.40027659e+00,
       -7.66963386e-01, -1.20826903e+01,  7.68147000e+00,  5.24403069e-01,
       -8.21200406e-02,  8.41451227e+00,  1.03165737e+01,  9.21053537e+00,
        2.32129181e+00,  7.23049417e+00, -1.85701720e+00, -5.40230515e+00,
       -4.68758381e+00, -4.68002891e-01, -3.67279937e-01,  9.97216215e+00,
       -3.00522520e+00, -2.82797795e+00, -1.45220305e+01,  5.55317905e+00,
        2.18428143e+00,  1.30315899e+00,  8.73655422e-01,  4.39421721e+00,
       -5.44935253e+00,  3.50506365e+00, -3.26911430e-01, -1.87885080e-01,
        5.45081135e+00,  3.74623115e+00,  3.71020991e+00,  1.05064419e+00,
        1.10755471e+01, -5.36314780e+00, -5.88528983e+00,  2.17466992e+00,
       -1.48653283e+00,  5.90951007e-02, -1.80011452e+00, -2.23649558e+00,
       -6.48843422e+00,  6.71483925e+00, -6.38216086e-01,  2.95897065e+00,
        1.07047965e+00, -3.58791829e+00,  4.10908821e+00, -1.42950429e-01,
       -3.04419771e+00,  1.03668289e+01, -8.71377461e-01, -7.57915141e+00,
        7.21880830e+00,  4.04712800e+00, -2.25474045e+00,  5.06920236e+00,
        1.05195195e+01,  1.72685748e+00,  3.42689462e-01, -1.31207899e+01,
        7.00745419e+00,  8.70283442e+00, -8.30344277e+00, -7.28459719e+00,
        2.52306257e+00, -1.69637361e+00,  3.43394175e-01,  5.55312395e+00,
       -1.59609093e+00,  2.60130191e+00, -2.92151770e-01, -7.31359297e+00,
        2.22749417e-01, -3.37266103e+00, -3.16390094e-01,  6.60418456e+00,
        5.27959590e-01,  4.09129349e+00, -3.49612629e+00,  8.03433444e+00,
       -4.60467101e+00,  8.93552967e+00, -4.46447535e-01,  4.62663344e+00,
        3.53507530e+00,  2.77785031e+00, -5.15668873e+00, -2.33172646e+00,
        3.61958933e+00,  1.60599345e+00,  4.34593714e-01,  8.79593815e+00,
       -5.60045473e+00,  2.41879959e+00, -1.71362261e+00, -2.48483969e+00,
       -1.96698349e+00, -4.01808432e-01,  3.98042805e+00,  6.71511454e+00,
       -7.97043600e+00,  1.29904974e+00,  6.97072568e+00, -1.74796354e+00,
       -3.10982103e+00,  1.03159418e+01, -1.01129935e+01,  8.74010551e-01,
        1.31035493e+00,  1.83386051e+00,  7.84012518e+00,  2.08557232e+00,
        1.00383258e+01,  6.49484332e+00,  6.53717157e+00, -7.54856509e+00,
       -3.68977724e+00,  4.65968744e+00, -2.32597240e+00, -7.48609874e+00,
        2.90189840e+00,  7.31946643e+00,  3.42614557e+00,  5.41955979e+00,
        2.76259171e+00,  6.49675808e+00, -2.13739726e+00,  8.40770805e-01,
       -1.60756988e+00,  7.08054543e+00, -1.30405694e+01, -6.02357823e+00,
       -5.32113214e+00, -9.11142418e+00, -2.76877881e+00,  3.02550185e+00,
        1.44588967e+01, -2.11420781e+00, -6.51002186e+00, -4.12171691e+00,
        4.18199455e+00,  6.25057607e+00,  6.13161383e-01, -8.87011757e-02,
       -1.16887278e+00,  9.68394586e+00,  9.48314387e+00,  5.15483626e+00,
       -4.44400604e-01, -4.30454424e-01, -1.51506866e+01,  3.00284942e-01,
        5.35464315e+00, -4.41617143e+00, -1.92414739e+00,  1.68731343e+01,
        1.06424644e+01,  3.49469191e+00, -2.22514813e-01, -2.82994851e+00,
        4.72492995e+00, -2.59901800e+00,  1.42183227e+00, -1.53965912e-01,
       -5.15141598e-01,  7.45728065e+00,  3.99548284e+00,  1.06376279e+01,
        5.88295277e+00, -7.27988555e+00,  5.72546267e+00,  3.59666887e+00,
       -6.28364414e-01, -3.71906904e+00, -2.45396895e+00,  6.09391372e+00,
       -1.70790635e+00,  3.86759762e+00, -1.09859496e-01,  3.86904101e+00,
        1.82791088e+00, -2.76420135e+00, -5.81923435e+00,  7.21642994e+00,
        8.01813712e+00, -6.07284378e+00,  6.91895516e+00, -5.51015961e+00,
       -5.49357293e+00,  8.51271622e+00,  4.75563303e+00, -1.38584163e+00,
       -6.72504918e-01, -7.30195568e+00, -5.00169185e+00, -1.74045979e+01,
        9.90074659e+00,  4.81268263e+00, -3.26941897e+00, -5.02165087e+00,
       -1.01728680e+00, -7.56295659e+00, -2.64721760e+00, -1.08684805e+00,
       -5.18853724e+00,  1.78130137e+00,  7.77918775e-01, -1.11720565e+00,
        5.15281165e+00, -3.67859556e+00, -1.69972093e+00,  6.39603523e+00,
       -9.60061189e+00, -1.01544442e+00, -4.29710888e+00,  1.02163925e+01,
       -4.77388617e+00,  1.97709306e+00,  1.69124768e+00, -5.59090266e-01,
        5.74270893e+00,  5.69553008e+00, -5.21814430e+00,  2.45033916e-01,
        1.88900726e+00, -4.49068535e+00,  9.41042663e-01,  1.15367933e+01,
        3.06377108e-01, -5.23793197e+00, -2.51084485e+00,  2.45011256e+00,
        1.16534993e+01,  1.14837234e+00,  1.35023361e+01,  2.26904803e+00,
       -6.52144575e+00,  3.84058862e+00,  2.29819945e+00, -4.29721552e+00,
        9.24410910e-01,  2.15414552e+00,  7.53061234e+00, -2.92642763e+00,
        8.01102426e+00,  8.51231841e-01, -2.58989428e+00,  2.05993194e+00,
       -1.28336568e+00, -9.84742337e-01,  7.31793109e+00, -8.56225154e+00,
        1.08793679e+00,  3.60423999e+00, -1.71631015e+00,  1.25741561e+01,
        9.73080364e+00,  3.01400961e+00,  5.92595528e+00, -1.67322172e+00,
        3.87709860e+00,  3.14001991e+00, -3.76860224e+00,  1.18796448e+00,
        6.01267111e+00, -6.73712810e-01, -2.35729244e+00,  2.80208294e+00,
        7.08754260e-01, -9.10719926e-02,  6.92449567e+00,  1.19556183e+00,
        5.96294461e+00,  8.82942670e+00, -6.04961524e+00, -1.46425805e+01,
       -1.64240442e+01,  5.92580343e-01,  6.09092464e-01, -2.25269054e+00,
       -2.35106595e+00,  4.25146297e+00,  8.76396283e+00,  4.71574741e+00,
       -3.33481802e+00, -2.42810365e+00,  7.15550877e+00, -1.11165845e+01,
       -3.21104905e+00,  2.74584542e+00, -1.77416864e+00,  1.87925952e+00,
       -1.67263966e+00, -2.30179837e+01,  6.85172237e+00,  5.30286100e-01,
        3.67250167e+00,  3.25303799e-01,  1.57680160e+00, -4.95364429e+00,
       -2.50332327e+00, -1.63874183e+01, -3.02850250e+00, -4.39225725e+00,
        1.73544055e+00]), 'lt_0 - delta': array([-1.35703182e-01, -3.48411062e-02, -8.38043155e-02, -1.03968124e-01,
       -8.27307301e-02, -2.72957641e-02, -9.77712323e-03,  8.70526736e-02,
        5.67137213e-02, -2.44451103e-03, -2.82937331e-02, -1.59616087e-01,
       -8.07825470e-02, -2.04202496e-01, -1.22581495e+00, -1.09696995e+00,
       -7.43097291e-01,  4.37904014e-01,  4.40278457e+00,  2.31626451e+00,
       -2.78393175e+00, -1.76841584e+00,  6.41282281e-01,  1.89036993e+00,
       -2.93326893e+00]), 'fs_0 - beta_shared': array([-0.00286934,  0.00616237,  0.00163025, -0.00167519, -0.00164713,
        0.00180871]), 'fs_0 - beta(p=7,n=3)': array([[-0.00286934,  0.00616237,  0.00163024, -0.00167519, -0.00164713,
         0.00180871],
       [-0.00286935,  0.00616237,  0.00163025, -0.00167519, -0.00164713,
         0.00180871],
       [-0.00286934,  0.00616237,  0.00163025, -0.00167519, -0.00164713,
         0.00180871],
       ...,
       [-0.00286935,  0.00616238,  0.00163024, -0.00167519, -0.00164713,
         0.00180871],
       [-0.00286934,  0.00616237,  0.00163025, -0.00167519, -0.00164713,
         0.00180871],
       [-0.0028694 ,  0.00616229,  0.00163028, -0.00167525, -0.0016471 ,
         0.0018087 ]]), 'fs_1 - beta_shared': array([ 0.00628104, -0.01310474, -0.00345371,  0.01118929, -0.00832231,
       -0.00451059,  0.01172726,  0.00335259, -0.00544318,  0.00614733,
       -0.00254483,  0.00148182, -0.00101788, -0.0040908 ,  0.00491992,
       -0.00028223,  0.00045528, -0.00153468,  0.00507306,  0.02027025]), 'fs_1 - beta(p=365.25,n=10)': array([[ 0.00628107, -0.01310478, -0.00345369, ..., -0.00153468,
         0.00507305,  0.02027027],
       [ 0.00628102, -0.01310471, -0.00345372, ..., -0.00153472,
         0.00507309,  0.0202703 ],
       [ 0.006281  , -0.01310467, -0.00345375, ..., -0.00153469,
         0.00507306,  0.02027023],
       ...,
       [ 0.00628106, -0.01310477, -0.0034537 , ..., -0.00153467,
         0.00507305,  0.02027025],
       [ 0.00628106, -0.01310478, -0.00345368, ..., -0.00153468,
         0.00507306,  0.02027027],
       [ 0.006281  , -0.01310473, -0.00345357, ..., -0.0015346 ,
         0.00507272,  0.02026905]])}"
